Time (s)	 x(m)	 y(m)	 theta(rad)	 error	 velocidad(m/s)

0.000039	 0.000000	 0.000000	 0.000000	 1.414214	 0.707107
0.010228	 0.000636	 0.000001	 0.002534	 1.413763	 0.706882
0.020386	 0.007564	 0.000113	 0.030123	 1.408795	 0.704397
0.030960	 0.007564	 0.000113	 0.030123	 1.408795	 0.704397
0.040450	 0.014466	 0.000415	 0.057631	 1.403726	 0.701863
0.052627	 0.021967	 0.000959	 0.087577	 1.398081	 0.699041
0.060657	 0.023784	 0.001125	 0.094844	 1.396692	 0.698346
0.070279	 0.024831	 0.001227	 0.099033	 1.395887	 0.697944
0.080390	 0.024831	 0.001227	 0.099033	 1.395887	 0.697944
0.090356	 0.024831	 0.001227	 0.099033	 1.395887	 0.697944
0.100405	 0.024831	 0.001227	 0.099033	 1.395887	 0.697944
0.110256	 0.031075	 0.001925	 0.124048	 1.391032	 0.695516
0.120609	 0.031075	 0.001925	 0.124048	 1.391032	 0.695516
0.130491	 0.031075	 0.001925	 0.124048	 1.391032	 0.695516
0.140350	 0.031075	 0.001925	 0.124048	 1.391032	 0.695516
0.151917	 0.043480	 0.003786	 0.173999	 1.381077	 0.690538
0.160547	 0.043548	 0.003798	 0.174276	 1.381021	 0.690510
0.170422	 0.043548	 0.003798	 0.174276	 1.381021	 0.690510
0.180313	 0.049692	 0.004958	 0.199172	 1.375934	 0.687967
0.190416	 0.049692	 0.004958	 0.199172	 1.375934	 0.687967
0.200343	 0.049692	 0.004958	 0.199172	 1.375934	 0.687967
0.211239	 0.049692	 0.004958	 0.199172	 1.375934	 0.687967
0.220236	 0.061508	 0.007640	 0.247420	 1.365850	 0.682925
0.230215	 0.061508	 0.007640	 0.247420	 1.365850	 0.682925
0.240247	 0.073110	 0.010866	 0.295373	 1.355548	 0.677774
0.251460	 0.079525	 0.012912	 0.322184	 1.349673	 0.674837
0.260366	 0.081450	 0.013563	 0.330278	 1.347884	 0.673942
0.270223	 0.088433	 0.016071	 0.359821	 1.341294	 0.670647
0.280170	 0.095874	 0.019006	 0.391672	 1.334089	 0.667045
0.290188	 0.095874	 0.019006	 0.391672	 1.334089	 0.667045
0.300289	 0.102616	 0.021905	 0.420893	 1.327392	 0.663696
0.310204	 0.109795	 0.025254	 0.452437	 1.320074	 0.660037
0.320219	 0.109795	 0.025254	 0.452437	 1.320074	 0.660037
0.330217	 0.119910	 0.030455	 0.497495	 1.309418	 0.654709
0.340266	 0.119910	 0.030455	 0.497495	 1.309418	 0.654709
0.350629	 0.129369	 0.035852	 0.539554	 1.299069	 0.649534
0.360273	 0.129537	 0.035953	 0.540307	 1.298881	 0.649441
0.370212	 0.136714	 0.040412	 0.571793	 1.290764	 0.645382
0.380287	 0.136714	 0.040412	 0.571793	 1.290764	 0.645382
0.390194	 0.144990	 0.045953	 0.608231	 1.281112	 0.640556
0.400171	 0.144990	 0.045953	 0.608231	 1.281112	 0.640556
0.410202	 0.150941	 0.050213	 0.634274	 1.273969	 0.636985
0.420246	 0.150941	 0.050213	 0.634274	 1.273969	 0.636985
0.430264	 0.156134	 0.054123	 0.656777	 1.267594	 0.633797
0.440269	 0.156134	 0.054123	 0.656777	 1.267594	 0.633797
0.450516	 0.160818	 0.057810	 0.677030	 1.261725	 0.630862
0.462464	 0.162296	 0.059005	 0.683466	 1.259849	 0.629924
0.470261	 0.162296	 0.059005	 0.683466	 1.259849	 0.629924
0.480261	 0.162296	 0.059005	 0.683466	 1.259849	 0.629924
0.490246	 0.172185	 0.067418	 0.726579	 1.246991	 0.623496
0.500280	 0.172185	 0.067418	 0.726579	 1.246991	 0.623496
0.510155	 0.181853	 0.076387	 0.768986	 1.233866	 0.616933
0.520247	 0.183187	 0.077685	 0.774800	 1.232010	 0.616005
0.530166	 0.183187	 0.077685	 0.774800	 1.232010	 0.616005
0.540704	 0.190390	 0.084959	 0.806021	 1.221789	 0.610894
0.552131	 0.195642	 0.090560	 0.829069	 1.214114	 0.607057
0.560283	 0.197286	 0.092367	 0.836233	 1.211672	 0.605836
0.570518	 0.202624	 0.098415	 0.859235	 1.203605	 0.601802
0.580156	 0.204313	 0.100388	 0.866513	 1.201008	 0.600504
0.590600	 0.209688	 0.106864	 0.889653	 1.192596	 0.596298
0.600315	 0.209688	 0.106864	 0.889653	 1.192596	 0.596298
0.610241	 0.214989	 0.113559	 0.912502	 1.184069	 0.592034
0.620207	 0.214989	 0.113559	 0.912502	 1.184069	 0.592034
0.630258	 0.214989	 0.113559	 0.912502	 1.184069	 0.592034
0.640186	 0.224460	 0.126347	 0.954052	 1.168217	 0.584109
0.650674	 0.224528	 0.126444	 0.954358	 1.168100	 0.584050
0.660222	 0.228573	 0.132259	 0.971710	 1.161066	 0.580533
0.670185	 0.228573	 0.132259	 0.971710	 1.161066	 0.580533
0.680302	 0.233293	 0.139324	 0.991979	 1.152651	 0.576325
0.690180	 0.233356	 0.139421	 0.992253	 1.152536	 0.576268
0.700209	 0.236816	 0.144802	 1.006841	 1.146217	 0.573108
0.710191	 0.236816	 0.144802	 1.006841	 1.146217	 0.573108
0.723058	 0.240369	 0.150516	 1.022023	 1.139589	 0.569794
0.730642	 0.242270	 0.153653	 1.030169	 1.135984	 0.567992
0.740507	 0.242270	 0.153653	 1.030169	 1.135984	 0.567992
0.750493	 0.242270	 0.153653	 1.030169	 1.135984	 0.567992
0.760345	 0.242270	 0.153653	 1.030169	 1.135984	 0.567992
0.770480	 0.247647	 0.162848	 1.053137	 1.125548	 0.562774
0.780667	 0.247647	 0.162848	 1.053137	 1.125548	 0.562774
0.790467	 0.247647	 0.162848	 1.053137	 1.125548	 0.562774
0.800301	 0.247647	 0.162848	 1.053137	 1.125548	 0.562774
0.810240	 0.247647	 0.162848	 1.053137	 1.125548	 0.562774
0.820605	 0.251665	 0.170045	 1.070136	 1.117511	 0.558755
0.830320	 0.251665	 0.170045	 1.070136	 1.117511	 0.558755
0.840419	 0.251665	 0.170045	 1.070136	 1.117511	 0.558755
0.850334	 0.251665	 0.170045	 1.070136	 1.117511	 0.558755
0.860394	 0.254673	 0.175626	 1.082793	 1.111353	 0.555676
0.870509	 0.254673	 0.175626	 1.082793	 1.111353	 0.555676
0.880215	 0.254673	 0.175626	 1.082793	 1.111353	 0.555676
0.890148	 0.254673	 0.175626	 1.082793	 1.111353	 0.555676
0.900256	 0.261612	 0.189178	 1.112236	 1.096654	 0.548327
0.910198	 0.264718	 0.195573	 1.125119	 1.089836	 0.544918
0.920306	 0.265283	 0.196761	 1.127429	 1.088578	 0.544289
0.930307	 0.267918	 0.202383	 1.137918	 1.082653	 0.541326
0.942274	 0.270124	 0.207214	 1.146631	 1.077603	 0.538801
0.950667	 0.270391	 0.207806	 1.147684	 1.076987	 0.538493
0.960240	 0.270391	 0.207806	 1.147684	 1.076987	 0.538493
0.970229	 0.274006	 0.215986	 1.161839	 1.068525	 0.534263
0.980554	 0.276494	 0.221804	 1.171575	 1.062568	 0.531284
0.990315	 0.276535	 0.221903	 1.171735	 1.062467	 0.531234
1.000635	 0.279006	 0.227838	 1.181050	 1.056441	 0.528220
1.010233	 0.279006	 0.227838	 1.181050	 1.056441	 0.528220
1.020269	 0.281802	 0.234748	 1.191493	 1.049485	 0.524743
1.030242	 0.281841	 0.234846	 1.191641	 1.049387	 0.524693
1.040243	 0.283786	 0.239776	 1.198694	 1.044463	 0.522231
1.050554	 0.283786	 0.239776	 1.198694	 1.044463	 0.522231
1.060277	 0.285650	 0.244600	 1.205357	 1.039675	 0.519838
1.070215	 0.285650	 0.244600	 1.205357	 1.039675	 0.519838
1.080332	 0.288511	 0.252191	 1.215476	 1.032199	 0.516099
1.093591	 0.289067	 0.253693	 1.217375	 1.030728	 0.515364
1.100255	 0.289067	 0.253693	 1.217375	 1.030728	 0.515364
1.110266	 0.291711	 0.260963	 1.226434	 1.023645	 0.511822
1.120210	 0.291711	 0.260963	 1.226434	 1.023645	 0.511822
1.130154	 0.294122	 0.267771	 1.234434	 1.017066	 0.508533
1.140208	 0.296092	 0.273463	 1.240924	 1.011604	 0.505802
1.151071	 0.297640	 0.278020	 1.245779	 1.007257	 0.503628
1.160657	 0.297769	 0.278403	 1.246181	 1.006892	 0.503446
1.170377	 0.297785	 0.278451	 1.246231	 1.006846	 0.503423
1.180683	 0.299649	 0.284045	 1.251906	 1.001540	 0.500770
1.190508	 0.299649	 0.284045	 1.251906	 1.001540	 0.500770
1.200254	 0.301256	 0.288948	 1.256604	 0.996914	 0.498457
1.210281	 0.301256	 0.288948	 1.256604	 0.996914	 0.498457
1.220659	 0.303017	 0.294415	 1.261681	 0.991784	 0.495892
1.230184	 0.304684	 0.299677	 1.266350	 0.986872	 0.493436
1.240176	 0.304995	 0.300671	 1.267206	 0.985948	 0.492974
1.250212	 0.304995	 0.300671	 1.267206	 0.985948	 0.492974
1.260180	 0.304995	 0.300671	 1.267206	 0.985948	 0.492974
1.271604	 0.309905	 0.316708	 1.280239	 0.971143	 0.485572
1.280185	 0.310637	 0.319165	 1.282216	 0.968895	 0.484448
1.290761	 0.311971	 0.323685	 1.285257	 0.964773	 0.482386
1.300247	 0.312066	 0.324010	 1.285463	 0.964477	 0.482238
1.310221	 0.313619	 0.329334	 1.288705	 0.959641	 0.479821
1.320860	 0.313619	 0.329334	 1.288705	 0.959641	 0.479821
1.330240	 0.315108	 0.334500	 1.291636	 0.954970	 0.477485
1.340187	 0.315108	 0.334500	 1.291636	 0.954970	 0.477485
1.350257	 0.317642	 0.343422	 1.296406	 0.946946	 0.473473
1.360417	 0.317642	 0.343422	 1.296406	 0.946946	 0.473473
1.371747	 0.319635	 0.350548	 1.299739	 0.940577	 0.470288
1.380305	 0.320681	 0.354324	 1.301362	 0.937215	 0.468607
1.390255	 0.320968	 0.355365	 1.301762	 0.936290	 0.468145
1.400573	 0.322729	 0.361779	 1.304099	 0.930604	 0.465302
1.410690	 0.322753	 0.361869	 1.304132	 0.930524	 0.465262
1.423038	 0.322753	 0.361869	 1.304132	 0.930524	 0.465262
1.430754	 0.322753	 0.361869	 1.304132	 0.930524	 0.465262
1.440376	 0.325023	 0.370220	 1.306744	 0.923156	 0.461578
1.450314	 0.325023	 0.370220	 1.306744	 0.923156	 0.461578
1.460339	 0.325023	 0.370220	 1.306744	 0.923156	 0.461578
1.470243	 0.325023	 0.370220	 1.306744	 0.923156	 0.461578
1.480426	 0.325023	 0.370220	 1.306744	 0.923156	 0.461578
1.490483	 0.325903	 0.373482	 1.307625	 0.920289	 0.460144
1.500358	 0.325903	 0.373482	 1.307625	 0.920289	 0.460144
1.510663	 0.325903	 0.373482	 1.307625	 0.920289	 0.460144
1.520327	 0.325903	 0.373482	 1.307625	 0.920289	 0.460144
1.530284	 0.329396	 0.386528	 1.310754	 0.908877	 0.454439
1.540305	 0.329396	 0.386528	 1.310754	 0.908877	 0.454439
1.550269	 0.329396	 0.386528	 1.310754	 0.908877	 0.454439
1.560288	 0.329396	 0.386528	 1.310754	 0.908877	 0.454439
1.572455	 0.331875	 0.395881	 1.312286	 0.900750	 0.450375
1.580330	 0.331875	 0.395881	 1.312286	 0.900750	 0.450375
1.590297	 0.331875	 0.395881	 1.312286	 0.900750	 0.450375
1.600375	 0.331875	 0.395881	 1.312286	 0.900750	 0.450375
1.610488	 0.334928	 0.407453	 1.313257	 0.890748	 0.445374
1.620488	 0.334951	 0.407540	 1.313262	 0.890673	 0.445337
1.630297	 0.334951	 0.407540	 1.313262	 0.890673	 0.445337
1.640520	 0.336927	 0.415042	 1.313182	 0.884218	 0.442109
1.650271	 0.337608	 0.417625	 1.313124	 0.882000	 0.441000
1.660582	 0.337608	 0.417625	 1.313124	 0.882000	 0.441000
1.670385	 0.338935	 0.422657	 1.312688	 0.877685	 0.438843
1.680166	 0.338935	 0.422657	 1.312688	 0.877685	 0.438843
1.690442	 0.340259	 0.427666	 1.312096	 0.873398	 0.436699
1.700301	 0.340281	 0.427750	 1.312086	 0.873326	 0.436663
1.710562	 0.340281	 0.427750	 1.312086	 0.873326	 0.436663
1.720389	 0.341702	 0.433111	 1.311264	 0.868745	 0.434373
1.730316	 0.342161	 0.434837	 1.310969	 0.867272	 0.433636
1.741162	 0.343334	 0.439242	 1.310125	 0.863516	 0.431758
1.750229	 0.343535	 0.439996	 1.309975	 0.862873	 0.431437
1.760140	 0.344829	 0.444835	 1.308876	 0.858753	 0.429377
1.772282	 0.345912	 0.448866	 1.307872	 0.855325	 0.427662
1.780183	 0.346470	 0.450938	 1.307326	 0.853563	 0.426781
1.790779	 0.346470	 0.450938	 1.307326	 0.853563	 0.426781
1.800208	 0.347563	 0.454980	 1.306134	 0.850130	 0.425065
1.810244	 0.348837	 0.459665	 1.304667	 0.846153	 0.423077
1.820211	 0.348837	 0.459665	 1.304667	 0.846153	 0.423077
1.830294	 0.350246	 0.464816	 1.302896	 0.841785	 0.420893
1.840273	 0.350268	 0.464898	 1.302867	 0.841716	 0.420858
1.850134	 0.352557	 0.473188	 1.299748	 0.834693	 0.417347
1.860395	 0.352884	 0.474361	 1.299276	 0.833700	 0.416850
1.870224	 0.354254	 0.479263	 1.297122	 0.829551	 0.414776
1.880237	 0.354254	 0.479263	 1.297122	 0.829551	 0.414776
1.913036	 0.354254	 0.479263	 1.297122	 0.829551	 0.414776
1.913253	 0.354254	 0.479263	 1.297122	 0.829551	 0.414776
1.913387	 0.354254	 0.479263	 1.297122	 0.829551	 0.414776
1.920296	 0.357794	 0.491738	 1.291367	 0.818998	 0.409499
1.930395	 0.357794	 0.491738	 1.291367	 0.818998	 0.409499
1.940582	 0.359113	 0.496316	 1.288935	 0.815128	 0.407564
1.950426	 0.359113	 0.496316	 1.288935	 0.815128	 0.407564
1.960554	 0.361309	 0.503841	 1.284682	 0.808764	 0.404382
1.970389	 0.361333	 0.503919	 1.284637	 0.808698	 0.404349
1.980165	 0.361333	 0.503919	 1.284637	 0.808698	 0.404349
1.990384	 0.364290	 0.513863	 1.278602	 0.800285	 0.400143
2.000376	 0.364568	 0.514786	 1.277998	 0.799504	 0.399752
2.010345	 0.364568	 0.514786	 1.277998	 0.799504	 0.399752
2.020302	 0.364568	 0.514786	 1.277998	 0.799504	 0.399752
2.030245	 0.364568	 0.514786	 1.277998	 0.799504	 0.399752
2.040387	 0.368253	 0.526830	 1.269809	 0.789300	 0.394650
2.050238	 0.369664	 0.531350	 1.266622	 0.785466	 0.392733
2.060264	 0.369664	 0.531350	 1.266622	 0.785466	 0.392733
2.070202	 0.371287	 0.536487	 1.262682	 0.781105	 0.390552
2.080200	 0.371287	 0.536487	 1.262682	 0.781105	 0.390552
2.090180	 0.373139	 0.542261	 1.258105	 0.776195	 0.388098
2.101040	 0.374571	 0.546664	 1.254492	 0.772448	 0.386224
2.110197	 0.374764	 0.547253	 1.253997	 0.771946	 0.385973
2.120259	 0.376301	 0.551910	 1.250008	 0.767975	 0.383987
2.130190	 0.376301	 0.551910	 1.250008	 0.767975	 0.383987
2.140168	 0.378168	 0.557484	 1.245100	 0.763214	 0.381607
2.150509	 0.379594	 0.561682	 1.241300	 0.759622	 0.379811
2.160204	 0.379656	 0.561862	 1.241135	 0.759468	 0.379734
2.170255	 0.381203	 0.566354	 1.236954	 0.755618	 0.377809
2.180203	 0.381203	 0.566354	 1.236954	 0.755618	 0.377809
2.190254	 0.381203	 0.566354	 1.236954	 0.755618	 0.377809
2.200236	 0.381203	 0.566354	 1.236954	 0.755618	 0.377809
2.210555	 0.384572	 0.575927	 1.227870	 0.747388	 0.373694
2.220347	 0.384572	 0.575927	 1.227870	 0.747388	 0.373694
2.230525	 0.384572	 0.575927	 1.227870	 0.747388	 0.373694
2.240450	 0.384572	 0.575927	 1.227870	 0.747388	 0.373694
2.253595	 0.387002	 0.582664	 1.221172	 0.741576	 0.370788
2.260484	 0.387002	 0.582664	 1.221172	 0.741576	 0.370788
2.270297	 0.387002	 0.582664	 1.221172	 0.741576	 0.370788
2.280511	 0.387002	 0.582664	 1.221172	 0.741576	 0.370788
2.290453	 0.387002	 0.582664	 1.221172	 0.741576	 0.370788
2.300301	 0.387002	 0.582664	 1.221172	 0.741576	 0.370788
2.310373	 0.390279	 0.591527	 1.212186	 0.733901	 0.366950
2.320496	 0.390722	 0.592707	 1.210951	 0.732876	 0.366438
2.330880	 0.390722	 0.592707	 1.210951	 0.732876	 0.366438
2.340775	 0.390722	 0.592707	 1.210951	 0.732876	 0.366438
2.350359	 0.390722	 0.592707	 1.210951	 0.732876	 0.366438
2.361722	 0.390722	 0.592707	 1.210951	 0.732876	 0.366438
2.370445	 0.393937	 0.601135	 1.201724	 0.725539	 0.362769
2.380254	 0.393937	 0.601135	 1.201724	 0.725539	 0.362769
2.391019	 0.396889	 0.608675	 1.193289	 0.718942	 0.359471
2.400236	 0.397559	 0.610358	 1.191358	 0.717465	 0.358733
2.410692	 0.399178	 0.614391	 1.186591	 0.713920	 0.356960
2.421106	 0.400429	 0.617470	 1.182890	 0.711206	 0.355603
2.430266	 0.400821	 0.618427	 1.181732	 0.710361	 0.355181
2.440165	 0.402489	 0.622468	 1.176787	 0.706788	 0.353394
2.450610	 0.403979	 0.626030	 1.172378	 0.703629	 0.351815
2.460246	 0.403979	 0.626030	 1.172378	 0.703629	 0.351815
2.470221	 0.405737	 0.630176	 1.167139	 0.699941	 0.349971
2.480268	 0.405737	 0.630176	 1.167139	 0.699941	 0.349971
2.490404	 0.407899	 0.635194	 1.160707	 0.695461	 0.347731
2.500237	 0.407899	 0.635194	 1.160707	 0.695461	 0.347731
2.510186	 0.409645	 0.639182	 1.155508	 0.691888	 0.345944
2.520267	 0.409673	 0.639246	 1.155424	 0.691830	 0.345915
2.530291	 0.412080	 0.644651	 1.148244	 0.686966	 0.343483
2.540333	 0.412080	 0.644651	 1.148244	 0.686966	 0.343483
2.550175	 0.413996	 0.648880	 1.142527	 0.683144	 0.341572
2.561673	 0.415725	 0.652641	 1.137369	 0.679732	 0.339866
2.570299	 0.415840	 0.652889	 1.137027	 0.679507	 0.339753
2.580321	 0.415840	 0.652889	 1.137027	 0.679507	 0.339753
2.590285	 0.417520	 0.656494	 1.132001	 0.676224	 0.338112
2.600316	 0.418937	 0.659496	 1.127773	 0.673482	 0.336741
2.610305	 0.418966	 0.659557	 1.127686	 0.673426	 0.336713
2.620241	 0.418980	 0.659587	 1.127643	 0.673398	 0.336699
2.630219	 0.422312	 0.666518	 1.117762	 0.667034	 0.333517
2.640231	 0.422312	 0.666518	 1.117762	 0.667034	 0.333517
2.650252	 0.424256	 0.670484	 1.111993	 0.663372	 0.331686
2.660451	 0.424256	 0.670484	 1.111993	 0.663372	 0.331686
2.670190	 0.428025	 0.678009	 1.100873	 0.656379	 0.328189
2.680479	 0.428446	 0.678836	 1.099637	 0.655607	 0.327803
2.690257	 0.428446	 0.678836	 1.099637	 0.655607	 0.327803
2.700270	 0.430889	 0.683589	 1.092379	 0.651155	 0.325578
2.710188	 0.431736	 0.685218	 1.089885	 0.649624	 0.324812
2.720259	 0.431736	 0.685218	 1.089885	 0.649624	 0.324812
2.730232	 0.434631	 0.690710	 1.081326	 0.644440	 0.322220
2.740938	 0.436309	 0.693841	 1.076376	 0.641468	 0.320734
2.750931	 0.436768	 0.694692	 1.075024	 0.640658	 0.320329
2.760599	 0.438438	 0.697761	 1.070097	 0.637730	 0.318865
2.770179	 0.438438	 0.697761	 1.070097	 0.637730	 0.318865
2.780217	 0.440672	 0.701811	 1.063524	 0.633849	 0.316925
2.790220	 0.442408	 0.704916	 1.058436	 0.630859	 0.315430
2.800206	 0.442485	 0.705055	 1.058209	 0.630726	 0.315363
2.810121	 0.444663	 0.708896	 1.051828	 0.627009	 0.313505
2.820200	 0.444663	 0.708896	 1.051828	 0.627009	 0.313505
2.830254	 0.444663	 0.708896	 1.051828	 0.627009	 0.313505
2.840396	 0.444663	 0.708896	 1.051828	 0.627009	 0.313505
2.852002	 0.449330	 0.716941	 1.038317	 0.619160	 0.309580
2.862608	 0.449330	 0.716941	 1.038317	 0.619160	 0.309580
2.870142	 0.449330	 0.716941	 1.038317	 0.619160	 0.309580
2.880889	 0.451324	 0.720302	 1.032535	 0.615855	 0.307927
2.890271	 0.451371	 0.720381	 1.032397	 0.615776	 0.307888
2.900510	 0.453132	 0.723313	 1.027293	 0.612879	 0.306439
2.910283	 0.453132	 0.723313	 1.027293	 0.612879	 0.306439
2.920315	 0.453132	 0.723313	 1.027293	 0.612879	 0.306439
2.930247	 0.453132	 0.723313	 1.027293	 0.612879	 0.306439
2.940708	 0.457629	 0.730650	 1.014410	 0.605570	 0.302785
2.950293	 0.457629	 0.730650	 1.014410	 0.605570	 0.302785
2.960826	 0.459708	 0.733970	 1.008457	 0.602235	 0.301117
2.970229	 0.460467	 0.735172	 1.006286	 0.601024	 0.300512
2.980422	 0.460467	 0.735172	 1.006286	 0.601024	 0.300512
2.990186	 0.460467	 0.735172	 1.006286	 0.601024	 0.300512
3.000519	 0.463122	 0.739329	 0.998704	 0.596814	 0.298407
3.010383	 0.463122	 0.739329	 0.998704	 0.596814	 0.298407
3.020159	 0.465806	 0.743463	 0.991070	 0.592600	 0.296300
3.030177	 0.465806	 0.743463	 0.991070	 0.592600	 0.296300
3.040272	 0.468156	 0.747026	 0.984403	 0.588943	 0.294471
3.050180	 0.469994	 0.749777	 0.979217	 0.586104	 0.293052
3.060251	 0.469994	 0.749777	 0.979217	 0.586104	 0.293052
3.070197	 0.472179	 0.753008	 0.973057	 0.582753	 0.291376
3.080228	 0.472179	 0.753008	 0.973057	 0.582753	 0.291376
3.090203	 0.474688	 0.756666	 0.966018	 0.578934	 0.289467
3.100761	 0.476396	 0.759125	 0.961249	 0.576353	 0.288176
3.110344	 0.477971	 0.761370	 0.956851	 0.573985	 0.286993
3.120251	 0.478419	 0.762005	 0.955601	 0.573313	 0.286657
3.130295	 0.480815	 0.765371	 0.948938	 0.569740	 0.284870
3.140215	 0.480815	 0.765371	 0.948938	 0.569740	 0.284870
3.150216	 0.483320	 0.768841	 0.942002	 0.566033	 0.283016
3.160180	 0.483320	 0.768841	 0.942002	 0.566033	 0.283016
3.170262	 0.486000	 0.772499	 0.934610	 0.562096	 0.281048
3.180342	 0.486000	 0.772499	 0.934610	 0.562096	 0.281048
3.190172	 0.488655	 0.776066	 0.927318	 0.558229	 0.279115
3.200197	 0.488655	 0.776066	 0.927318	 0.558229	 0.279115
3.210186	 0.490792	 0.778897	 0.921465	 0.555139	 0.277570
3.220215	 0.490792	 0.778897	 0.921465	 0.555139	 0.277570
3.230188	 0.490792	 0.778897	 0.921465	 0.555139	 0.277570
3.240620	 0.494186	 0.783327	 0.912213	 0.550268	 0.275134
3.250170	 0.494186	 0.783327	 0.912213	 0.550268	 0.275134
3.260255	 0.496185	 0.785895	 0.906790	 0.547422	 0.273711
3.270197	 0.496185	 0.785895	 0.906790	 0.547422	 0.273711
3.280154	 0.497843	 0.788005	 0.902295	 0.545072	 0.272536
3.290178	 0.499525	 0.790124	 0.897756	 0.542700	 0.271350
3.300210	 0.499525	 0.790124	 0.897756	 0.542700	 0.271350
3.310201	 0.502762	 0.794148	 0.889058	 0.538164	 0.269082
3.320173	 0.502796	 0.794191	 0.888967	 0.538117	 0.269058
3.330220	 0.504752	 0.796588	 0.883718	 0.535394	 0.267697
3.342767	 0.507266	 0.799632	 0.877014	 0.531915	 0.265958
3.350292	 0.507489	 0.799899	 0.876422	 0.531608	 0.265804
3.360198	 0.509521	 0.802326	 0.871013	 0.528814	 0.264407
3.370574	 0.509521	 0.802326	 0.871013	 0.528814	 0.264407
3.380240	 0.511711	 0.804913	 0.865205	 0.525818	 0.262909
3.390177	 0.511746	 0.804953	 0.865114	 0.525771	 0.262886
3.400229	 0.513798	 0.807349	 0.859683	 0.522979	 0.261489
3.410203	 0.516254	 0.810181	 0.853220	 0.519656	 0.259828
3.420183	 0.516254	 0.810181	 0.853220	 0.519656	 0.259828
3.430170	 0.519225	 0.813559	 0.845426	 0.515660	 0.257830
3.440176	 0.519915	 0.814336	 0.843625	 0.514736	 0.257368
3.450439	 0.521805	 0.816449	 0.838688	 0.512212	 0.256106
3.460305	 0.521805	 0.816449	 0.838688	 0.512212	 0.256106
3.472056	 0.524559	 0.819492	 0.831524	 0.508554	 0.254277
3.480299	 0.525058	 0.820038	 0.830229	 0.507894	 0.253947
3.490461	 0.525058	 0.820038	 0.830229	 0.507894	 0.253947
3.500452	 0.527379	 0.822562	 0.824211	 0.504831	 0.252416
3.510375	 0.527379	 0.822562	 0.824211	 0.504831	 0.252416
3.520329	 0.529914	 0.825284	 0.817671	 0.501504	 0.250752
3.531899	 0.529914	 0.825284	 0.817671	 0.501504	 0.250752
3.540722	 0.529914	 0.825284	 0.817671	 0.501504	 0.250752
3.551035	 0.531515	 0.826985	 0.813549	 0.499412	 0.249706
3.560286	 0.533449	 0.829021	 0.808590	 0.496894	 0.248447
3.570216	 0.535208	 0.830856	 0.804086	 0.494612	 0.247306
3.580407	 0.535208	 0.830856	 0.804086	 0.494612	 0.247306
3.590110	 0.537861	 0.833591	 0.797314	 0.491186	 0.245593
3.600323	 0.537861	 0.833591	 0.797314	 0.491186	 0.245593
3.610232	 0.540047	 0.835817	 0.791752	 0.488378	 0.244189
3.620263	 0.541911	 0.837697	 0.787027	 0.485991	 0.242996
3.630415	 0.541911	 0.837697	 0.787027	 0.485991	 0.242996
3.640207	 0.544827	 0.840601	 0.779662	 0.482276	 0.241138
3.650285	 0.544827	 0.840601	 0.779662	 0.482276	 0.241138
3.660141	 0.547428	 0.843156	 0.773113	 0.478979	 0.239490
3.670653	 0.549340	 0.845011	 0.768317	 0.476567	 0.238284
3.680224	 0.550165	 0.845808	 0.766248	 0.475528	 0.237764
3.690620	 0.551832	 0.847405	 0.762078	 0.473434	 0.236717
3.700233	 0.551883	 0.847454	 0.761949	 0.473369	 0.236685
3.710335	 0.554168	 0.849622	 0.756251	 0.470510	 0.235255
3.722456	 0.555953	 0.851298	 0.751811	 0.468284	 0.234142
3.730251	 0.556555	 0.851860	 0.750317	 0.467535	 0.233768
3.740203	 0.558527	 0.853690	 0.745428	 0.465086	 0.232543
3.750421	 0.558527	 0.853690	 0.745428	 0.465086	 0.232543
3.760801	 0.558527	 0.853690	 0.745428	 0.465086	 0.232543
3.770305	 0.558561	 0.853721	 0.745343	 0.465044	 0.232522
3.780275	 0.558561	 0.853721	 0.745343	 0.465044	 0.232522
3.790548	 0.563886	 0.858572	 0.732236	 0.458472	 0.229236
3.800263	 0.564453	 0.859081	 0.730846	 0.457776	 0.228888
3.810215	 0.566436	 0.860850	 0.725982	 0.455346	 0.227673
3.820216	 0.566436	 0.860850	 0.725982	 0.455346	 0.227673
3.830472	 0.566436	 0.860850	 0.725982	 0.455346	 0.227673
3.840687	 0.569805	 0.863816	 0.717755	 0.451236	 0.225618
3.850171	 0.570114	 0.864085	 0.717004	 0.450860	 0.225430
3.860711	 0.572723	 0.866346	 0.710657	 0.447693	 0.223847
3.870242	 0.573286	 0.866830	 0.709291	 0.447011	 0.223506
3.880801	 0.575617	 0.868819	 0.703644	 0.444195	 0.222097
3.890221	 0.575617	 0.868819	 0.703644	 0.444195	 0.222097
3.900174	 0.577469	 0.870384	 0.699170	 0.441964	 0.220982
3.910180	 0.579763	 0.872302	 0.693646	 0.439211	 0.219605
3.920269	 0.580407	 0.872836	 0.692097	 0.438439	 0.219219
3.930636	 0.582134	 0.874262	 0.687951	 0.436374	 0.218187
3.940442	 0.583757	 0.875591	 0.684062	 0.434437	 0.217218
3.950200	 0.583774	 0.875605	 0.684022	 0.434417	 0.217208
3.960250	 0.585394	 0.876920	 0.680150	 0.432490	 0.216245
3.970238	 0.587709	 0.878782	 0.674633	 0.429742	 0.214871
3.980158	 0.587709	 0.878782	 0.674633	 0.429742	 0.214871
3.990381	 0.590352	 0.880883	 0.668352	 0.426615	 0.213308
4.000261	 0.590352	 0.880883	 0.668352	 0.426615	 0.213308
4.010175	 0.592769	 0.882779	 0.662627	 0.423767	 0.211883
4.020631	 0.594462	 0.884096	 0.658627	 0.421776	 0.210888
4.030242	 0.594981	 0.884497	 0.657403	 0.421166	 0.210583
4.040940	 0.596736	 0.885846	 0.653269	 0.419110	 0.209555
4.050456	 0.596736	 0.885846	 0.653269	 0.419110	 0.209555
4.060710	 0.598804	 0.887421	 0.648409	 0.416692	 0.208346
4.071940	 0.598804	 0.887421	 0.648409	 0.416692	 0.208346
4.080380	 0.600668	 0.888827	 0.644039	 0.414518	 0.207259
4.090495	 0.600668	 0.888827	 0.644039	 0.414518	 0.207259
4.100287	 0.603163	 0.890688	 0.638210	 0.411617	 0.205809
4.110296	 0.603163	 0.890688	 0.638210	 0.411617	 0.205809
4.120349	 0.604752	 0.891863	 0.634503	 0.409773	 0.204887
4.130465	 0.606592	 0.893211	 0.630225	 0.407644	 0.203822
4.140238	 0.606592	 0.893211	 0.630225	 0.407644	 0.203822
4.150182	 0.608291	 0.894446	 0.626281	 0.405681	 0.202841
4.160245	 0.608423	 0.894541	 0.625974	 0.405529	 0.202765
4.170225	 0.610597	 0.896105	 0.620942	 0.403024	 0.201512
4.180450	 0.610597	 0.896105	 0.620942	 0.403024	 0.201512
4.190132	 0.613166	 0.897931	 0.615016	 0.400074	 0.200037
4.200198	 0.613166	 0.897931	 0.615016	 0.400074	 0.200037
4.210414	 0.615975	 0.899901	 0.608558	 0.396857	 0.198428
4.220206	 0.616680	 0.900392	 0.606941	 0.396051	 0.198025
4.230530	 0.616680	 0.900392	 0.606941	 0.396051	 0.198025
4.240252	 0.618995	 0.901991	 0.601637	 0.393409	 0.196704
4.250172	 0.620918	 0.903305	 0.597245	 0.391220	 0.195610
4.260226	 0.620918	 0.903305	 0.597245	 0.391220	 0.195610
4.270225	 0.623418	 0.904995	 0.591550	 0.388381	 0.194191
4.280654	 0.625184	 0.906175	 0.587539	 0.386381	 0.193191
4.290203	 0.625715	 0.906529	 0.586333	 0.385780	 0.192890
4.300829	 0.628099	 0.908104	 0.580933	 0.383086	 0.191543
4.310378	 0.628261	 0.908209	 0.580569	 0.382904	 0.191452
4.320213	 0.630153	 0.909445	 0.576294	 0.380771	 0.190386
4.330190	 0.630732	 0.909820	 0.574990	 0.380120	 0.190060
4.340422	 0.632971	 0.911264	 0.569949	 0.377603	 0.188802
4.350259	 0.633003	 0.911284	 0.569877	 0.377567	 0.188784
4.361145	 0.635456	 0.912846	 0.564373	 0.374818	 0.187409
4.370148	 0.635725	 0.913017	 0.563769	 0.374516	 0.187258
4.380212	 0.637580	 0.914184	 0.559618	 0.372441	 0.186221
4.390279	 0.637580	 0.914184	 0.559618	 0.372441	 0.186221
4.400608	 0.639747	 0.915535	 0.554782	 0.370022	 0.185011
4.410232	 0.639747	 0.915535	 0.554782	 0.370022	 0.185011
4.420223	 0.639747	 0.915535	 0.554782	 0.370022	 0.185011
4.430275	 0.639747	 0.915535	 0.554782	 0.370022	 0.185011
4.440291	 0.644012	 0.918150	 0.545302	 0.365276	 0.182638
4.450232	 0.644012	 0.918150	 0.545302	 0.365276	 0.182638
4.460253	 0.646327	 0.919546	 0.540178	 0.362709	 0.181354
4.470258	 0.646327	 0.919546	 0.540178	 0.362709	 0.181354
4.480256	 0.648729	 0.920978	 0.534876	 0.360050	 0.180025
4.490224	 0.648729	 0.920978	 0.534876	 0.360050	 0.180025
4.500185	 0.650762	 0.922177	 0.530398	 0.357804	 0.178902
4.510215	 0.650762	 0.922177	 0.530398	 0.357804	 0.178902
4.520162	 0.652898	 0.923422	 0.525708	 0.355449	 0.177724
4.530905	 0.654722	 0.924476	 0.521712	 0.353441	 0.176720
4.540193	 0.654876	 0.924564	 0.521375	 0.353272	 0.176636
4.550203	 0.656948	 0.925748	 0.516850	 0.350996	 0.175498
4.560721	 0.657193	 0.925888	 0.516314	 0.350727	 0.175363
4.570180	 0.659703	 0.927303	 0.510847	 0.347975	 0.173988
4.580182	 0.659703	 0.927303	 0.510847	 0.347975	 0.173988
4.590164	 0.661678	 0.928405	 0.506557	 0.345814	 0.172907
4.601496	 0.663272	 0.929286	 0.503103	 0.344073	 0.172036
4.610128	 0.663318	 0.929311	 0.503004	 0.344023	 0.172011
4.620348	 0.665024	 0.930245	 0.499316	 0.342162	 0.171081
4.631739	 0.666591	 0.931097	 0.495934	 0.340455	 0.170227
4.640144	 0.666846	 0.931235	 0.495382	 0.340176	 0.170088
4.650348	 0.668361	 0.932050	 0.492122	 0.338529	 0.169265
4.660490	 0.668361	 0.932050	 0.492122	 0.338529	 0.169265
4.670268	 0.668361	 0.932050	 0.492122	 0.338529	 0.169265
4.680465	 0.668361	 0.932050	 0.492122	 0.338529	 0.169265
4.690547	 0.673588	 0.934815	 0.480911	 0.332857	 0.166429
4.700647	 0.673618	 0.934830	 0.480847	 0.332825	 0.166412
4.710322	 0.673618	 0.934830	 0.480847	 0.332825	 0.166412
4.721795	 0.677440	 0.936804	 0.472697	 0.328693	 0.164346
4.730180	 0.677440	 0.936804	 0.472697	 0.328693	 0.164346
4.740301	 0.677440	 0.936804	 0.472697	 0.328693	 0.164346
4.750274	 0.677440	 0.936804	 0.472697	 0.328693	 0.164346
4.760189	 0.679916	 0.938063	 0.467438	 0.326021	 0.163011
4.770715	 0.681567	 0.938893	 0.463940	 0.324243	 0.162121
4.780331	 0.681990	 0.939104	 0.463045	 0.323788	 0.161894
4.790262	 0.683979	 0.940092	 0.458845	 0.321650	 0.160825
4.800703	 0.683979	 0.940092	 0.458845	 0.321650	 0.160825
4.810219	 0.685800	 0.940987	 0.455009	 0.319694	 0.159847
4.820199	 0.685800	 0.940987	 0.455009	 0.319694	 0.159847
4.830194	 0.687785	 0.941953	 0.450836	 0.317565	 0.158783
4.840430	 0.689236	 0.942653	 0.447792	 0.316011	 0.158005
4.850187	 0.690153	 0.943092	 0.445873	 0.315030	 0.157515
4.860264	 0.691934	 0.943939	 0.442149	 0.313125	 0.156563
4.870371	 0.691948	 0.943946	 0.442119	 0.313110	 0.156555
4.880204	 0.694063	 0.944941	 0.437710	 0.310852	 0.155426
4.890183	 0.694063	 0.944941	 0.437710	 0.310852	 0.155426
4.900251	 0.696380	 0.946019	 0.432891	 0.308381	 0.154191
4.910265	 0.696380	 0.946019	 0.432891	 0.308381	 0.154191
4.920225	 0.698598	 0.947038	 0.428292	 0.306020	 0.153010
4.930244	 0.698598	 0.947038	 0.428292	 0.306020	 0.153010
4.940304	 0.698598	 0.947038	 0.428292	 0.306020	 0.153010
4.950251	 0.698598	 0.947038	 0.428292	 0.306020	 0.153010
4.960319	 0.702911	 0.948984	 0.419385	 0.301437	 0.150719
4.970211	 0.702911	 0.948984	 0.419385	 0.301437	 0.150719
4.980278	 0.702911	 0.948984	 0.419385	 0.301437	 0.150719
4.990863	 0.705856	 0.950286	 0.413333	 0.298315	 0.149158
5.000213	 0.705870	 0.950292	 0.413305	 0.298301	 0.149150
5.010503	 0.707953	 0.951201	 0.409040	 0.296096	 0.148048
5.020730	 0.707953	 0.951201	 0.409040	 0.296096	 0.148048
5.030596	 0.709463	 0.951853	 0.405955	 0.294499	 0.147250
5.040149	 0.709463	 0.951853	 0.405955	 0.294499	 0.147250
5.050197	 0.711090	 0.952549	 0.402639	 0.292780	 0.146390
5.060176	 0.712497	 0.953146	 0.399776	 0.291296	 0.145648
5.070204	 0.712497	 0.953146	 0.399776	 0.291296	 0.145648
5.080339	 0.715310	 0.954325	 0.394068	 0.288330	 0.144165
5.090265	 0.715351	 0.954342	 0.393987	 0.288288	 0.144144
5.100175	 0.717367	 0.955175	 0.389910	 0.286165	 0.143083
5.110180	 0.719093	 0.955881	 0.386430	 0.284351	 0.142175
5.120622	 0.719159	 0.955908	 0.386297	 0.284281	 0.142141
5.130536	 0.720384	 0.956404	 0.383832	 0.282994	 0.141497
5.140460	 0.720832	 0.956585	 0.382931	 0.282523	 0.141262
5.150212	 0.722407	 0.957217	 0.379771	 0.280870	 0.140435
5.160232	 0.723767	 0.957757	 0.377048	 0.279444	 0.139722
5.170239	 0.724093	 0.957886	 0.376394	 0.279102	 0.139551
5.180233	 0.725618	 0.958486	 0.373348	 0.277505	 0.138752
5.190454	 0.725618	 0.958486	 0.373348	 0.277505	 0.138752
5.200259	 0.727653	 0.959279	 0.369291	 0.275374	 0.137687
5.212676	 0.728136	 0.959466	 0.368329	 0.274869	 0.137434
5.220364	 0.728136	 0.959466	 0.368329	 0.274869	 0.137434
5.230265	 0.728136	 0.959466	 0.368329	 0.274869	 0.137434
5.240286	 0.730398	 0.960333	 0.363838	 0.272505	 0.136252
5.250205	 0.731825	 0.960874	 0.361011	 0.271015	 0.135507
5.260346	 0.731825	 0.960874	 0.361011	 0.271015	 0.135507
5.270201	 0.733502	 0.961504	 0.357697	 0.269264	 0.134632
5.280534	 0.734854	 0.962007	 0.355033	 0.267855	 0.133927
5.290255	 0.734854	 0.962007	 0.355033	 0.267855	 0.133927
5.300206	 0.736180	 0.962497	 0.352423	 0.266472	 0.133236
5.310212	 0.737442	 0.962959	 0.349944	 0.265158	 0.132579
5.320278	 0.738745	 0.963433	 0.347391	 0.263802	 0.131901
5.332134	 0.739969	 0.963874	 0.344995	 0.262528	 0.131264
5.342405	 0.740101	 0.963922	 0.344737	 0.262391	 0.131196
5.350231	 0.740101	 0.963922	 0.344737	 0.262391	 0.131196
5.360230	 0.742554	 0.964796	 0.339951	 0.259842	 0.129921
5.370263	 0.742554	 0.964796	 0.339951	 0.259842	 0.129921
5.380172	 0.744509	 0.965483	 0.336149	 0.257812	 0.128906
5.390651	 0.744535	 0.965492	 0.336097	 0.257785	 0.128892
5.400172	 0.746360	 0.966126	 0.332558	 0.255892	 0.127946
5.410702	 0.747856	 0.966641	 0.329664	 0.254341	 0.127170
5.420194	 0.747883	 0.966650	 0.329613	 0.254314	 0.127157
5.430247	 0.749712	 0.967272	 0.326085	 0.252419	 0.126209
5.440206	 0.749712	 0.967272	 0.326085	 0.252419	 0.126209
5.450174	 0.751224	 0.967781	 0.323174	 0.250853	 0.125427
5.460773	 0.752659	 0.968259	 0.320420	 0.249369	 0.124685
5.470214	 0.752871	 0.968330	 0.320012	 0.249150	 0.124575
5.480201	 0.754374	 0.968825	 0.317136	 0.247597	 0.123798
5.490290	 0.754374	 0.968825	 0.317136	 0.247597	 0.123798
5.500180	 0.755997	 0.969355	 0.314033	 0.245919	 0.122960
5.510587	 0.757983	 0.969996	 0.310249	 0.243870	 0.121935
5.520179	 0.758223	 0.970073	 0.309793	 0.243622	 0.121811
5.530467	 0.759850	 0.970591	 0.306703	 0.241944	 0.120972
5.540785	 0.760130	 0.970680	 0.306171	 0.241655	 0.120827
5.550227	 0.761586	 0.971138	 0.303416	 0.240155	 0.120077
5.561597	 0.763230	 0.971650	 0.300311	 0.238461	 0.119231
5.570230	 0.763578	 0.971757	 0.299655	 0.238103	 0.119051
5.580868	 0.764929	 0.972173	 0.297112	 0.236712	 0.118356
5.592062	 0.765170	 0.972247	 0.296658	 0.236464	 0.118232
5.600186	 0.765170	 0.972247	 0.296658	 0.236464	 0.118232
5.610192	 0.767233	 0.972873	 0.292787	 0.234342	 0.117171
5.620161	 0.767233	 0.972873	 0.292787	 0.234342	 0.117171
5.630269	 0.768695	 0.973311	 0.290051	 0.232839	 0.116420
5.640707	 0.768695	 0.973311	 0.290051	 0.232839	 0.116420
5.650262	 0.768695	 0.973311	 0.290051	 0.232839	 0.116420
5.660260	 0.768695	 0.973311	 0.290051	 0.232839	 0.116420
5.670280	 0.771985	 0.974282	 0.283915	 0.229461	 0.114730
5.680470	 0.773639	 0.974762	 0.280840	 0.227764	 0.113882
5.690240	 0.773639	 0.974762	 0.280840	 0.227764	 0.113882
5.700187	 0.776021	 0.975444	 0.276432	 0.225321	 0.112661
5.710245	 0.776021	 0.975444	 0.276432	 0.225321	 0.112661
5.720269	 0.777827	 0.975953	 0.273104	 0.223471	 0.111735
5.730168	 0.779351	 0.976377	 0.270303	 0.221910	 0.110955
5.740378	 0.780849	 0.976790	 0.267558	 0.220377	 0.110188
5.750221	 0.781132	 0.976868	 0.267039	 0.220087	 0.110043
5.760160	 0.782645	 0.977280	 0.264277	 0.218539	 0.109269
5.770162	 0.784024	 0.977651	 0.261765	 0.217129	 0.108565
5.780183	 0.784024	 0.977651	 0.261765	 0.217129	 0.108565
5.790140	 0.785390	 0.978015	 0.259284	 0.215733	 0.107866
5.800348	 0.785390	 0.978015	 0.259284	 0.215733	 0.107866
5.810136	 0.787665	 0.978614	 0.255165	 0.213409	 0.106705
5.820157	 0.787692	 0.978621	 0.255116	 0.213382	 0.106691
5.830327	 0.789169	 0.979004	 0.252453	 0.211874	 0.105937
5.840218	 0.790824	 0.979428	 0.249476	 0.210185	 0.105093
5.850202	 0.791434	 0.979583	 0.248380	 0.209563	 0.104781
5.860613	 0.793186	 0.980024	 0.245244	 0.207777	 0.103888
5.870222	 0.793593	 0.980126	 0.244515	 0.207361	 0.103681
5.880288	 0.795210	 0.980527	 0.241633	 0.205714	 0.102857
5.890267	 0.795210	 0.980527	 0.241633	 0.205714	 0.102857
5.900323	 0.796733	 0.980900	 0.238926	 0.204162	 0.102081
5.910733	 0.797998	 0.981207	 0.236684	 0.202874	 0.101437
5.920227	 0.798243	 0.981266	 0.236250	 0.202624	 0.101312
5.930689	 0.799537	 0.981576	 0.233965	 0.201308	 0.100654
5.940364	 0.799564	 0.981583	 0.233917	 0.201280	 0.100640
5.950198	 0.799564	 0.981583	 0.233917	 0.201280	 0.100640
5.960244	 0.799564	 0.981583	 0.233917	 0.201280	 0.100640
5.970441	 0.802521	 0.982279	 0.228710	 0.198272	 0.099136
5.980216	 0.802521	 0.982279	 0.228710	 0.198272	 0.099136
5.990193	 0.804417	 0.982717	 0.225387	 0.196345	 0.098172
6.000922	 0.805946	 0.983066	 0.222717	 0.194792	 0.097396
6.010217	 0.806451	 0.983180	 0.221838	 0.194278	 0.097139
6.020266	 0.807968	 0.983520	 0.219205	 0.192738	 0.096369
6.030185	 0.807968	 0.983520	 0.219205	 0.192738	 0.096369
6.040215	 0.810251	 0.984024	 0.215253	 0.190421	 0.095210
6.050377	 0.810251	 0.984024	 0.215253	 0.190421	 0.095210
6.060169	 0.812933	 0.984604	 0.210628	 0.187700	 0.093850
6.070275	 0.813193	 0.984659	 0.210182	 0.187436	 0.093718
6.080193	 0.815247	 0.985094	 0.206668	 0.185353	 0.092677
6.090314	 0.815782	 0.985205	 0.205758	 0.184811	 0.092406
6.100213	 0.817153	 0.985490	 0.203426	 0.183422	 0.091711
6.110250	 0.818620	 0.985791	 0.200937	 0.181936	 0.090968
6.120194	 0.818648	 0.985796	 0.200891	 0.181908	 0.090954
6.132061	 0.820377	 0.986146	 0.197972	 0.180157	 0.090078
6.141720	 0.821750	 0.986420	 0.195658	 0.178767	 0.089384
6.151741	 0.821914	 0.986452	 0.195381	 0.178600	 0.089300
6.161686	 0.823618	 0.986787	 0.192521	 0.176876	 0.088438
6.206386	 0.824387	 0.986936	 0.191234	 0.176098	 0.088049
6.206608	 0.824387	 0.986936	 0.191234	 0.176098	 0.088049
6.217425	 0.825253	 0.987103	 0.189790	 0.175222	 0.087611
6.227146	 0.825253	 0.987103	 0.189790	 0.175222	 0.087611
6.237135	 0.826780	 0.987395	 0.187250	 0.173678	 0.086839
6.246777	 0.827096	 0.987454	 0.186725	 0.173358	 0.086679
6.256978	 0.827096	 0.987454	 0.186725	 0.173358	 0.086679
6.266739	 0.829353	 0.987877	 0.182992	 0.171077	 0.085538
6.277445	 0.831281	 0.988230	 0.179818	 0.169129	 0.084565
6.286848	 0.831281	 0.988230	 0.179818	 0.169129	 0.084565
6.296789	 0.833127	 0.988563	 0.176795	 0.167264	 0.083632
6.306815	 0.833554	 0.988639	 0.176096	 0.166833	 0.083416
6.316692	 0.835002	 0.988895	 0.173741	 0.165371	 0.082686
6.326782	 0.835002	 0.988895	 0.173741	 0.165371	 0.082686
6.336772	 0.836947	 0.989233	 0.170590	 0.163408	 0.081704
6.348493	 0.838341	 0.989472	 0.168342	 0.162002	 0.081001
6.356682	 0.838934	 0.989572	 0.167386	 0.161403	 0.080702
6.366997	 0.840798	 0.989884	 0.164396	 0.159523	 0.079761
6.376904	 0.841475	 0.989996	 0.163312	 0.158840	 0.079420
6.386887	 0.843022	 0.990249	 0.160846	 0.157280	 0.078640
6.396950	 0.843022	 0.990249	 0.160846	 0.157280	 0.078640
6.407269	 0.843022	 0.990249	 0.160846	 0.157280	 0.078640
6.416724	 0.846506	 0.990805	 0.155327	 0.153769	 0.076884
6.426788	 0.846506	 0.990805	 0.155327	 0.153769	 0.076884
6.437041	 0.848097	 0.991052	 0.152830	 0.152166	 0.076083
6.447284	 0.848097	 0.991052	 0.152830	 0.152166	 0.076083
6.456781	 0.849980	 0.991339	 0.149892	 0.150270	 0.075135
6.466730	 0.849980	 0.991339	 0.149892	 0.150270	 0.075135
6.478168	 0.851821	 0.991614	 0.147032	 0.148416	 0.074208
6.486871	 0.851821	 0.991614	 0.147032	 0.148416	 0.074208
6.496992	 0.853677	 0.991887	 0.144166	 0.146548	 0.073274
6.507003	 0.853885	 0.991917	 0.143846	 0.146338	 0.073169
6.516976	 0.855603	 0.992163	 0.141213	 0.144609	 0.072305
6.527240	 0.856130	 0.992238	 0.140408	 0.144079	 0.072040
6.536720	 0.856726	 0.992322	 0.139500	 0.143479	 0.071740
6.547812	 0.858446	 0.992561	 0.136888	 0.141750	 0.070875
6.556823	 0.858931	 0.992628	 0.136152	 0.141261	 0.070631
6.566814	 0.860041	 0.992779	 0.134468	 0.140145	 0.070073
6.576792	 0.861387	 0.992960	 0.132443	 0.138792	 0.069396
6.586908	 0.861387	 0.992960	 0.132443	 0.138792	 0.069396
6.596711	 0.863261	 0.993207	 0.129641	 0.136908	 0.068454
6.606955	 0.864732	 0.993397	 0.127453	 0.135429	 0.067714
6.616698	 0.864969	 0.993427	 0.127103	 0.135191	 0.067596
6.626696	 0.866399	 0.993608	 0.124993	 0.133754	 0.066877
6.636720	 0.866413	 0.993610	 0.124972	 0.133740	 0.066870
6.646693	 0.868247	 0.993838	 0.122281	 0.131897	 0.065949
6.656746	 0.868247	 0.993838	 0.122281	 0.131897	 0.065949
6.666741	 0.870498	 0.994111	 0.118989	 0.129635	 0.064818
6.677527	 0.872514	 0.994349	 0.116058	 0.127611	 0.063805
6.686735	 0.872848	 0.994388	 0.115576	 0.127276	 0.063638
6.696791	 0.875101	 0.994646	 0.112349	 0.125013	 0.062507
6.706815	 0.875115	 0.994647	 0.112329	 0.124999	 0.062500
6.717007	 0.876966	 0.994854	 0.109702	 0.123142	 0.061571
6.728187	 0.878344	 0.995004	 0.107757	 0.121759	 0.060879
6.736730	 0.879193	 0.995095	 0.106562	 0.120907	 0.060453
6.747199	 0.879193	 0.995095	 0.106562	 0.120907	 0.060453
6.757273	 0.881588	 0.995347	 0.103214	 0.118504	 0.059252
6.767311	 0.881588	 0.995347	 0.103214	 0.118504	 0.059252
6.777059	 0.881588	 0.995347	 0.103214	 0.118504	 0.059252
6.786779	 0.881588	 0.995347	 0.103214	 0.118504	 0.059252
6.797107	 0.886240	 0.995814	 0.096780	 0.113837	 0.056918
6.806806	 0.886839	 0.995872	 0.095959	 0.113236	 0.056618
6.817026	 0.888261	 0.996008	 0.094044	 0.111810	 0.055905
6.827089	 0.888303	 0.996012	 0.093988	 0.111768	 0.055884
6.836717	 0.888303	 0.996012	 0.093988	 0.111768	 0.055884
6.846669	 0.890268	 0.996194	 0.091360	 0.109798	 0.054899
6.856876	 0.890268	 0.996194	 0.091360	 0.109798	 0.054899
6.866710	 0.892011	 0.996352	 0.089044	 0.108050	 0.054025
6.877278	 0.893587	 0.996491	 0.086964	 0.106471	 0.053235
6.886719	 0.893880	 0.996517	 0.086580	 0.106177	 0.053089
6.896691	 0.895345	 0.996642	 0.084673	 0.104709	 0.052355
6.907175	 0.897228	 0.996800	 0.082231	 0.102822	 0.051411
6.916971	 0.897521	 0.996824	 0.081853	 0.102528	 0.051264
6.926745	 0.899237	 0.996963	 0.079660	 0.100808	 0.050404
6.936699	 0.899251	 0.996964	 0.079642	 0.100794	 0.050397
6.946689	 0.901080	 0.997108	 0.077325	 0.098963	 0.049481
