Time (s)	 x(m)	 y(m)	 theta(rad)	 error	 velocidad(m/s)

0.000087	 1.000000	 1.000000	 0.000000	 1.414214	 0.424264
0.010206	 1.003309	 0.999978	 -0.013177	 1.416540	 0.424962
0.020232	 1.003309	 0.999978	 -0.013177	 1.416540	 0.424962
0.030210	 1.003309	 0.999978	 -0.013177	 1.416540	 0.424962
0.040368	 1.009129	 0.999835	 -0.036355	 1.420567	 0.426170
0.050315	 1.011508	 0.999737	 -0.045837	 1.422189	 0.426657
0.060429	 1.016702	 0.999445	 -0.066551	 1.425684	 0.427705
0.070271	 1.016702	 0.999445	 -0.066551	 1.425684	 0.427705
0.080296	 1.021733	 0.999060	 -0.086642	 1.429006	 0.428702
0.090170	 1.025741	 0.998680	 -0.102675	 1.431610	 0.429483
0.100259	 1.026083	 0.998644	 -0.104041	 1.431829	 0.429549
0.110217	 1.031203	 0.998057	 -0.124562	 1.435095	 0.430528
0.121796	 1.035467	 0.997486	 -0.141692	 1.437766	 0.431330
0.130336	 1.035723	 0.997450	 -0.142721	 1.437924	 0.431377
0.140257	 1.040582	 0.996703	 -0.162299	 1.440912	 0.432274
0.150337	 1.040582	 0.996703	 -0.162299	 1.440912	 0.432274
0.160234	 1.046283	 0.995703	 -0.185343	 1.444345	 0.433303
0.170396	 1.051121	 0.994747	 -0.204981	 1.447196	 0.434159
0.180307	 1.051121	 0.994747	 -0.204981	 1.447196	 0.434159
0.190284	 1.055952	 0.993693	 -0.224670	 1.449986	 0.434996
0.200303	 1.062287	 0.992159	 -0.250622	 1.453559	 0.436068
0.210482	 1.062329	 0.992148	 -0.250795	 1.453582	 0.436075
0.220247	 1.067843	 0.990669	 -0.273529	 1.456611	 0.436983
0.230269	 1.067843	 0.990669	 -0.273529	 1.456611	 0.436983
0.240980	 1.072081	 0.989440	 -0.291098	 1.458887	 0.437666
0.250311	 1.072165	 0.989415	 -0.291446	 1.458931	 0.437679
0.260303	 1.076638	 0.988028	 -0.310092	 1.461283	 0.438385
0.270563	 1.076638	 0.988028	 -0.310092	 1.461283	 0.438385
0.280231	 1.081089	 0.986556	 -0.328761	 1.463573	 0.439072
0.290389	 1.085437	 0.985029	 -0.347109	 1.465761	 0.439728
0.300202	 1.085437	 0.985029	 -0.347109	 1.465761	 0.439728
0.310216	 1.090542	 0.983120	 -0.368813	 1.468266	 0.440480
0.320266	 1.090542	 0.983120	 -0.368813	 1.468266	 0.440480
0.330453	 1.090542	 0.983120	 -0.368813	 1.468266	 0.440480
0.340703	 1.094512	 0.981547	 -0.385817	 1.470167	 0.441050
0.350563	 1.094512	 0.981547	 -0.385817	 1.470167	 0.441050
0.360476	 1.098420	 0.979921	 -0.402668	 1.471996	 0.441599
0.370204	 1.102303	 0.978229	 -0.419535	 1.473772	 0.442132
0.380437	 1.106163	 0.976469	 -0.436427	 1.475496	 0.442649
0.390339	 1.106163	 0.976469	 -0.436427	 1.475496	 0.442649
0.400620	 1.109999	 0.974640	 -0.453345	 1.477166	 0.443150
0.410336	 1.113804	 0.972747	 -0.470271	 1.478782	 0.443635
0.421231	 1.117465	 0.970848	 -0.486693	 1.480296	 0.444089
0.430499	 1.117583	 0.970786	 -0.487222	 1.480344	 0.444103
0.440236	 1.122149	 0.968306	 -0.507911	 1.482173	 0.444652
0.450503	 1.122149	 0.968306	 -0.507911	 1.482173	 0.444652
0.460303	 1.126322	 0.965931	 -0.527031	 1.483788	 0.445136
0.471440	 1.129882	 0.963821	 -0.543510	 1.485121	 0.445536
0.480409	 1.130682	 0.963336	 -0.547232	 1.485415	 0.445624
0.490305	 1.130682	 0.963336	 -0.547232	 1.485415	 0.445624
0.500348	 1.134730	 0.960817	 -0.566217	 1.486869	 0.446061
0.510642	 1.134730	 0.960817	 -0.566217	 1.486869	 0.446061
0.520905	 1.134730	 0.960817	 -0.566217	 1.486869	 0.446061
0.530413	 1.138770	 0.958194	 -0.585398	 1.488265	 0.446480
0.540210	 1.142285	 0.955822	 -0.602280	 1.489433	 0.446830
0.550690	 1.142763	 0.955492	 -0.604592	 1.489588	 0.446876
0.560485	 1.142763	 0.955492	 -0.604592	 1.489588	 0.446876
0.573486	 1.146380	 0.952946	 -0.622207	 1.490736	 0.447221
0.580236	 1.147395	 0.952215	 -0.627189	 1.491049	 0.447315
0.590264	 1.151493	 0.949181	 -0.647491	 1.492274	 0.447682
0.600445	 1.151493	 0.949181	 -0.647491	 1.492274	 0.447682
0.610215	 1.155110	 0.946394	 -0.665672	 1.493299	 0.447990
0.620242	 1.158816	 0.943427	 -0.684575	 1.494293	 0.448288
0.630348	 1.158816	 0.943427	 -0.684575	 1.494293	 0.448288
0.640284	 1.163900	 0.939165	 -0.710990	 1.495558	 0.448668
0.650228	 1.163900	 0.939165	 -0.710990	 1.495558	 0.448668
0.660397	 1.168807	 0.934828	 -0.737068	 1.496667	 0.449000
0.670289	 1.168807	 0.934828	 -0.737068	 1.496667	 0.449000
0.680528	 1.173667	 0.930298	 -0.763519	 1.497648	 0.449294
0.690179	 1.173667	 0.930298	 -0.763519	 1.497648	 0.449294
0.700296	 1.177870	 0.926180	 -0.786950	 1.498395	 0.449518
0.710329	 1.181294	 0.922678	 -0.806453	 1.498930	 0.449679
0.720291	 1.185139	 0.918578	 -0.828832	 1.499447	 0.449834
0.730472	 1.185139	 0.918578	 -0.828832	 1.499447	 0.449834
0.740234	 1.188089	 0.915303	 -0.846385	 1.499779	 0.449934
0.750563	 1.191449	 0.911428	 -0.866806	 1.500084	 0.450025
0.760205	 1.191449	 0.911428	 -0.866806	 1.500084	 0.450025
0.771392	 1.194815	 0.907380	 -0.887770	 1.500307	 0.450092
0.780501	 1.195551	 0.906470	 -0.892429	 1.500344	 0.450103
0.790211	 1.198482	 0.902763	 -0.911246	 1.500447	 0.450134
0.800312	 1.198482	 0.902763	 -0.911246	 1.500447	 0.450134
0.810212	 1.201746	 0.898460	 -0.932754	 1.500475	 0.450142
0.820622	 1.201746	 0.898460	 -0.932754	 1.500475	 0.450142
0.830352	 1.205385	 0.893425	 -0.957488	 1.500387	 0.450116
0.840239	 1.205385	 0.893425	 -0.957488	 1.500387	 0.450116
0.850260	 1.208722	 0.888564	 -0.980967	 1.500185	 0.450056
0.860220	 1.211241	 0.884726	 -0.999247	 1.499948	 0.449984
0.870612	 1.211241	 0.884726	 -0.999247	 1.499948	 0.449984
0.880180	 1.214278	 0.879885	 -1.022002	 1.499556	 0.449867
0.890354	 1.216886	 0.875521	 -1.042245	 1.499116	 0.449735
0.900256	 1.216886	 0.875521	 -1.042245	 1.499116	 0.449735
0.910290	 1.219208	 0.871460	 -1.060869	 1.498636	 0.449591
0.920336	 1.219208	 0.871460	 -1.060869	 1.498636	 0.449591
0.930240	 1.221304	 0.867636	 -1.078234	 1.498124	 0.449437
0.940532	 1.223477	 0.863496	 -1.096850	 1.497505	 0.449251
0.950264	 1.223477	 0.863496	 -1.096850	 1.497505	 0.449251
0.960187	 1.225788	 0.858875	 -1.117423	 1.496737	 0.449021
0.970531	 1.227832	 0.854577	 -1.136377	 1.495952	 0.448786
0.980584	 1.228153	 0.853884	 -1.139415	 1.495820	 0.448746
0.991329	 1.228153	 0.853884	 -1.139415	 1.495820	 0.448746
1.000556	 1.230263	 0.849174	 -1.159964	 1.494872	 0.448462
1.010282	 1.232138	 0.844756	 -1.179076	 1.493913	 0.448174
1.020294	 1.232138	 0.844756	 -1.179076	 1.493913	 0.448174
1.030461	 1.234008	 0.840098	 -1.199063	 1.492829	 0.447849
1.044533	 1.234008	 0.840098	 -1.199063	 1.492829	 0.447849
1.050400	 1.235923	 0.835027	 -1.220645	 1.491568	 0.447470
1.060422	 1.237348	 0.831021	 -1.237575	 1.490512	 0.447154
1.070391	 1.237653	 0.830133	 -1.241316	 1.490270	 0.447081
1.080232	 1.239281	 0.825208	 -1.261968	 1.488888	 0.446666
1.090199	 1.239281	 0.825208	 -1.261968	 1.488888	 0.446666
1.102406	 1.240819	 0.820212	 -1.282782	 1.487407	 0.446222
1.110232	 1.242227	 0.815274	 -1.303227	 1.485867	 0.445760
1.120991	 1.243456	 0.810619	 -1.322400	 1.484347	 0.445304
1.131243	 1.243456	 0.810619	 -1.322400	 1.484347	 0.445304
1.140439	 1.243456	 0.810619	 -1.322400	 1.484347	 0.445304
1.150336	 1.244845	 0.804861	 -1.345982	 1.482377	 0.444713
1.160280	 1.244934	 0.804471	 -1.347577	 1.482239	 0.444672
1.170909	 1.244934	 0.804471	 -1.347577	 1.482239	 0.444672
1.180440	 1.246824	 0.795371	 -1.384585	 1.478913	 0.443674
1.190262	 1.246824	 0.795371	 -1.384585	 1.478913	 0.443674
1.200227	 1.247696	 0.790479	 -1.404372	 1.477025	 0.443107
1.210267	 1.247696	 0.790479	 -1.404372	 1.477025	 0.443107
1.220244	 1.248457	 0.785664	 -1.423782	 1.475098	 0.442529
1.230245	 1.248457	 0.785664	 -1.423782	 1.475098	 0.442529
1.241350	 1.249045	 0.781455	 -1.440702	 1.473358	 0.442007
1.250684	 1.249050	 0.781412	 -1.440878	 1.473340	 0.442002
1.260269	 1.249050	 0.781412	 -1.440878	 1.473340	 0.442002
1.270441	 1.249619	 0.776716	 -1.459711	 1.471338	 0.441401
1.280891	 1.249619	 0.776716	 -1.459711	 1.471338	 0.441401
1.290247	 1.249619	 0.776716	 -1.459711	 1.471338	 0.441401
1.300545	 1.250107	 0.771928	 -1.478873	 1.469232	 0.440769
1.310544	 1.250107	 0.771928	 -1.478873	 1.469232	 0.440769
1.320239	 1.250516	 0.766963	 -1.498713	 1.466977	 0.440093
1.330473	 1.250516	 0.766963	 -1.498713	 1.466977	 0.440093
1.340174	 1.250797	 0.762525	 -1.516418	 1.464902	 0.439471
1.350456	 1.250993	 0.758263	 -1.533406	 1.462856	 0.438857
1.360503	 1.250993	 0.758263	 -1.533406	 1.462856	 0.438857
1.370287	 1.251125	 0.753611	 -1.551935	 1.460563	 0.438169
1.383243	 1.251169	 0.749533	 -1.568175	 1.458500	 0.437550
1.395146	 1.251169	 0.748219	 -1.573409	 1.457825	 0.437348
1.400330	 1.251169	 0.748219	 -1.573409	 1.457825	 0.437348
1.410316	 1.251100	 0.742926	 -1.594486	 1.455056	 0.436517
1.420248	 1.250955	 0.738473	 -1.612226	 1.452663	 0.435799
1.430312	 1.250951	 0.738386	 -1.612573	 1.452616	 0.435785
1.440245	 1.250698	 0.733468	 -1.632181	 1.449904	 0.434971
1.450352	 1.250414	 0.729386	 -1.648474	 1.447598	 0.434279
1.460261	 1.250349	 0.728562	 -1.651763	 1.447126	 0.434138
1.470261	 1.249869	 0.723330	 -1.672684	 1.444084	 0.433225
1.480677	 1.249392	 0.719020	 -1.689949	 1.441516	 0.432455
1.490262	 1.249185	 0.717344	 -1.696675	 1.440502	 0.432151
1.500192	 1.248392	 0.711606	 -1.719741	 1.436964	 0.431089
1.510258	 1.248392	 0.711606	 -1.719741	 1.436964	 0.431089
1.520461	 1.247565	 0.706455	 -1.740513	 1.433700	 0.430110
1.530299	 1.246858	 0.702514	 -1.756456	 1.431146	 0.429344
1.540373	 1.246754	 0.701964	 -1.758682	 1.430786	 0.429236
1.550260	 1.245749	 0.696955	 -1.779024	 1.427458	 0.428238
1.560441	 1.245749	 0.696955	 -1.779024	 1.427458	 0.428238
1.570340	 1.244847	 0.692852	 -1.795752	 1.424671	 0.427401
1.580365	 1.243898	 0.688856	 -1.812107	 1.421902	 0.426571
1.590220	 1.243898	 0.688856	 -1.812107	 1.421902	 0.426571
1.600316	 1.242657	 0.684020	 -1.831985	 1.418478	 0.425544
1.610451	 1.242657	 0.684020	 -1.831985	 1.418478	 0.425544
1.620499	 1.241383	 0.679426	 -1.850969	 1.415151	 0.424545
1.630395	 1.239949	 0.674622	 -1.870934	 1.411590	 0.423477
1.642799	 1.239898	 0.674460	 -1.871610	 1.411469	 0.423441
1.650471	 1.239898	 0.674460	 -1.871610	 1.411469	 0.423441
1.661148	 1.238371	 0.669702	 -1.891505	 1.407858	 0.422357
1.670457	 1.237981	 0.668538	 -1.896395	 1.406961	 0.422088
1.680407	 1.237981	 0.668538	 -1.896395	 1.406961	 0.422088
1.704060	 1.237981	 0.668538	 -1.896395	 1.406961	 0.422088
1.704182	 1.237981	 0.668538	 -1.896395	 1.406961	 0.422088
1.710195	 1.233968	 0.657506	 -1.943139	 1.398210	 0.419463
1.720353	 1.233968	 0.657506	 -1.943139	 1.398210	 0.419463
1.730161	 1.231340	 0.651041	 -1.970929	 1.392857	 0.417857
1.740246	 1.231340	 0.651041	 -1.970929	 1.392857	 0.417857
1.750231	 1.229357	 0.646480	 -1.990732	 1.388976	 0.416693
1.760264	 1.229357	 0.646480	 -1.990732	 1.388976	 0.416693
1.770234	 1.226572	 0.640454	 -2.017166	 1.383712	 0.415114
1.780373	 1.224240	 0.635711	 -2.038211	 1.379454	 0.413836
1.790204	 1.222169	 0.631696	 -2.056197	 1.375768	 0.412730
1.801087	 1.220351	 0.628313	 -2.071490	 1.372601	 0.411780
1.810443	 1.219855	 0.627409	 -2.075597	 1.371746	 0.411524
1.820693	 1.219855	 0.627409	 -2.075597	 1.371746	 0.411524
1.830418	 1.217875	 0.623893	 -2.091661	 1.368380	 0.410514
1.840184	 1.215316	 0.619533	 -2.111793	 1.364116	 0.409235
1.850530	 1.215316	 0.619533	 -2.111793	 1.364116	 0.409235
1.860308	 1.212918	 0.615623	 -2.130056	 1.360207	 0.408062
1.870398	 1.212918	 0.615623	 -2.130056	 1.360207	 0.408062
1.880290	 1.210141	 0.611286	 -2.150563	 1.355770	 0.406731
1.890696	 1.207882	 0.607895	 -2.166786	 1.352226	 0.405668
1.900193	 1.207882	 0.607895	 -2.166786	 1.352226	 0.405668
1.910200	 1.205577	 0.604554	 -2.182947	 1.348667	 0.404600
1.920200	 1.203318	 0.601389	 -2.198430	 1.345230	 0.403569
1.930216	 1.203318	 0.601389	 -2.198430	 1.345230	 0.403569
1.940291	 1.200898	 0.598109	 -2.214662	 1.341600	 0.402480
1.950320	 1.198552	 0.595032	 -2.230069	 1.338129	 0.401439
1.960436	 1.198552	 0.595032	 -2.230069	 1.338129	 0.401439
1.970229	 1.195260	 0.590876	 -2.251179	 1.333335	 0.400000
1.980504	 1.195260	 0.590876	 -2.251179	 1.333335	 0.400000
1.990876	 1.195260	 0.590876	 -2.251179	 1.333335	 0.400000
2.000312	 1.189631	 0.584162	 -2.286067	 1.325318	 0.397595
2.010185	 1.189631	 0.584162	 -2.286067	 1.325318	 0.397595
2.020350	 1.186914	 0.581085	 -2.302411	 1.321524	 0.396457
2.030710	 1.183915	 0.577803	 -2.320113	 1.317388	 0.395216
2.040259	 1.181768	 0.575523	 -2.332584	 1.314459	 0.394338
2.050258	 1.178800	 0.572463	 -2.349558	 1.310451	 0.393135
2.060208	 1.178800	 0.572463	 -2.349558	 1.310451	 0.393135
2.070210	 1.174716	 0.568418	 -2.372444	 1.305013	 0.391504
2.080337	 1.174716	 0.568418	 -2.372444	 1.305013	 0.391504
2.090442	 1.171337	 0.565207	 -2.391008	 1.300572	 0.390172
2.101394	 1.167818	 0.561986	 -2.410002	 1.296004	 0.388801
2.110423	 1.166829	 0.561103	 -2.415283	 1.294730	 0.388419
2.120212	 1.163491	 0.558190	 -2.432922	 1.290460	 0.387138
2.130277	 1.163491	 0.558190	 -2.432922	 1.290460	 0.387138
2.140177	 1.158467	 0.553995	 -2.458984	 1.284117	 0.385235
2.150219	 1.158467	 0.553995	 -2.458984	 1.284117	 0.385235
2.162660	 1.153932	 0.550393	 -2.482041	 1.278473	 0.383542
2.170659	 1.152804	 0.549524	 -2.487712	 1.277080	 0.383124
2.180271	 1.152804	 0.549524	 -2.487712	 1.277080	 0.383124
2.190487	 1.146869	 0.545111	 -2.517162	 1.269825	 0.380947
2.200364	 1.146869	 0.545111	 -2.517162	 1.269825	 0.380947
2.210706	 1.143666	 0.542841	 -2.532793	 1.265958	 0.379787
2.220365	 1.140657	 0.540775	 -2.547326	 1.262354	 0.378706
2.230445	 1.140657	 0.540775	 -2.547326	 1.262354	 0.378706
2.240431	 1.137313	 0.538554	 -2.563313	 1.258380	 0.377514
2.250432	 1.137313	 0.538554	 -2.563313	 1.258380	 0.377514
2.260380	 1.132277	 0.535351	 -2.587075	 1.252459	 0.375738
2.270735	 1.129257	 0.533510	 -2.601159	 1.248941	 0.374682
2.280245	 1.129193	 0.533471	 -2.601458	 1.248867	 0.374660
2.290242	 1.129193	 0.533471	 -2.601458	 1.248867	 0.374660
2.300311	 1.125216	 0.531136	 -2.619822	 1.244273	 0.373282
2.310242	 1.125216	 0.531136	 -2.619822	 1.244273	 0.373282
2.320208	 1.121573	 0.529079	 -2.635271	 1.240101	 0.372030
2.331323	 1.117940	 0.527098	 -2.649004	 1.235970	 0.370791
2.340257	 1.117547	 0.526887	 -2.650281	 1.235525	 0.370657
2.350224	 1.112364	 0.524157	 -2.663273	 1.229672	 0.368902
2.361015	 1.108783	 0.522317	 -2.670257	 1.225649	 0.367695
2.370303	 1.108685	 0.522267	 -2.670423	 1.225538	 0.367662
2.380208	 1.104550	 0.520177	 -2.676445	 1.220907	 0.366272
2.390362	 1.101397	 0.518603	 -2.680658	 1.217384	 0.365215
2.400479	 1.101397	 0.518603	 -2.680658	 1.217384	 0.365215
2.410238	 1.097629	 0.516741	 -2.684473	 1.213182	 0.363955
2.420376	 1.093927	 0.514928	 -2.687828	 1.209061	 0.362718
2.430298	 1.093927	 0.514928	 -2.687828	 1.209061	 0.362718
2.440250	 1.090795	 0.513404	 -2.689890	 1.205577	 0.361673
2.450865	 1.086327	 0.511244	 -2.692530	 1.200615	 0.360185
2.460202	 1.086327	 0.511244	 -2.692530	 1.200615	 0.360185
2.470492	 1.082527	 0.509417	 -2.694210	 1.196398	 0.358920
2.480357	 1.079378	 0.507908	 -2.695489	 1.192907	 0.357872
2.490385	 1.079378	 0.507908	 -2.695489	 1.192907	 0.357872
2.501383	 1.075531	 0.506072	 -2.696671	 1.188645	 0.356593
2.510571	 1.075209	 0.505918	 -2.696761	 1.188287	 0.356486
2.520305	 1.071957	 0.504369	 -2.697518	 1.184686	 0.355406
2.530428	 1.071700	 0.504247	 -2.697577	 1.184401	 0.355320
2.540364	 1.068586	 0.502767	 -2.698187	 1.180954	 0.354286
2.550388	 1.068586	 0.502767	 -2.698187	 1.180954	 0.354286
2.560401	 1.065608	 0.501354	 -2.698698	 1.177657	 0.353297
2.570979	 1.064968	 0.501050	 -2.698804	 1.176949	 0.353085
2.580302	 1.064968	 0.501050	 -2.698804	 1.176949	 0.353085
2.592070	 1.060947	 0.499144	 -2.699372	 1.172498	 0.351750
2.600475	 1.057984	 0.497742	 -2.699744	 1.169221	 0.350766
2.610214	 1.057253	 0.497397	 -2.699824	 1.168413	 0.350524
2.620245	 1.052910	 0.495344	 -2.700236	 1.163609	 0.349083
2.630386	 1.052910	 0.495344	 -2.700236	 1.163609	 0.349083
2.641531	 1.048993	 0.493494	 -2.700540	 1.159277	 0.347783
2.651122	 1.047478	 0.492779	 -2.700653	 1.157601	 0.347280
2.660247	 1.047478	 0.492779	 -2.700653	 1.157601	 0.347280
2.671434	 1.041128	 0.489783	 -2.701027	 1.150580	 0.345174
2.680250	 1.040311	 0.489399	 -2.701071	 1.149678	 0.344903
2.690246	 1.036628	 0.487663	 -2.701211	 1.145606	 0.343682
2.700282	 1.033141	 0.486019	 -2.701327	 1.141751	 0.342525
2.710429	 1.033141	 0.486019	 -2.701327	 1.141751	 0.342525
2.720195	 1.029205	 0.484165	 -2.701428	 1.137400	 0.341220
2.730975	 1.026267	 0.482782	 -2.701495	 1.134152	 0.340246
2.740196	 1.025804	 0.482564	 -2.701505	 1.133641	 0.340092
2.750281	 1.022172	 0.480854	 -2.701569	 1.129626	 0.338888
2.760313	 1.018611	 0.479177	 -2.701623	 1.125691	 0.337707
2.770416	 1.018611	 0.479177	 -2.701623	 1.125691	 0.337707
2.780190	 1.015096	 0.477523	 -2.701666	 1.121806	 0.336542
2.790251	 1.015096	 0.477523	 -2.701666	 1.121806	 0.336542
2.800254	 1.011806	 0.475974	 -2.701701	 1.118169	 0.335451
2.811510	 1.008980	 0.474644	 -2.701726	 1.115046	 0.334514
2.820267	 1.008525	 0.474430	 -2.701730	 1.114543	 0.334363
2.830498	 1.005468	 0.472992	 -2.701753	 1.111165	 0.333350
2.840246	 1.005408	 0.472963	 -2.701753	 1.111098	 0.333329
2.850721	 1.002030	 0.471374	 -2.701774	 1.107365	 0.332209
2.860528	 1.002030	 0.471374	 -2.701774	 1.107365	 0.332209
2.870315	 0.998601	 0.469760	 -2.701792	 1.103576	 0.331073
2.880217	 0.998601	 0.469760	 -2.701792	 1.103576	 0.331073
2.890220	 0.995213	 0.468166	 -2.701808	 1.099831	 0.329949
2.900193	 0.992134	 0.466717	 -2.701820	 1.096429	 0.328929
2.910202	 0.992075	 0.466689	 -2.701821	 1.096363	 0.328909
2.920303	 0.992075	 0.466689	 -2.701821	 1.096363	 0.328909
2.930555	 0.985378	 0.463539	 -2.701842	 1.088962	 0.326689
2.940250	 0.985378	 0.463539	 -2.701842	 1.088962	 0.326689
2.950490	 0.980102	 0.461056	 -2.701856	 1.083131	 0.324939
2.961764	 0.977364	 0.459768	 -2.701860	 1.080105	 0.324031
2.970171	 0.975660	 0.458967	 -2.701863	 1.078222	 0.323467
2.980206	 0.972145	 0.457313	 -2.701868	 1.074337	 0.322301
2.990431	 0.972145	 0.457313	 -2.701868	 1.074337	 0.322301
3.000351	 0.968614	 0.455652	 -2.701871	 1.070435	 0.321131
3.010240	 0.965121	 0.454008	 -2.701875	 1.066575	 0.319972
3.020309	 0.965063	 0.453981	 -2.701875	 1.066510	 0.319953
3.030538	 0.961790	 0.452442	 -2.701877	 1.062894	 0.318868
3.040478	 0.959103	 0.451178	 -2.701879	 1.059925	 0.317977
3.050369	 0.958613	 0.450947	 -2.701879	 1.059383	 0.317815
3.061153	 0.955276	 0.449377	 -2.701881	 1.055695	 0.316709
3.070186	 0.952063	 0.447866	 -2.701883	 1.052144	 0.315643
3.080271	 0.951261	 0.447488	 -2.701883	 1.051258	 0.315377
3.091610	 0.948519	 0.446198	 -2.701884	 1.048228	 0.314468
3.100283	 0.948405	 0.446145	 -2.701884	 1.048102	 0.314430
3.110534	 0.945047	 0.444565	 -2.701885	 1.044391	 0.313317
3.120262	 0.945047	 0.444565	 -2.701885	 1.044391	 0.313317
3.130353	 0.942297	 0.443271	 -2.701886	 1.041351	 0.312405
3.143768	 0.942297	 0.443271	 -2.701886	 1.041351	 0.312405
3.150160	 0.938930	 0.441688	 -2.701887	 1.037631	 0.311289
3.160385	 0.938930	 0.441688	 -2.701887	 1.037631	 0.311289
3.170215	 0.935014	 0.439845	 -2.701888	 1.033303	 0.309991
3.180389	 0.933691	 0.439223	 -2.701888	 1.031841	 0.309552
3.190218	 0.930776	 0.437852	 -2.701888	 1.028620	 0.308586
3.200517	 0.930608	 0.437773	 -2.701888	 1.028434	 0.308530
3.210419	 0.927285	 0.436210	 -2.701889	 1.024761	 0.307428
3.220548	 0.927285	 0.436210	 -2.701889	 1.024761	 0.307428
3.230366	 0.923859	 0.434598	 -2.701889	 1.020975	 0.306293
3.241531	 0.921252	 0.433371	 -2.701889	 1.018094	 0.305428
3.250582	 0.920836	 0.433176	 -2.701889	 1.017635	 0.305290
3.260229	 0.917188	 0.431460	 -2.701890	 1.013604	 0.304081
3.270216	 0.917188	 0.431460	 -2.701890	 1.013604	 0.304081
3.280195	 0.914299	 0.430101	 -2.701890	 1.010410	 0.303123
3.290504	 0.911250	 0.428667	 -2.701890	 1.007041	 0.302112
3.300228	 0.911058	 0.428576	 -2.701890	 1.006829	 0.302049
3.310231	 0.908297	 0.427278	 -2.701890	 1.003778	 0.301133
3.320992	 0.905188	 0.425815	 -2.701890	 1.000342	 0.300102
3.330242	 0.905188	 0.425815	 -2.701890	 1.000342	 0.300102
3.341015	 0.902580	 0.424588	 -2.701890	 0.997459	 0.299238
3.351583	 0.900005	 0.423377	 -2.701891	 0.994614	 0.298384
3.360404	 0.899842	 0.423300	 -2.701891	 0.994434	 0.298330
3.370301	 0.896171	 0.421573	 -2.701891	 0.990377	 0.297113
3.380246	 0.896171	 0.421573	 -2.701891	 0.990377	 0.297113
3.390233	 0.892917	 0.420042	 -2.701891	 0.986781	 0.296034
3.400173	 0.892917	 0.420042	 -2.701891	 0.986781	 0.296034
3.410417	 0.889916	 0.418630	 -2.701891	 0.983464	 0.295039
3.422171	 0.887430	 0.417461	 -2.701891	 0.980716	 0.294215
3.430502	 0.887083	 0.417298	 -2.701891	 0.980333	 0.294100
3.440241	 0.884527	 0.416096	 -2.701891	 0.977509	 0.293253
3.450284	 0.884208	 0.415945	 -2.701891	 0.977156	 0.293147
3.460168	 0.879989	 0.413961	 -2.701891	 0.972493	 0.291748
3.470865	 0.877532	 0.412805	 -2.701891	 0.969779	 0.290934
3.480319	 0.877005	 0.412557	 -2.701891	 0.969196	 0.290759
3.491313	 0.873556	 0.410935	 -2.701891	 0.965385	 0.289615
3.502059	 0.873556	 0.410935	 -2.701891	 0.965385	 0.289615
3.510349	 0.871038	 0.409750	 -2.701891	 0.962602	 0.288781
3.520203	 0.870829	 0.409652	 -2.701891	 0.962371	 0.288711
3.530225	 0.868058	 0.408348	 -2.701891	 0.959309	 0.287793
3.540186	 0.865370	 0.407084	 -2.701891	 0.956339	 0.286902
3.550272	 0.865370	 0.407084	 -2.701891	 0.956339	 0.286902
3.560188	 0.861501	 0.405264	 -2.701891	 0.952062	 0.285619
3.570191	 0.861501	 0.405264	 -2.701891	 0.952062	 0.285619
3.580473	 0.858733	 0.403962	 -2.701891	 0.949004	 0.284701
3.590188	 0.858733	 0.403962	 -2.701891	 0.949004	 0.284701
3.600439	 0.855536	 0.402458	 -2.701891	 0.945470	 0.283641
3.610886	 0.853145	 0.401333	 -2.701891	 0.942828	 0.282848
3.620284	 0.852709	 0.401128	 -2.701891	 0.942346	 0.282704
3.630757	 0.849817	 0.399767	 -2.701891	 0.939150	 0.281745
3.640267	 0.848208	 0.399010	 -2.701891	 0.937372	 0.281211
3.650293	 0.848208	 0.399010	 -2.701891	 0.937372	 0.281211
3.660393	 0.848208	 0.399010	 -2.701891	 0.937372	 0.281211
3.670407	 0.843040	 0.396579	 -2.701891	 0.931661	 0.279498
3.680331	 0.839541	 0.394933	 -2.701891	 0.927793	 0.278338
3.690532	 0.839541	 0.394933	 -2.701891	 0.927793	 0.278338
3.700274	 0.836593	 0.393547	 -2.701891	 0.924536	 0.277361
3.710377	 0.833877	 0.392269	 -2.701891	 0.921534	 0.276460
3.720361	 0.831196	 0.391008	 -2.701891	 0.918571	 0.275571
3.730671	 0.831196	 0.391008	 -2.701891	 0.918571	 0.275571
3.740275	 0.828402	 0.389693	 -2.701891	 0.915484	 0.274645
3.750196	 0.828402	 0.389693	 -2.701891	 0.915484	 0.274645
3.760212	 0.826015	 0.388571	 -2.701891	 0.912846	 0.273854
3.770204	 0.822613	 0.386970	 -2.701891	 0.909087	 0.272726
3.780205	 0.822613	 0.386970	 -2.701891	 0.909087	 0.272726
3.790256	 0.819773	 0.385634	 -2.701891	 0.905947	 0.271784
3.800279	 0.816200	 0.383953	 -2.701891	 0.901999	 0.270600
3.810381	 0.816200	 0.383953	 -2.701891	 0.901999	 0.270600
3.820222	 0.813332	 0.382604	 -2.701891	 0.898830	 0.269649
3.830192	 0.813332	 0.382604	 -2.701891	 0.898830	 0.269649
3.840234	 0.810768	 0.381398	 -2.701891	 0.895996	 0.268799
3.850165	 0.808210	 0.380195	 -2.701891	 0.893170	 0.267951
3.861388	 0.805955	 0.379134	 -2.701891	 0.890677	 0.267203
3.870186	 0.805421	 0.378883	 -2.701891	 0.890088	 0.267026
3.880181	 0.802714	 0.377609	 -2.701891	 0.887096	 0.266129
3.890405	 0.800471	 0.376554	 -2.701891	 0.884616	 0.265385
3.900247	 0.799893	 0.376282	 -2.701891	 0.883978	 0.265193
3.910169	 0.797155	 0.374994	 -2.701891	 0.880953	 0.264286
3.920214	 0.794689	 0.373834	 -2.701891	 0.878227	 0.263468
3.930585	 0.794689	 0.373834	 -2.701891	 0.878227	 0.263468
3.940285	 0.791851	 0.372499	 -2.701891	 0.875091	 0.262527
3.950679	 0.791851	 0.372499	 -2.701891	 0.875091	 0.262527
3.960306	 0.789234	 0.371268	 -2.701891	 0.872199	 0.261660
3.970242	 0.786910	 0.370175	 -2.701891	 0.869630	 0.260889
3.980254	 0.786910	 0.370175	 -2.701891	 0.869630	 0.260889
3.990307	 0.783531	 0.368585	 -2.701891	 0.865896	 0.259769
4.000433	 0.780845	 0.367322	 -2.701891	 0.862928	 0.258878
4.011042	 0.780845	 0.367322	 -2.701891	 0.862928	 0.258878
4.020704	 0.780845	 0.367322	 -2.701891	 0.862928	 0.258878
4.030232	 0.776274	 0.365172	 -2.701891	 0.857877	 0.257363
4.040254	 0.776274	 0.365172	 -2.701891	 0.857877	 0.257363
4.050302	 0.773262	 0.363755	 -2.701891	 0.854547	 0.256364
4.060246	 0.773262	 0.363755	 -2.701891	 0.854547	 0.256364
4.070210	 0.770567	 0.362487	 -2.701891	 0.851569	 0.255471
4.080219	 0.768297	 0.361419	 -2.701891	 0.849061	 0.254718
4.090205	 0.767534	 0.361060	 -2.701891	 0.848218	 0.254465
4.100179	 0.764976	 0.359857	 -2.701891	 0.845391	 0.253617
4.110403	 0.764976	 0.359857	 -2.701891	 0.845391	 0.253617
4.120314	 0.764976	 0.359857	 -2.701891	 0.845391	 0.253617
4.130229	 0.762173	 0.358538	 -2.701891	 0.842293	 0.252688
4.140500	 0.759332	 0.357202	 -2.701891	 0.839153	 0.251746
4.150609	 0.759332	 0.357202	 -2.701891	 0.839153	 0.251746
4.160507	 0.756826	 0.356023	 -2.701891	 0.836383	 0.250915
4.170382	 0.756826	 0.356023	 -2.701891	 0.836383	 0.250915
4.180580	 0.754076	 0.354729	 -2.701891	 0.833345	 0.250004
4.190874	 0.751856	 0.353685	 -2.701891	 0.830891	 0.249267
4.200355	 0.751404	 0.353472	 -2.701891	 0.830392	 0.249117
4.210473	 0.748743	 0.352220	 -2.701891	 0.827451	 0.248235
4.220366	 0.746628	 0.351226	 -2.701891	 0.825114	 0.247534
4.230262	 0.745977	 0.350919	 -2.701891	 0.824394	 0.247318
4.240325	 0.745977	 0.350919	 -2.701891	 0.824394	 0.247318
4.250261	 0.742393	 0.349233	 -2.701891	 0.820433	 0.246130
4.260231	 0.740247	 0.348224	 -2.701891	 0.818062	 0.245419
4.270180	 0.737890	 0.347115	 -2.701891	 0.815458	 0.244637
4.280220	 0.737890	 0.347115	 -2.701891	 0.815458	 0.244637
4.290271	 0.735765	 0.346115	 -2.701891	 0.813108	 0.243933
4.300239	 0.735765	 0.346115	 -2.701891	 0.813108	 0.243933
4.311239	 0.732693	 0.344671	 -2.701891	 0.809714	 0.242914
4.320253	 0.730424	 0.343603	 -2.701891	 0.807207	 0.242162
4.330601	 0.730424	 0.343603	 -2.701891	 0.807207	 0.242162
4.340401	 0.726609	 0.341808	 -2.701891	 0.802990	 0.240897
4.350199	 0.725690	 0.341376	 -2.701891	 0.801975	 0.240593
4.360322	 0.725690	 0.341376	 -2.701891	 0.801975	 0.240593
4.370476	 0.721595	 0.339450	 -2.701891	 0.797449	 0.239235
4.380291	 0.719467	 0.338449	 -2.701891	 0.795098	 0.238529
4.391344	 0.717460	 0.337505	 -2.701891	 0.792880	 0.237864
4.400354	 0.716985	 0.337281	 -2.701891	 0.792355	 0.237706
4.410550	 0.713712	 0.335741	 -2.701891	 0.788737	 0.236621
4.423995	 0.713712	 0.335741	 -2.701891	 0.788737	 0.236621
4.430655	 0.713712	 0.335741	 -2.701891	 0.788737	 0.236621
4.440288	 0.710649	 0.334300	 -2.701891	 0.785352	 0.235606
4.450251	 0.710606	 0.334280	 -2.701891	 0.785305	 0.235591
4.460536	 0.706895	 0.332535	 -2.701891	 0.781204	 0.234361
4.470296	 0.706170	 0.332194	 -2.701891	 0.780403	 0.234121
4.480383	 0.703541	 0.330957	 -2.701891	 0.777497	 0.233249
4.491534	 0.701576	 0.330032	 -2.701891	 0.775326	 0.232598
4.500416	 0.701386	 0.329943	 -2.701891	 0.775116	 0.232535
4.510853	 0.699260	 0.328943	 -2.701891	 0.772766	 0.231830
4.520379	 0.699113	 0.328874	 -2.701891	 0.772604	 0.231781
4.530370	 0.696742	 0.327759	 -2.701891	 0.769984	 0.230995
4.540625	 0.696742	 0.327759	 -2.701891	 0.769984	 0.230995
4.550323	 0.694337	 0.326627	 -2.701891	 0.767326	 0.230198
4.560369	 0.694337	 0.326627	 -2.701891	 0.767326	 0.230198
4.571373	 0.690565	 0.324853	 -2.701891	 0.763157	 0.228947
4.580345	 0.690148	 0.324657	 -2.701891	 0.762697	 0.228809
4.592944	 0.687808	 0.323556	 -2.701891	 0.760110	 0.228033
4.600236	 0.687808	 0.323556	 -2.701891	 0.760110	 0.228033
4.610324	 0.685351	 0.322400	 -2.701891	 0.757395	 0.227218
4.620260	 0.682921	 0.321257	 -2.701891	 0.754710	 0.226413
4.631578	 0.680746	 0.320234	 -2.701891	 0.752307	 0.225692
4.640309	 0.680664	 0.320195	 -2.701891	 0.752216	 0.225665
4.650388	 0.678336	 0.319100	 -2.701891	 0.749643	 0.224893
4.660334	 0.675870	 0.317940	 -2.701891	 0.746918	 0.224075
4.670304	 0.675809	 0.317911	 -2.701891	 0.746851	 0.224055
4.680752	 0.672686	 0.316442	 -2.701891	 0.743399	 0.223020
4.690237	 0.672686	 0.316442	 -2.701891	 0.743399	 0.223020
4.700534	 0.670566	 0.315445	 -2.701891	 0.741057	 0.222317
4.710665	 0.668693	 0.314564	 -2.701891	 0.738986	 0.221696
4.720248	 0.667989	 0.314233	 -2.701891	 0.738209	 0.221463
4.730191	 0.665864	 0.313233	 -2.701891	 0.735860	 0.220758
4.740969	 0.663503	 0.312122	 -2.701891	 0.733251	 0.219975
4.751047	 0.661649	 0.311250	 -2.701891	 0.731202	 0.219361
4.760598	 0.661172	 0.311026	 -2.701891	 0.730674	 0.219202
4.770182	 0.658830	 0.309924	 -2.701891	 0.728087	 0.218426
4.780698	 0.656990	 0.309059	 -2.701891	 0.726053	 0.217816
4.790196	 0.656654	 0.308900	 -2.701891	 0.725682	 0.217705
4.800272	 0.654033	 0.307667	 -2.701891	 0.722785	 0.216836
4.811399	 0.652167	 0.306790	 -2.701891	 0.720723	 0.216217
4.820192	 0.651363	 0.306411	 -2.701891	 0.719835	 0.215950
4.830230	 0.649055	 0.305326	 -2.701891	 0.717284	 0.215185
4.841526	 0.646990	 0.304354	 -2.701891	 0.715002	 0.214501
4.850259	 0.646582	 0.304162	 -2.701891	 0.714550	 0.214365
4.860507	 0.644331	 0.303103	 -2.701891	 0.712063	 0.213619
4.870208	 0.644331	 0.303103	 -2.701891	 0.712063	 0.213619
4.880374	 0.644331	 0.303103	 -2.701891	 0.712063	 0.213619
4.890337	 0.641623	 0.301830	 -2.701891	 0.709071	 0.212721
4.901465	 0.639831	 0.300987	 -2.701891	 0.707090	 0.212127
4.910203	 0.639639	 0.300896	 -2.701891	 0.706878	 0.212063
4.920179	 0.637643	 0.299957	 -2.701891	 0.704672	 0.211402
4.930474	 0.637643	 0.299957	 -2.701891	 0.704672	 0.211402
4.940195	 0.635421	 0.298912	 -2.701891	 0.702216	 0.210665
4.950233	 0.633091	 0.297816	 -2.701891	 0.699642	 0.209893
4.961088	 0.631285	 0.296967	 -2.701891	 0.697646	 0.209294
4.970602	 0.631133	 0.296895	 -2.701891	 0.697478	 0.209243
4.980171	 0.629145	 0.295960	 -2.701891	 0.695281	 0.208584
4.990674	 0.627178	 0.295035	 -2.701891	 0.693107	 0.207932
5.000219	 0.627178	 0.295035	 -2.701891	 0.693107	 0.207932
5.010560	 0.625013	 0.294016	 -2.701891	 0.690715	 0.207214
5.020215	 0.622910	 0.293027	 -2.701891	 0.688390	 0.206517
5.030244	 0.622910	 0.293027	 -2.701891	 0.688390	 0.206517
5.040247	 0.621040	 0.292147	 -2.701891	 0.686324	 0.205897
5.050205	 0.619136	 0.291251	 -2.701891	 0.684219	 0.205266
5.060877	 0.617089	 0.290289	 -2.701891	 0.681958	 0.204587
5.072071	 0.616885	 0.290192	 -2.701891	 0.681732	 0.204520
5.080238	 0.616885	 0.290192	 -2.701891	 0.681732	 0.204520
5.090252	 0.614366	 0.289008	 -2.701891	 0.678949	 0.203685
5.101100	 0.612372	 0.288070	 -2.701891	 0.676745	 0.203024
5.110279	 0.612335	 0.288052	 -2.701891	 0.676704	 0.203011
5.120202	 0.610168	 0.287033	 -2.701891	 0.674309	 0.202293
5.130776	 0.608409	 0.286205	 -2.701891	 0.672365	 0.201709
5.140224	 0.608409	 0.286205	 -2.701891	 0.672365	 0.201709
5.150277	 0.606547	 0.285329	 -2.701891	 0.670307	 0.201092
5.160711	 0.606547	 0.285329	 -2.701891	 0.670307	 0.201092
5.170351	 0.604251	 0.284249	 -2.701891	 0.667770	 0.200331
5.180255	 0.602290	 0.283327	 -2.701891	 0.665603	 0.199681
5.190217	 0.602290	 0.283327	 -2.701891	 0.665603	 0.199681
5.200270	 0.599720	 0.282118	 -2.701891	 0.662763	 0.198829
5.210203	 0.597952	 0.281286	 -2.701891	 0.660809	 0.198243
5.220271	 0.596210	 0.280467	 -2.701891	 0.658884	 0.197665
5.230465	 0.596210	 0.280467	 -2.701891	 0.658884	 0.197665
5.240227	 0.594259	 0.279549	 -2.701891	 0.656728	 0.197018
5.250303	 0.591920	 0.278448	 -2.701891	 0.654143	 0.196243
5.260280	 0.591920	 0.278448	 -2.701891	 0.654143	 0.196243
5.271091	 0.589379	 0.277253	 -2.701891	 0.651334	 0.195400
5.280420	 0.589379	 0.277253	 -2.701891	 0.651334	 0.195400
5.290204	 0.587413	 0.276329	 -2.701891	 0.649163	 0.194749
5.300185	 0.585348	 0.275357	 -2.701891	 0.646880	 0.194064
5.310345	 0.585348	 0.275357	 -2.701891	 0.646880	 0.194064
5.320967	 0.583469	 0.274473	 -2.701891	 0.644803	 0.193441
5.330474	 0.581542	 0.273566	 -2.701891	 0.642673	 0.192802
5.340229	 0.581507	 0.273550	 -2.701891	 0.642635	 0.192790
5.350315	 0.579657	 0.272680	 -2.701891	 0.640591	 0.192177
5.360260	 0.579657	 0.272680	 -2.701891	 0.640591	 0.192177
5.370390	 0.576453	 0.271173	 -2.701891	 0.637050	 0.191115
5.380285	 0.574598	 0.270300	 -2.701891	 0.635000	 0.190500
5.391552	 0.572977	 0.269537	 -2.701891	 0.633208	 0.189963
5.400292	 0.572942	 0.269521	 -2.701891	 0.633170	 0.189951
5.410363	 0.570759	 0.268494	 -2.701891	 0.630758	 0.189227
5.420276	 0.570622	 0.268430	 -2.701891	 0.630606	 0.189182
5.430281	 0.568173	 0.267278	 -2.701891	 0.627900	 0.188370
5.440617	 0.568173	 0.267278	 -2.701891	 0.627900	 0.188370
5.450199	 0.568173	 0.267278	 -2.701891	 0.627900	 0.188370
5.460449	 0.565207	 0.265882	 -2.701891	 0.624622	 0.187387
5.470273	 0.565037	 0.265802	 -2.701891	 0.624433	 0.187330
5.480269	 0.563035	 0.264861	 -2.701891	 0.622222	 0.186667
5.490464	 0.563035	 0.264861	 -2.701891	 0.622222	 0.186667
5.500290	 0.560971	 0.263890	 -2.701891	 0.619941	 0.185982
5.510236	 0.559335	 0.263120	 -2.701891	 0.618133	 0.185440
5.520664	 0.559335	 0.263120	 -2.701891	 0.618133	 0.185440
5.530193	 0.556831	 0.261942	 -2.701891	 0.615365	 0.184609
5.540245	 0.554718	 0.260948	 -2.701891	 0.613030	 0.183909
5.550634	 0.554685	 0.260932	 -2.701891	 0.612993	 0.183898
5.560268	 0.552538	 0.259923	 -2.701891	 0.610621	 0.183186
5.571791	 0.550695	 0.259056	 -2.701891	 0.608584	 0.182575
5.580227	 0.550115	 0.258783	 -2.701891	 0.607943	 0.182383
5.590216	 0.548314	 0.257936	 -2.701891	 0.605953	 0.181786
5.600680	 0.548314	 0.257936	 -2.701891	 0.605953	 0.181786
5.610251	 0.546256	 0.256968	 -2.701891	 0.603679	 0.181104
5.620285	 0.546256	 0.256968	 -2.701891	 0.603679	 0.181104
5.630203	 0.544566	 0.256173	 -2.701891	 0.601811	 0.180543
5.640189	 0.544566	 0.256173	 -2.701891	 0.601811	 0.180543
5.650770	 0.542193	 0.255056	 -2.701891	 0.599189	 0.179757
5.660227	 0.541850	 0.254895	 -2.701891	 0.598810	 0.179643
5.671393	 0.539688	 0.253878	 -2.701891	 0.596420	 0.178926
5.680534	 0.539639	 0.253855	 -2.701891	 0.596366	 0.178910
5.690281	 0.539639	 0.253855	 -2.701891	 0.596366	 0.178910
5.700309	 0.537323	 0.252765	 -2.701891	 0.593806	 0.178142
5.710256	 0.535690	 0.251997	 -2.701891	 0.592002	 0.177601
5.720340	 0.535609	 0.251959	 -2.701891	 0.591913	 0.177574
5.730200	 0.534067	 0.251233	 -2.701891	 0.590208	 0.177062
5.740475	 0.534067	 0.251233	 -2.701891	 0.590208	 0.177062
5.750241	 0.532448	 0.250472	 -2.701891	 0.588419	 0.176526
5.760646	 0.532384	 0.250442	 -2.701891	 0.588348	 0.176504
5.770318	 0.530643	 0.249623	 -2.701891	 0.586424	 0.175927
5.780299	 0.530595	 0.249600	 -2.701891	 0.586371	 0.175911
5.790228	 0.528811	 0.248761	 -2.701891	 0.584400	 0.175320
5.800305	 0.526983	 0.247901	 -2.701891	 0.582379	 0.174714
5.810487	 0.525367	 0.247141	 -2.701891	 0.580594	 0.174178
5.820285	 0.525336	 0.247126	 -2.701891	 0.580559	 0.174168
5.830284	 0.523633	 0.246325	 -2.701891	 0.578678	 0.173603
5.840247	 0.521871	 0.245496	 -2.701891	 0.576730	 0.173019
5.850228	 0.521871	 0.245496	 -2.701891	 0.576730	 0.173019
5.860193	 0.519474	 0.244369	 -2.701891	 0.574081	 0.172224
5.870333	 0.519474	 0.244369	 -2.701891	 0.574081	 0.172224
5.881577	 0.517430	 0.243407	 -2.701891	 0.571823	 0.171547
5.890422	 0.517430	 0.243407	 -2.701891	 0.571823	 0.171547
5.900329	 0.515782	 0.242632	 -2.701891	 0.570002	 0.171000
5.910347	 0.514092	 0.241837	 -2.701891	 0.568134	 0.170440
5.920699	 0.514092	 0.241837	 -2.701891	 0.568134	 0.170440
5.930201	 0.512286	 0.240988	 -2.701891	 0.566138	 0.169841
5.940198	 0.510792	 0.240285	 -2.701891	 0.564487	 0.169346
5.950222	 0.509318	 0.239591	 -2.701891	 0.562857	 0.168857
5.960329	 0.509318	 0.239591	 -2.701891	 0.562857	 0.168857
5.970377	 0.507346	 0.238663	 -2.701891	 0.560678	 0.168203
5.980813	 0.505715	 0.237896	 -2.701891	 0.558875	 0.167663
5.990238	 0.505715	 0.237896	 -2.701891	 0.558875	 0.167663
6.000252	 0.504195	 0.237181	 -2.701891	 0.557196	 0.167159
6.010241	 0.502634	 0.236447	 -2.701891	 0.555471	 0.166641
6.022816	 0.501215	 0.235779	 -2.701891	 0.553903	 0.166171
6.030896	 0.501019	 0.235687	 -2.701891	 0.553686	 0.166106
6.040678	 0.499530	 0.234987	 -2.701891	 0.552041	 0.165612
6.050648	 0.499365	 0.234909	 -2.701891	 0.551858	 0.165558
6.060193	 0.499365	 0.234909	 -2.701891	 0.551858	 0.165558
6.070529	 0.497282	 0.233929	 -2.701891	 0.549557	 0.164867
6.082531	 0.495894	 0.233276	 -2.701891	 0.548022	 0.164407
6.093197	 0.495208	 0.232954	 -2.701891	 0.547264	 0.164179
6.100264	 0.495208	 0.232954	 -2.701891	 0.547264	 0.164179
6.110604	 0.493454	 0.232129	 -2.701891	 0.545326	 0.163598
6.120258	 0.491569	 0.231242	 -2.701891	 0.543243	 0.162973
6.130210	 0.490137	 0.230568	 -2.701891	 0.541660	 0.162498
6.144510	 0.489267	 0.230159	 -2.701891	 0.540699	 0.162210
6.150649	 0.489267	 0.230159	 -2.701891	 0.540699	 0.162210
6.160499	 0.487358	 0.229261	 -2.701891	 0.538590	 0.161577
6.170294	 0.487358	 0.229261	 -2.701891	 0.538590	 0.161577
6.180251	 0.485749	 0.228504	 -2.701891	 0.536811	 0.161043
6.190288	 0.484202	 0.227776	 -2.701891	 0.535102	 0.160531
6.200250	 0.484202	 0.227776	 -2.701891	 0.535102	 0.160531
6.210333	 0.482444	 0.226949	 -2.701891	 0.533159	 0.159948
6.220215	 0.482444	 0.226949	 -2.701891	 0.533159	 0.159948
6.230237	 0.480850	 0.226200	 -2.701891	 0.531398	 0.159419
6.240257	 0.480850	 0.226200	 -2.701891	 0.531398	 0.159419
6.250274	 0.479060	 0.225358	 -2.701891	 0.529419	 0.158826
6.261187	 0.477462	 0.224606	 -2.701891	 0.527653	 0.158296
6.270431	 0.477146	 0.224457	 -2.701891	 0.527303	 0.158191
6.280372	 0.475485	 0.223676	 -2.701891	 0.525468	 0.157640
6.290257	 0.475485	 0.223676	 -2.701891	 0.525468	 0.157640
6.301461	 0.473929	 0.222944	 -2.701891	 0.523749	 0.157125
6.310904	 0.473929	 0.222944	 -2.701891	 0.523749	 0.157125
6.320288	 0.472278	 0.222167	 -2.701891	 0.521924	 0.156577
6.330253	 0.472278	 0.222167	 -2.701891	 0.521924	 0.156577
6.344668	 0.470660	 0.221406	 -2.701891	 0.520136	 0.156041
6.350414	 0.469019	 0.220634	 -2.701891	 0.518322	 0.155497
6.360248	 0.468991	 0.220621	 -2.701891	 0.518291	 0.155487
6.370250	 0.468991	 0.220621	 -2.701891	 0.518291	 0.155487
6.380255	 0.466106	 0.219264	 -2.701891	 0.515103	 0.154531
6.406079	 0.466106	 0.219264	 -2.701891	 0.515103	 0.154531
6.406185	 0.466106	 0.219264	 -2.701891	 0.515103	 0.154531
6.410560	 0.462549	 0.217590	 -2.701891	 0.511172	 0.153352
6.420281	 0.461684	 0.217183	 -2.701891	 0.510216	 0.153065
6.430634	 0.459950	 0.216368	 -2.701891	 0.508301	 0.152490
6.440274	 0.459950	 0.216368	 -2.701891	 0.508301	 0.152490
6.450287	 0.458375	 0.215627	 -2.701891	 0.506560	 0.151968
6.460260	 0.456819	 0.214895	 -2.701891	 0.504840	 0.151452
6.470288	 0.455296	 0.214179	 -2.701891	 0.503157	 0.150947
6.480237	 0.455296	 0.214179	 -2.701891	 0.503157	 0.150947
6.490197	 0.453368	 0.213272	 -2.701891	 0.501027	 0.150308
6.500245	 0.453368	 0.213272	 -2.701891	 0.501027	 0.150308
6.510725	 0.451297	 0.212297	 -2.701891	 0.498737	 0.149621
6.520154	 0.449669	 0.211531	 -2.701891	 0.496938	 0.149081
6.530254	 0.449669	 0.211531	 -2.701891	 0.496938	 0.149081
6.540271	 0.447752	 0.210630	 -2.701891	 0.494820	 0.148446
6.551377	 0.446258	 0.209927	 -2.701891	 0.493168	 0.147951
6.560580	 0.446231	 0.209914	 -2.701891	 0.493139	 0.147942
6.570467	 0.444798	 0.209240	 -2.701891	 0.491556	 0.147467
6.580284	 0.444798	 0.209240	 -2.701891	 0.491556	 0.147467
6.591292	 0.443463	 0.208612	 -2.701891	 0.490080	 0.147024
6.600408	 0.443463	 0.208612	 -2.701891	 0.490080	 0.147024
6.611139	 0.442105	 0.207973	 -2.701891	 0.488580	 0.146574
6.620719	 0.442105	 0.207973	 -2.701891	 0.488580	 0.146574
6.630266	 0.440579	 0.207255	 -2.701891	 0.486892	 0.146068
6.640469	 0.440579	 0.207255	 -2.701891	 0.486892	 0.146068
6.650184	 0.438621	 0.206334	 -2.701891	 0.484729	 0.145419
6.661525	 0.437262	 0.205695	 -2.701891	 0.483227	 0.144968
6.670442	 0.436841	 0.205497	 -2.701891	 0.482762	 0.144829
6.680193	 0.435491	 0.204862	 -2.701891	 0.481270	 0.144381
6.690262	 0.435491	 0.204862	 -2.701891	 0.481270	 0.144381
6.700206	 0.433360	 0.203859	 -2.701891	 0.478915	 0.143674
6.710189	 0.433333	 0.203847	 -2.701891	 0.478886	 0.143666
6.720191	 0.431916	 0.203180	 -2.701891	 0.477319	 0.143196
6.730281	 0.430177	 0.202362	 -2.701891	 0.475398	 0.142619
6.740380	 0.430177	 0.202362	 -2.701891	 0.475398	 0.142619
6.750178	 0.428822	 0.201725	 -2.701891	 0.473900	 0.142170
6.760183	 0.427314	 0.201015	 -2.701891	 0.472233	 0.141670
6.770205	 0.427314	 0.201015	 -2.701891	 0.472233	 0.141670
6.780293	 0.425762	 0.200285	 -2.701891	 0.470518	 0.141155
6.790306	 0.424214	 0.199557	 -2.701891	 0.468808	 0.140642
6.800191	 0.423844	 0.199383	 -2.701891	 0.468399	 0.140520
6.810256	 0.422445	 0.198725	 -2.701891	 0.466852	 0.140056
6.820333	 0.422445	 0.198725	 -2.701891	 0.466852	 0.140056
6.830282	 0.420655	 0.197883	 -2.701891	 0.464875	 0.139462
6.840377	 0.419464	 0.197323	 -2.701891	 0.463558	 0.139068
6.850414	 0.419439	 0.197311	 -2.701891	 0.463530	 0.139059
6.860195	 0.418071	 0.196667	 -2.701891	 0.462018	 0.138606
6.870564	 0.416854	 0.196095	 -2.701891	 0.460674	 0.138202
6.880394	 0.416854	 0.196095	 -2.701891	 0.460674	 0.138202
6.890225	 0.415638	 0.195523	 -2.701891	 0.459330	 0.137799
6.900263	 0.415638	 0.195523	 -2.701891	 0.459330	 0.137799
6.910465	 0.414346	 0.194915	 -2.701891	 0.457902	 0.137371
6.920254	 0.414346	 0.194915	 -2.701891	 0.457902	 0.137371
6.930510	 0.412826	 0.194200	 -2.701891	 0.456222	 0.136867
6.940406	 0.412826	 0.194200	 -2.701891	 0.456222	 0.136867
6.950585	 0.411508	 0.193580	 -2.701891	 0.454766	 0.136430
6.960251	 0.409938	 0.192841	 -2.701891	 0.453030	 0.135909
6.970399	 0.408430	 0.192132	 -2.701891	 0.451364	 0.135409
6.980324	 0.406961	 0.191441	 -2.701891	 0.449740	 0.134922
6.990324	 0.406948	 0.191435	 -2.701891	 0.449726	 0.134918
7.001874	 0.405377	 0.190696	 -2.701891	 0.447990	 0.134397
7.010574	 0.405377	 0.190696	 -2.701891	 0.447990	 0.134397
7.020262	 0.403717	 0.189915	 -2.701891	 0.446156	 0.133847
7.030549	 0.402501	 0.189343	 -2.701891	 0.444812	 0.133444
7.041460	 0.401323	 0.188789	 -2.701891	 0.443510	 0.133053
7.050215	 0.401184	 0.188723	 -2.701891	 0.443356	 0.133007
7.060263	 0.399866	 0.188103	 -2.701891	 0.441900	 0.132570
7.070649	 0.398549	 0.187484	 -2.701891	 0.440444	 0.132133
7.080231	 0.398384	 0.187406	 -2.701891	 0.440262	 0.132079
7.090535	 0.396687	 0.186608	 -2.701891	 0.438386	 0.131516
7.102037	 0.396687	 0.186608	 -2.701891	 0.438386	 0.131516
7.110508	 0.396687	 0.186608	 -2.701891	 0.438386	 0.131516
7.120962	 0.395445	 0.186024	 -2.701891	 0.437014	 0.131104
7.130287	 0.395445	 0.186024	 -2.701891	 0.437014	 0.131104
7.140235	 0.394064	 0.185374	 -2.701891	 0.435488	 0.130647
7.150602	 0.394064	 0.185374	 -2.701891	 0.435488	 0.130647
7.160290	 0.394064	 0.185374	 -2.701891	 0.435488	 0.130647
7.170246	 0.392810	 0.184784	 -2.701891	 0.434102	 0.130231
7.180413	 0.391619	 0.184224	 -2.701891	 0.432786	 0.129836
7.192706	 0.391429	 0.184134	 -2.701891	 0.432576	 0.129773
7.200386	 0.389960	 0.183443	 -2.701891	 0.430952	 0.129286
7.210336	 0.389960	 0.183443	 -2.701891	 0.430952	 0.129286
7.220515	 0.388110	 0.182573	 -2.701891	 0.428908	 0.128673
7.230259	 0.388110	 0.182573	 -2.701891	 0.428908	 0.128673
7.240294	 0.388110	 0.182573	 -2.701891	 0.428908	 0.128673
7.250420	 0.385792	 0.181483	 -2.701891	 0.426346	 0.127904
7.260204	 0.383955	 0.180618	 -2.701891	 0.424316	 0.127295
7.270486	 0.383714	 0.180505	 -2.701891	 0.424050	 0.127215
7.280313	 0.382295	 0.179838	 -2.701891	 0.422482	 0.126745
7.290223	 0.382283	 0.179832	 -2.701891	 0.422468	 0.126741
7.300328	 0.380737	 0.179105	 -2.701891	 0.420760	 0.126228
7.310851	 0.380737	 0.179105	 -2.701891	 0.420760	 0.126228
7.320182	 0.379356	 0.178455	 -2.701891	 0.419234	 0.125770
7.330758	 0.377950	 0.177794	 -2.701891	 0.417680	 0.125304
7.340227	 0.377950	 0.177794	 -2.701891	 0.417680	 0.125304
7.350283	 0.376303	 0.177019	 -2.701891	 0.415860	 0.124758
7.360215	 0.374948	 0.176381	 -2.701891	 0.414362	 0.124309
7.370294	 0.373542	 0.175720	 -2.701891	 0.412808	 0.123843
7.380570	 0.373377	 0.175642	 -2.701891	 0.412626	 0.123788
7.390275	 0.372059	 0.175023	 -2.701891	 0.411170	 0.123351
7.400242	 0.372059	 0.175023	 -2.701891	 0.411170	 0.123351
7.410256	 0.370539	 0.174307	 -2.701891	 0.409490	 0.122847
7.420564	 0.370539	 0.174307	 -2.701891	 0.409490	 0.122847
7.430263	 0.368842	 0.173509	 -2.701891	 0.407614	 0.122284
7.440281	 0.368842	 0.173509	 -2.701891	 0.407614	 0.122284
7.450286	 0.367473	 0.172865	 -2.701891	 0.406102	 0.121831
7.461698	 0.366257	 0.172293	 -2.701891	 0.404758	 0.121428
7.470264	 0.366257	 0.172293	 -2.701891	 0.404758	 0.121428
7.480655	 0.364547	 0.171489	 -2.701891	 0.402868	 0.120861
7.490495	 0.364547	 0.171489	 -2.701891	 0.402868	 0.120861
7.500257	 0.362849	 0.170690	 -2.701891	 0.400992	 0.120298
7.511060	 0.362849	 0.170690	 -2.701891	 0.400992	 0.120298
7.520243	 0.361367	 0.169993	 -2.701891	 0.399354	 0.119806
7.530245	 0.360151	 0.169421	 -2.701891	 0.398010	 0.119403
7.540422	 0.358935	 0.168849	 -2.701891	 0.396666	 0.119000
7.550257	 0.358783	 0.168777	 -2.701891	 0.396498	 0.118950
7.560227	 0.357440	 0.168146	 -2.701891	 0.395014	 0.118504
7.570207	 0.355667	 0.167311	 -2.701891	 0.393054	 0.117916
7.580249	 0.355667	 0.167311	 -2.701891	 0.393054	 0.117916
7.590742	 0.353804	 0.166435	 -2.701891	 0.390996	 0.117299
7.600625	 0.352436	 0.165792	 -2.701891	 0.389484	 0.116845
7.610244	 0.352145	 0.165654	 -2.701891	 0.389162	 0.116749
7.620355	 0.350397	 0.164832	 -2.701891	 0.387230	 0.116169
7.630308	 0.350397	 0.164832	 -2.701891	 0.387230	 0.116169
7.640269	 0.348572	 0.163974	 -2.701891	 0.385214	 0.115564
7.651875	 0.348572	 0.163974	 -2.701891	 0.385214	 0.115564
7.660233	 0.346811	 0.163146	 -2.701891	 0.383268	 0.114981
7.670312	 0.346811	 0.163146	 -2.701891	 0.383268	 0.114981
7.680378	 0.345456	 0.162508	 -2.701891	 0.381770	 0.114531
7.690267	 0.345456	 0.162508	 -2.701891	 0.381770	 0.114531
7.700660	 0.344024	 0.161835	 -2.701891	 0.380188	 0.114057
7.710500	 0.344024	 0.161835	 -2.701891	 0.380188	 0.114057
7.720553	 0.342504	 0.161119	 -2.701891	 0.378508	 0.113553
7.730767	 0.341009	 0.160416	 -2.701891	 0.376856	 0.113057
7.740256	 0.341009	 0.160416	 -2.701891	 0.376856	 0.113057
7.750370	 0.339324	 0.159624	 -2.701891	 0.374994	 0.112498
7.760204	 0.339324	 0.159624	 -2.701891	 0.374994	 0.112498
7.770371	 0.337956	 0.158980	 -2.701891	 0.373482	 0.112045
7.780206	 0.337956	 0.158980	 -2.701891	 0.373482	 0.112045
7.790231	 0.336689	 0.158384	 -2.701891	 0.372082	 0.111625
7.800684	 0.335144	 0.157657	 -2.701891	 0.370374	 0.111112
7.810318	 0.333712	 0.156984	 -2.701891	 0.368792	 0.110638
7.820184	 0.333712	 0.156984	 -2.701891	 0.368792	 0.110638
7.830984	 0.331875	 0.156119	 -2.701891	 0.366762	 0.110029
7.840269	 0.331875	 0.156119	 -2.701891	 0.366762	 0.110029
7.850219	 0.330178	 0.155321	 -2.701891	 0.364886	 0.109466
7.860427	 0.328924	 0.154731	 -2.701891	 0.363500	 0.109050
7.870501	 0.327746	 0.154177	 -2.701891	 0.362198	 0.108660
7.880218	 0.327708	 0.154159	 -2.701891	 0.362156	 0.108647
7.890494	 0.326086	 0.153396	 -2.701891	 0.360364	 0.108109
7.904095	 0.326086	 0.153396	 -2.701891	 0.360364	 0.108109
7.910928	 0.326086	 0.153396	 -2.701891	 0.360364	 0.108109
7.920219	 0.324591	 0.152693	 -2.701891	 0.358712	 0.107614
7.930424	 0.323362	 0.152115	 -2.701891	 0.357354	 0.107206
7.940236	 0.323362	 0.152115	 -2.701891	 0.357354	 0.107206
7.950421	 0.321665	 0.151316	 -2.701891	 0.355478	 0.106644
7.960649	 0.321665	 0.151316	 -2.701891	 0.355478	 0.106644
7.970185	 0.319942	 0.150506	 -2.701891	 0.353574	 0.106072
7.980667	 0.318485	 0.149820	 -2.701891	 0.351964	 0.105589
7.990455	 0.318485	 0.149820	 -2.701891	 0.351964	 0.105589
8.000725	 0.316952	 0.149099	 -2.701891	 0.350270	 0.105081
8.010419	 0.316762	 0.149010	 -2.701891	 0.350060	 0.105018
8.020721	 0.315394	 0.148366	 -2.701891	 0.348548	 0.104565
8.030252	 0.314026	 0.147723	 -2.701891	 0.347036	 0.104111
8.040328	 0.314026	 0.147723	 -2.701891	 0.347036	 0.104111
8.050350	 0.312632	 0.147067	 -2.701891	 0.345496	 0.103649
8.060308	 0.312632	 0.147067	 -2.701891	 0.345496	 0.103649
8.070155	 0.310947	 0.146275	 -2.701891	 0.343634	 0.103090
8.080822	 0.309719	 0.145697	 -2.701891	 0.342276	 0.102683
8.090240	 0.309529	 0.145607	 -2.701891	 0.342066	 0.102620
8.100271	 0.307856	 0.144821	 -2.701891	 0.340218	 0.102066
8.110259	 0.307856	 0.144821	 -2.701891	 0.340218	 0.102066
8.120482	 0.306552	 0.144207	 -2.701891	 0.338776	 0.101633
8.130410	 0.305209	 0.143575	 -2.701891	 0.337292	 0.101188
8.140273	 0.305209	 0.143575	 -2.701891	 0.337292	 0.101188
8.150240	 0.303841	 0.142931	 -2.701891	 0.335780	 0.100734
8.160193	 0.302485	 0.142294	 -2.701891	 0.334282	 0.100285
8.170218	 0.302485	 0.142294	 -2.701891	 0.334282	 0.100285
8.180221	 0.301155	 0.141668	 -2.701891	 0.332812	 0.099844
8.190249	 0.299622	 0.140947	 -2.701891	 0.331118	 0.099336
8.201223	 0.298342	 0.140345	 -2.701891	 0.329704	 0.098911
8.210243	 0.298026	 0.140196	 -2.701891	 0.329354	 0.098806
8.220525	 0.296645	 0.139546	 -2.701891	 0.327828	 0.098349
8.230215	 0.296620	 0.139535	 -2.701891	 0.327800	 0.098340
8.240438	 0.295125	 0.138831	 -2.701891	 0.326148	 0.097845
8.250714	 0.293744	 0.138182	 -2.701891	 0.324622	 0.097387
8.260695	 0.293389	 0.138015	 -2.701891	 0.324230	 0.097269
8.270747	 0.291996	 0.137359	 -2.701891	 0.322690	 0.096807
8.280245	 0.291996	 0.137359	 -2.701891	 0.322690	 0.096807
8.290239	 0.290653	 0.136728	 -2.701891	 0.321206	 0.096362
8.300302	 0.289209	 0.136048	 -2.701891	 0.319610	 0.095883
8.310399	 0.288030	 0.135494	 -2.701891	 0.318308	 0.095493
8.320330	 0.287954	 0.135458	 -2.701891	 0.318224	 0.095467
8.330222	 0.286675	 0.134856	 -2.701891	 0.316810	 0.095043
8.340583	 0.285294	 0.134207	 -2.701891	 0.315284	 0.094585
8.350682	 0.285294	 0.134207	 -2.701891	 0.315284	 0.094585
8.360463	 0.283001	 0.133128	 -2.701891	 0.312750	 0.093825
8.370466	 0.282976	 0.133116	 -2.701891	 0.312722	 0.093817
8.380246	 0.281633	 0.132485	 -2.701891	 0.311238	 0.093372
8.390527	 0.281633	 0.132485	 -2.701891	 0.311238	 0.093372
8.400181	 0.279479	 0.131472	 -2.701891	 0.308858	 0.092658
8.410192	 0.279479	 0.131472	 -2.701891	 0.308858	 0.092658
8.420294	 0.278099	 0.130822	 -2.701891	 0.307332	 0.092200
8.430461	 0.276616	 0.130125	 -2.701891	 0.305694	 0.091708
8.440216	 0.276464	 0.130053	 -2.701891	 0.305526	 0.091658
8.450376	 0.274931	 0.129332	 -2.701891	 0.303832	 0.091150
8.460722	 0.273715	 0.128760	 -2.701891	 0.302488	 0.090747
8.470787	 0.273335	 0.128581	 -2.701891	 0.302068	 0.090621
8.480429	 0.271574	 0.127753	 -2.701891	 0.300122	 0.090037
8.490684	 0.271574	 0.127753	 -2.701891	 0.300122	 0.090037
8.500173	 0.270029	 0.127026	 -2.701891	 0.298414	 0.089524
8.510211	 0.270029	 0.127026	 -2.701891	 0.298414	 0.089524
8.520181	 0.268597	 0.126352	 -2.701891	 0.296832	 0.089050
8.530250	 0.267242	 0.125715	 -2.701891	 0.295334	 0.088600
8.540354	 0.267242	 0.125715	 -2.701891	 0.295334	 0.088600
8.550261	 0.265570	 0.124928	 -2.701891	 0.293486	 0.088046
8.560538	 0.264113	 0.124243	 -2.701891	 0.291876	 0.087563
8.570331	 0.263973	 0.124177	 -2.701891	 0.291722	 0.087517
8.580296	 0.263973	 0.124177	 -2.701891	 0.291722	 0.087517
8.590370	 0.263973	 0.124177	 -2.701891	 0.291722	 0.087517
8.600328	 0.260591	 0.122586	 -2.701891	 0.287984	 0.086395
8.610474	 0.260578	 0.122580	 -2.701891	 0.287970	 0.086391
8.620279	 0.258817	 0.121752	 -2.701891	 0.286024	 0.085807
8.632184	 0.257589	 0.121174	 -2.701891	 0.284666	 0.085400
8.645663	 0.256993	 0.120894	 -2.701891	 0.284008	 0.085203
8.650416	 0.256993	 0.120894	 -2.701891	 0.284008	 0.085203
8.660366	 0.256993	 0.120894	 -2.701891	 0.284008	 0.085203
8.670399	 0.256993	 0.120894	 -2.701891	 0.284008	 0.085203
8.680250	 0.253877	 0.119428	 -2.701891	 0.280564	 0.084169
8.690420	 0.253877	 0.119428	 -2.701891	 0.280564	 0.084169
8.700301	 0.251926	 0.118510	 -2.701891	 0.278408	 0.083523
8.712328	 0.251926	 0.118510	 -2.701891	 0.278408	 0.083523
8.720257	 0.251926	 0.118510	 -2.701891	 0.278408	 0.083523
8.730176	 0.249215	 0.117235	 -2.701891	 0.275412	 0.082624
8.740197	 0.249202	 0.117229	 -2.701891	 0.275398	 0.082620
8.750260	 0.247644	 0.116496	 -2.701891	 0.273676	 0.082103
8.760315	 0.246149	 0.115792	 -2.701891	 0.272024	 0.081607
8.770649	 0.246149	 0.115792	 -2.701891	 0.272024	 0.081607
8.780566	 0.244743	 0.115131	 -2.701891	 0.270470	 0.081141
8.790206	 0.244743	 0.115131	 -2.701891	 0.270470	 0.081141
8.800574	 0.243147	 0.114380	 -2.701891	 0.268706	 0.080612
8.811365	 0.241969	 0.113826	 -2.701891	 0.267404	 0.080221
8.820644	 0.241360	 0.113540	 -2.701891	 0.266732	 0.080020
8.830264	 0.239942	 0.112872	 -2.701891	 0.265164	 0.079549
8.840410	 0.239942	 0.112872	 -2.701891	 0.265164	 0.079549
8.850495	 0.238548	 0.112217	 -2.701891	 0.263624	 0.079087
8.860714	 0.237864	 0.111895	 -2.701891	 0.262868	 0.078861
8.871065	 0.237864	 0.111895	 -2.701891	 0.262868	 0.078861
8.880241	 0.236420	 0.111216	 -2.701891	 0.261272	 0.078382
8.891370	 0.235077	 0.110584	 -2.701891	 0.259788	 0.077937
8.900814	 0.234735	 0.110423	 -2.701891	 0.259410	 0.077823
8.910368	 0.233151	 0.109678	 -2.701891	 0.257660	 0.077298
8.920205	 0.233037	 0.109624	 -2.701891	 0.257534	 0.077260
8.930281	 0.231821	 0.109052	 -2.701891	 0.256190	 0.076857
8.942991	 0.230529	 0.108445	 -2.701891	 0.254762	 0.076429
8.950372	 0.230301	 0.108337	 -2.701891	 0.254510	 0.076353
8.960573	 0.230301	 0.108337	 -2.701891	 0.254510	 0.076353
8.970460	 0.228984	 0.107717	 -2.701891	 0.253054	 0.075916
8.980261	 0.227603	 0.107068	 -2.701891	 0.251528	 0.075459
8.990443	 0.227603	 0.107068	 -2.701891	 0.251528	 0.075459
9.000249	 0.226247	 0.106430	 -2.701891	 0.250030	 0.075009
9.011677	 0.224664	 0.105685	 -2.701891	 0.248280	 0.074484
9.020276	 0.224284	 0.105507	 -2.701891	 0.247860	 0.074358
9.030206	 0.223029	 0.104917	 -2.701891	 0.246474	 0.073942
9.041080	 0.221851	 0.104362	 -2.701891	 0.245172	 0.073552
9.052090	 0.221535	 0.104213	 -2.701891	 0.244822	 0.073447
9.060573	 0.220065	 0.103522	 -2.701891	 0.243198	 0.072960
9.070276	 0.219951	 0.103468	 -2.701891	 0.243072	 0.072922
9.080294	 0.218291	 0.102688	 -2.701891	 0.241238	 0.072372
9.090507	 0.217772	 0.102443	 -2.701891	 0.240664	 0.072199
9.100227	 0.216303	 0.101752	 -2.701891	 0.239040	 0.071712
9.110276	 0.215010	 0.101144	 -2.701891	 0.237612	 0.071284
9.120245	 0.215010	 0.101144	 -2.701891	 0.237612	 0.071284
9.130644	 0.213186	 0.100286	 -2.701891	 0.235596	 0.070679
9.140287	 0.213186	 0.100286	 -2.701891	 0.235596	 0.070679
9.150191	 0.211767	 0.099619	 -2.701891	 0.234028	 0.070209
9.160418	 0.210564	 0.099053	 -2.701891	 0.232698	 0.069810
9.170326	 0.210412	 0.098981	 -2.701891	 0.232530	 0.069759
9.180233	 0.208968	 0.098302	 -2.701891	 0.230934	 0.069280
9.190247	 0.207587	 0.097652	 -2.701891	 0.229408	 0.068823
9.200235	 0.207587	 0.097652	 -2.701891	 0.229408	 0.068823
9.210242	 0.206371	 0.097080	 -2.701891	 0.228064	 0.068419
9.220232	 0.205142	 0.096502	 -2.701891	 0.226706	 0.068012
9.230909	 0.203774	 0.095858	 -2.701891	 0.225194	 0.067558
9.240317	 0.203774	 0.095858	 -2.701891	 0.225194	 0.067558
9.251198	 0.202595	 0.095304	 -2.701891	 0.223892	 0.067168
9.260262	 0.202317	 0.095173	 -2.701891	 0.223584	 0.067075
9.270220	 0.200936	 0.094523	 -2.701891	 0.222058	 0.066618
9.280445	 0.200936	 0.094523	 -2.701891	 0.222058	 0.066618
9.290272	 0.199365	 0.093784	 -2.701891	 0.220322	 0.066097
9.300274	 0.199365	 0.093784	 -2.701891	 0.220322	 0.066097
9.310459	 0.197984	 0.093135	 -2.701891	 0.218796	 0.065639
9.320272	 0.197984	 0.093135	 -2.701891	 0.218796	 0.065639
9.330206	 0.195628	 0.092026	 -2.701891	 0.216192	 0.064858
9.340334	 0.195628	 0.092026	 -2.701891	 0.216192	 0.064858
9.350450	 0.193930	 0.091228	 -2.701891	 0.214316	 0.064295
9.360445	 0.192499	 0.090554	 -2.701891	 0.212734	 0.063820
9.370350	 0.192359	 0.090489	 -2.701891	 0.212580	 0.063774
9.380334	 0.190877	 0.089792	 -2.701891	 0.210942	 0.063283
9.391113	 0.189433	 0.089112	 -2.701891	 0.209346	 0.062804
9.400316	 0.189433	 0.089112	 -2.701891	 0.209346	 0.062804
9.410715	 0.188014	 0.088445	 -2.701891	 0.207778	 0.062334
9.421583	 0.186836	 0.087891	 -2.701891	 0.206476	 0.061943
9.430182	 0.186608	 0.087783	 -2.701891	 0.206224	 0.061867
9.440187	 0.186608	 0.087783	 -2.701891	 0.206224	 0.061867
9.450222	 0.184784	 0.086925	 -2.701891	 0.204208	 0.061263
9.460201	 0.183378	 0.086264	 -2.701891	 0.202654	 0.060796
9.470459	 0.182098	 0.085662	 -2.701891	 0.201240	 0.060372
9.480374	 0.182073	 0.085650	 -2.701891	 0.201212	 0.060364
9.490426	 0.180819	 0.085060	 -2.701891	 0.199826	 0.059948
9.500232	 0.180819	 0.085060	 -2.701891	 0.199826	 0.059948
9.510206	 0.179438	 0.084410	 -2.701891	 0.198300	 0.059490
9.520351	 0.179438	 0.084410	 -2.701891	 0.198300	 0.059490
9.530776	 0.177854	 0.083665	 -2.701891	 0.196550	 0.058965
9.540205	 0.177854	 0.083665	 -2.701891	 0.196550	 0.058965
9.550355	 0.176397	 0.082980	 -2.701891	 0.194940	 0.058482
9.560301	 0.174941	 0.082295	 -2.701891	 0.193330	 0.057999
9.570281	 0.174801	 0.082229	 -2.701891	 0.193176	 0.057953
9.580242	 0.173585	 0.081657	 -2.701891	 0.191832	 0.057550
9.590296	 0.171786	 0.080811	 -2.701891	 0.189844	 0.056953
9.600225	 0.171786	 0.080811	 -2.701891	 0.189844	 0.056953
9.610255	 0.170177	 0.080054	 -2.701891	 0.188066	 0.056420
9.620218	 0.168758	 0.079387	 -2.701891	 0.186498	 0.055950
9.630344	 0.168758	 0.079387	 -2.701891	 0.186498	 0.055950
9.640233	 0.166541	 0.078344	 -2.701891	 0.184048	 0.055215
9.652992	 0.165186	 0.077706	 -2.701891	 0.182550	 0.054765
9.660748	 0.165034	 0.077635	 -2.701891	 0.182382	 0.054715
9.670476	 0.163514	 0.076919	 -2.701891	 0.180702	 0.054211
9.680315	 0.163514	 0.076919	 -2.701891	 0.180702	 0.054211
9.690265	 0.161702	 0.076067	 -2.701891	 0.178700	 0.053610
9.700320	 0.161702	 0.076067	 -2.701891	 0.178700	 0.053610
9.710364	 0.160410	 0.075459	 -2.701891	 0.177272	 0.053182
9.720355	 0.159169	 0.074875	 -2.701891	 0.175900	 0.052770
9.730270	 0.159169	 0.074875	 -2.701891	 0.175900	 0.052770
9.740355	 0.157724	 0.074196	 -2.701891	 0.174304	 0.052291
9.750265	 0.157724	 0.074196	 -2.701891	 0.174304	 0.052291
9.761037	 0.156343	 0.073546	 -2.701891	 0.172778	 0.051834
9.770930	 0.156343	 0.073546	 -2.701891	 0.172778	 0.051834
9.780210	 0.154887	 0.072861	 -2.701891	 0.171168	 0.051351
9.790255	 0.154887	 0.072861	 -2.701891	 0.171168	 0.051351
9.800208	 0.153506	 0.072212	 -2.701891	 0.169642	 0.050893
9.810323	 0.153506	 0.072212	 -2.701891	 0.169642	 0.050893
9.820202	 0.152290	 0.071639	 -2.701891	 0.168298	 0.050490
9.830171	 0.150934	 0.071002	 -2.701891	 0.166800	 0.050040
9.840249	 0.150934	 0.071002	 -2.701891	 0.166800	 0.050040
9.850294	 0.149338	 0.070251	 -2.701891	 0.165036	 0.049511
9.860306	 0.147868	 0.069560	 -2.701891	 0.163412	 0.049024
9.870228	 0.147868	 0.069560	 -2.701891	 0.163412	 0.049024
9.880262	 0.145981	 0.068672	 -2.701891	 0.161326	 0.048398
9.890790	 0.144790	 0.068112	 -2.701891	 0.160010	 0.048003
9.900513	 0.144765	 0.068100	 -2.701891	 0.159982	 0.047995
9.910200	 0.143244	 0.067384	 -2.701891	 0.158302	 0.047491
9.921316	 0.142066	 0.066830	 -2.701891	 0.157000	 0.047100
9.930222	 0.141864	 0.066735	 -2.701891	 0.156776	 0.047033
9.940168	 0.140559	 0.066121	 -2.701891	 0.155334	 0.046600
9.950767	 0.140559	 0.066121	 -2.701891	 0.155334	 0.046600
9.960628	 0.138861	 0.065323	 -2.701891	 0.153458	 0.046038
9.971369	 0.137683	 0.064768	 -2.701891	 0.152156	 0.045647
9.980442	 0.137556	 0.064709	 -2.701891	 0.152016	 0.045605
9.990892	 0.136214	 0.064077	 -2.701891	 0.150532	 0.045160
10.000422	 0.134807	 0.063416	 -2.701891	 0.148978	 0.044694
10.010268	 0.134807	 0.063416	 -2.701891	 0.148978	 0.044694
10.020244	 0.133490	 0.062796	 -2.701891	 0.147522	 0.044257
10.030557	 0.132134	 0.062158	 -2.701891	 0.146024	 0.043807
10.040262	 0.132134	 0.062158	 -2.701891	 0.146024	 0.043807
10.050230	 0.130868	 0.061562	 -2.701891	 0.144624	 0.043387
10.060297	 0.129651	 0.060990	 -2.701891	 0.143280	 0.042984
10.070597	 0.128321	 0.060364	 -2.701891	 0.141810	 0.042543
10.080229	 0.128321	 0.060364	 -2.701891	 0.141810	 0.042543
10.090685	 0.126978	 0.059733	 -2.701891	 0.140326	 0.042098
10.100324	 0.125585	 0.059077	 -2.701891	 0.138786	 0.041636
10.112295	 0.125585	 0.059077	 -2.701891	 0.138786	 0.041636
10.121015	 0.124343	 0.058493	 -2.701891	 0.137414	 0.041224
10.130338	 0.124090	 0.058374	 -2.701891	 0.137134	 0.041140
10.140307	 0.124090	 0.058374	 -2.701891	 0.137134	 0.041140
10.150411	 0.122696	 0.057718	 -2.701891	 0.135594	 0.040678
10.160211	 0.121341	 0.057081	 -2.701891	 0.134096	 0.040229
10.170297	 0.121341	 0.057081	 -2.701891	 0.134096	 0.040229
10.180272	 0.120023	 0.056461	 -2.701891	 0.132640	 0.039792
10.190409	 0.118491	 0.055740	 -2.701891	 0.130946	 0.039284
10.200212	 0.118491	 0.055740	 -2.701891	 0.130946	 0.039284
10.210334	 0.118491	 0.055740	 -2.701891	 0.130946	 0.039284
10.220681	 0.115691	 0.054423	 -2.701891	 0.127852	 0.038356
10.230696	 0.114285	 0.053761	 -2.701891	 0.126298	 0.037890
10.240306	 0.113803	 0.053535	 -2.701891	 0.125766	 0.037730
10.250253	 0.112473	 0.052909	 -2.701891	 0.124296	 0.037289
10.260622	 0.111054	 0.052242	 -2.701891	 0.122728	 0.036819
10.270600	 0.111054	 0.052242	 -2.701891	 0.122728	 0.036819
10.280232	 0.111054	 0.052242	 -2.701891	 0.122728	 0.036819
10.290349	 0.108774	 0.051169	 -2.701891	 0.120208	 0.036063
10.300212	 0.107254	 0.050454	 -2.701891	 0.118528	 0.035559
10.310230	 0.107254	 0.050454	 -2.701891	 0.118528	 0.035559
10.320258	 0.105708	 0.049727	 -2.701891	 0.116820	 0.035046
10.330656	 0.104492	 0.049155	 -2.701891	 0.115476	 0.034643
10.340656	 0.104492	 0.049155	 -2.701891	 0.115476	 0.034643
10.350290	 0.103035	 0.048469	 -2.701891	 0.113866	 0.034160
10.360189	 0.103035	 0.048469	 -2.701891	 0.113866	 0.034160
10.370372	 0.101059	 0.047540	 -2.701891	 0.111682	 0.033505
10.380243	 0.101059	 0.047540	 -2.701891	 0.111682	 0.033505
10.390506	 0.099311	 0.046717	 -2.701891	 0.109750	 0.032925
10.400200	 0.099311	 0.046717	 -2.701891	 0.109750	 0.032925
10.411345	 0.098107	 0.046151	 -2.701891	 0.108420	 0.032526
10.420744	 0.097651	 0.045937	 -2.701891	 0.107916	 0.032375
10.430417	 0.096220	 0.045263	 -2.701891	 0.106334	 0.031900
10.440232	 0.094801	 0.044596	 -2.701891	 0.104766	 0.031430
10.450236	 0.094801	 0.044596	 -2.701891	 0.104766	 0.031430
10.460233	 0.093116	 0.043803	 -2.701891	 0.102904	 0.030871
10.470352	 0.091583	 0.043082	 -2.701891	 0.101210	 0.030363
10.480438	 0.091583	 0.043082	 -2.701891	 0.101210	 0.030363
10.490712	 0.090012	 0.042343	 -2.701891	 0.099474	 0.029842
