t	x(t)	y(t)	theta(t)	v(t)	gamma(t)	efa
0.000327	0.621172	0.190054	1.634287	0.250000	-0.332212	0.006806
0.001772	0.621172	0.190054	1.634287	0.250000	-0.332212	0.006806
0.011113	0.621172	0.190054	1.634287	0.250000	-0.332212	0.006806
0.020822	0.621172	0.190054	1.634287	0.250000	-0.332212	0.006806
0.031100	0.621172	0.190054	1.634287	0.250000	-0.332212	0.006806
0.041325	0.621172	0.190054	1.634287	0.250000	-0.332212	0.006806
0.051131	0.621172	0.190054	1.634287	0.250000	-0.332212	0.006806
0.060808	0.621172	0.190054	1.634287	0.250000	-0.332212	0.006806
0.071022	0.621172	0.190054	1.634287	0.250000	-0.332212	0.006806
0.081418	0.621172	0.190054	1.634287	0.250000	-0.332212	0.006806
0.090914	0.621172	0.190054	1.634287	0.250000	-0.332212	0.006806
0.100885	0.621172	0.190054	1.634287	0.250000	-0.332212	0.006806
0.111607	0.621172	0.190054	1.634287	0.250000	-0.332212	0.006806
0.121426	0.621172	0.190054	1.634287	0.250000	-0.332212	0.006806
0.131154	0.621172	0.190054	1.634287	0.250000	-0.332212	0.006806
0.140980	0.621172	0.190054	1.634287	0.250000	-0.332212	0.006806
0.150889	0.621172	0.190054	1.634287	0.250000	-0.332212	0.006806
0.160782	0.621172	0.190054	1.634287	0.250000	-0.332212	0.006806
0.170709	0.621111	0.190766	1.637662	0.250000	-0.341344	0.006324
0.180971	0.621111	0.190766	1.637662	0.250000	-0.341344	0.006324
0.190718	0.621111	0.190766	1.637662	0.250000	-0.341344	0.006324
0.200750	0.621111	0.190766	1.637662	0.250000	-0.341344	0.006324
0.211207	0.621000	0.193134	1.637747	0.250000	-0.374936	0.004993
0.220806	0.621000	0.193134	1.637747	0.250000	-0.374936	0.004993
0.230743	0.621000	0.193134	1.637747	0.250000	-0.374936	0.004993
0.241500	0.621000	0.193134	1.637747	0.250000	-0.374936	0.004993
0.251209	0.621000	0.193134	1.637747	0.250000	-0.374936	0.004993
0.260839	0.621000	0.193134	1.637747	0.250000	-0.374936	0.004993
0.270768	0.621000	0.193134	1.637747	0.250000	-0.374936	0.004993
0.280775	0.620757	0.199294	1.621312	0.250000	-0.398907	0.004531
0.291236	0.620757	0.199294	1.621312	0.250000	-0.398907	0.004531
0.300811	0.620757	0.199294	1.621312	0.250000	-0.398907	0.004531
0.310758	0.620757	0.199294	1.621312	0.250000	-0.398907	0.004531
0.320784	0.620757	0.199294	1.621312	0.250000	-0.398907	0.004531
0.331264	0.620682	0.208254	1.599193	0.250000	-0.442676	0.003316
0.341033	0.620682	0.208254	1.599193	0.250000	-0.442676	0.003316
0.350800	0.620682	0.208254	1.599193	0.250000	-0.442676	0.003316
0.361518	0.620682	0.208254	1.599193	0.250000	-0.442676	0.003316
0.371326	0.620682	0.208254	1.599193	0.250000	-0.442676	0.003316
0.381040	0.620682	0.208254	1.599193	0.250000	-0.442676	0.003316
0.390814	0.620682	0.208254	1.599193	0.250000	-0.442676	0.003316
0.400784	0.620682	0.208254	1.599193	0.250000	-0.442676	0.003316
0.410719	0.619977	0.224245	1.564764	0.250000	-0.540200	-0.000830
0.421024	0.619977	0.224245	1.564764	0.250000	-0.540200	-0.000830
0.430792	0.619977	0.224245	1.564764	0.250000	-0.540200	-0.000830
0.441615	0.619977	0.224245	1.564764	0.250000	-0.540200	-0.000830
0.453295	0.619977	0.224245	1.564764	0.250000	-0.540200	-0.000830
0.461153	0.619977	0.224245	1.564764	0.250000	-0.540200	-0.000830
0.470847	0.619977	0.224245	1.564764	0.250000	-0.540200	-0.000830
0.480924	0.620207	0.237741	1.540102	0.250000	-0.588470	-0.002993
0.490794	0.620207	0.237741	1.540102	0.250000	-0.588470	-0.002993
0.500841	0.620207	0.237741	1.540102	0.250000	-0.588470	-0.002993
0.510848	0.620207	0.237741	1.540102	0.250000	-0.588470	-0.002993
0.520780	0.620207	0.237741	1.540102	0.250000	-0.588470	-0.002993
0.532004	0.620207	0.237741	1.540102	0.250000	-0.588470	-0.002993
0.540834	0.620207	0.237741	1.540102	0.250000	-0.588470	-0.002993
0.550862	0.620207	0.237741	1.540102	0.250000	-0.588470	-0.002993
0.561568	0.620322	0.256286	1.502637	0.250000	-0.693766	-0.008761
0.571324	0.620322	0.256286	1.502637	0.250000	-0.693766	-0.008761
0.580776	0.620322	0.256286	1.502637	0.250000	-0.693766	-0.008761
0.590826	0.622247	0.268755	1.473710	0.250000	-0.727311	-0.010525
0.600773	0.622247	0.268755	1.473710	0.250000	-0.727311	-0.010525
0.611371	0.622247	0.268755	1.473710	0.250000	-0.727311	-0.010525
0.621119	0.622247	0.268755	1.473710	0.250000	-0.727311	-0.010525
0.630901	0.623190	0.282624	1.443775	0.250000	-0.811846	-0.016322
0.641723	0.623190	0.282624	1.443775	0.250000	-0.811846	-0.016322
0.650787	0.623190	0.282624	1.443775	0.250000	-0.811846	-0.016322
0.660842	0.623190	0.282624	1.443775	0.250000	-0.811846	-0.016322
0.670965	0.624644	0.289578	1.417612	0.250000	-0.812074	-0.017146
0.681664	0.624644	0.289578	1.417612	0.250000	-0.812074	-0.017146
0.690809	0.624644	0.289578	1.417612	0.250000	-0.812074	-0.017146
0.701125	0.624644	0.289578	1.417612	0.250000	-0.812074	-0.017146
0.710977	0.624644	0.289578	1.417612	0.250000	-0.812074	-0.017146
0.721671	0.624644	0.289578	1.417612	0.250000	-0.812074	-0.017146
0.731443	0.624644	0.289578	1.417612	0.250000	-0.812074	-0.017146
0.741166	0.626651	0.299113	1.392900	0.250000	-0.812736	-0.018229
0.750865	0.626651	0.299113	1.392900	0.250000	-0.812736	-0.018229
0.760903	0.626651	0.299113	1.392900	0.250000	-0.812736	-0.018229
0.771406	0.626651	0.299113	1.392900	0.250000	-0.812736	-0.018229
0.781207	0.626651	0.299113	1.392900	0.250000	-0.812736	-0.018229
0.790935	0.629590	0.310935	1.360025	0.250000	-0.816601	-0.020356
0.800831	0.629590	0.310935	1.360025	0.250000	-0.816601	-0.020356
0.811435	0.629590	0.310935	1.360025	0.250000	-0.816601	-0.020356
0.820778	0.629590	0.310935	1.360025	0.250000	-0.816601	-0.020356
0.830986	0.629590	0.310935	1.360025	0.250000	-0.816601	-0.020356
0.841662	0.633362	0.322863	1.336314	0.250000	-0.827518	-0.023027
0.851503	0.633362	0.322863	1.336314	0.250000	-0.827518	-0.023027
0.860818	0.633362	0.322863	1.336314	0.250000	-0.827518	-0.023027
0.870846	0.633362	0.322863	1.336314	0.250000	-0.827518	-0.023027
0.880697	0.633362	0.322863	1.336314	0.250000	-0.827518	-0.023027
0.890743	0.633362	0.322863	1.336314	0.250000	-0.827518	-0.023027
0.900790	0.633362	0.322863	1.336314	0.250000	-0.827518	-0.023027
0.910969	0.635429	0.333800	1.297899	0.250000	-0.811919	-0.025376
0.921030	0.635429	0.333800	1.297899	0.250000	-0.811919	-0.025376
0.930791	0.635429	0.333800	1.297899	0.250000	-0.811919	-0.025376
0.941261	0.635429	0.333800	1.297899	0.250000	-0.811919	-0.025376
0.950984	0.635429	0.333800	1.297899	0.250000	-0.811919	-0.025376
0.960701	0.635429	0.333800	1.297899	0.250000	-0.811919	-0.025376
0.972790	0.638996	0.344067	1.268866	0.250000	-0.790431	-0.027097
0.980814	0.638996	0.344067	1.268866	0.250000	-0.790431	-0.027097
0.991033	0.638996	0.344067	1.268866	0.250000	-0.790431	-0.027097
1.000771	0.638996	0.344067	1.268866	0.250000	-0.790431	-0.027097
1.011502	0.638996	0.344067	1.268866	0.250000	-0.790431	-0.027097
1.021223	0.638996	0.344067	1.268866	0.250000	-0.790431	-0.027097
1.031101	0.638996	0.344067	1.268866	0.250000	-0.790431	-0.027097
1.040721	0.642668	0.356627	1.229753	0.250000	-0.748776	-0.029526
1.051613	0.642668	0.356627	1.229753	0.250000	-0.748776	-0.029526
1.061341	0.642668	0.356627	1.229753	0.250000	-0.748776	-0.029526
1.071014	0.642668	0.356627	1.229753	0.250000	-0.748776	-0.029526
1.083710	0.647678	0.369071	1.192208	0.250000	-0.668980	-0.029966
1.092050	0.647678	0.369071	1.192208	0.250000	-0.668980	-0.029966
1.100816	0.647678	0.369071	1.192208	0.250000	-0.668980	-0.029966
1.111052	0.647678	0.369071	1.192208	0.250000	-0.668980	-0.029966
1.120835	0.647678	0.369071	1.192208	0.250000	-0.668980	-0.029966
1.130787	0.647678	0.369071	1.192208	0.250000	-0.668980	-0.029966
1.140859	0.647678	0.369071	1.192208	0.250000	-0.668980	-0.029966
1.151089	0.647678	0.369071	1.192208	0.250000	-0.668980	-0.029966
1.160875	0.652339	0.378671	1.169311	0.250000	-0.580406	-0.030345
1.170856	0.652339	0.378671	1.169311	0.250000	-0.580406	-0.030345
1.180722	0.652339	0.378671	1.169311	0.250000	-0.580406	-0.030345
1.190852	0.652339	0.378671	1.169311	0.250000	-0.580406	-0.030345
1.200819	0.658433	0.389148	1.147391	0.250000	-0.411932	-0.028732
1.210771	0.658433	0.389148	1.147391	0.250000	-0.411932	-0.028732
1.220808	0.658433	0.389148	1.147391	0.250000	-0.411932	-0.028732
1.230833	0.658433	0.389148	1.147391	0.250000	-0.411932	-0.028732
1.240878	0.658433	0.389148	1.147391	0.250000	-0.411932	-0.028732
1.250774	0.658433	0.389148	1.147391	0.250000	-0.411932	-0.028732
1.261539	0.664750	0.399330	1.124042	0.250000	-0.181691	-0.023894
1.271163	0.664750	0.399330	1.124042	0.250000	-0.181691	-0.023894
1.280935	0.664750	0.399330	1.124042	0.250000	-0.181691	-0.023894
1.291629	0.664750	0.399330	1.124042	0.250000	-0.181691	-0.023894
1.301340	0.670582	0.410362	1.090302	0.250000	-0.030433	-0.017236
1.311189	0.670582	0.410362	1.090302	0.250000	-0.030433	-0.017236
1.320910	0.670582	0.410362	1.090302	0.250000	-0.030433	-0.017236
1.331671	0.670582	0.410362	1.090302	0.250000	-0.030433	-0.017236
1.341375	0.670582	0.410362	1.090302	0.250000	-0.030433	-0.017236
1.352341	0.670582	0.410362	1.090302	0.250000	-0.030433	-0.017236
1.360931	0.670582	0.410362	1.090302	0.250000	-0.030433	-0.017236
1.371597	0.676565	0.420294	1.060032	0.250000	0.031445	-0.010461
1.381368	0.676565	0.420294	1.060032	0.250000	0.031445	-0.010461
1.391163	0.676565	0.420294	1.060032	0.250000	0.031445	-0.010461
1.400852	0.676565	0.420294	1.060032	0.250000	0.031445	-0.010461
1.410712	0.676565	0.420294	1.060032	0.250000	0.031445	-0.010461
1.421412	0.683183	0.430131	1.033934	0.250000	0.035863	-0.004885
1.431187	0.683183	0.430131	1.033934	0.250000	0.035863	-0.004885
1.441040	0.683183	0.430131	1.033934	0.250000	0.035863	-0.004885
1.451687	0.683183	0.430131	1.033934	0.250000	0.035863	-0.004885
1.461467	0.683183	0.430131	1.033934	0.250000	0.035863	-0.004885
1.471225	0.683183	0.430131	1.033934	0.250000	0.035863	-0.004885
1.480945	0.689775	0.439703	1.003895	0.250000	0.017022	0.000477
1.490732	0.689775	0.439703	1.003895	0.250000	0.017022	0.000477
1.501483	0.689775	0.439703	1.003895	0.250000	0.017022	0.000477
1.511189	0.689775	0.439703	1.003895	0.250000	0.017022	0.000477
1.520975	0.689775	0.439703	1.003895	0.250000	0.017022	0.000477
1.530805	0.689775	0.439703	1.003895	0.250000	0.017022	0.000477
1.541210	0.689775	0.439703	1.003895	0.250000	0.017022	0.000477
1.551274	0.695637	0.449768	0.975628	0.250000	0.015892	0.003637
1.560857	0.695637	0.449768	0.975628	0.250000	0.015892	0.003637
1.570956	0.695637	0.449768	0.975628	0.250000	0.015892	0.003637
1.581485	0.695637	0.449768	0.975628	0.250000	0.015892	0.003637
1.591268	0.695637	0.449768	0.975628	0.250000	0.015892	0.003637
1.600996	0.695637	0.449768	0.975628	0.250000	0.015892	0.003637
1.610743	0.701932	0.460310	0.963775	0.250000	-0.042378	0.003662
1.620783	0.701932	0.460310	0.963775	0.250000	-0.042378	0.003662
1.631284	0.701932	0.460310	0.963775	0.250000	-0.042378	0.003662
1.640989	0.701932	0.460310	0.963775	0.250000	-0.042378	0.003662
1.651775	0.701932	0.460310	0.963775	0.250000	-0.042378	0.003662
1.661528	0.701932	0.460310	0.963775	0.250000	-0.042378	0.003662
1.671264	0.701932	0.460310	0.963775	0.250000	-0.042378	0.003662
1.684024	0.711830	0.475380	0.958568	0.250000	-0.124206	0.001670
1.690869	0.711830	0.475380	0.958568	0.250000	-0.124206	0.001670
1.700840	0.711830	0.475380	0.958568	0.250000	-0.124206	0.001670
1.711330	0.711830	0.475380	0.958568	0.250000	-0.124206	0.001670
1.721096	0.711830	0.475380	0.958568	0.250000	-0.124206	0.001670
1.730858	0.711830	0.475380	0.958568	0.250000	-0.124206	0.001670
1.741631	0.711830	0.475380	0.958568	0.250000	-0.124206	0.001670
1.751339	0.721310	0.488638	0.953852	0.250000	-0.175279	-0.000088
1.761215	0.721310	0.488638	0.953852	0.250000	-0.175279	-0.000088
1.770821	0.721310	0.488638	0.953852	0.250000	-0.175279	-0.000088
1.781574	0.721310	0.488638	0.953852	0.250000	-0.175279	-0.000088
1.791318	0.731771	0.502432	0.955364	0.250000	-0.231985	-0.002759
1.801101	0.731771	0.502432	0.955364	0.250000	-0.231985	-0.002759
1.810845	0.731771	0.502432	0.955364	0.250000	-0.231985	-0.002759
1.821602	0.731771	0.502432	0.955364	0.250000	-0.231985	-0.002759
1.831411	0.731771	0.502432	0.955364	0.250000	-0.231985	-0.002759
1.841127	0.731771	0.502432	0.955364	0.250000	-0.231985	-0.002759
1.851524	0.740256	0.514546	0.953979	0.250000	-0.270141	-0.005166
1.861654	0.740256	0.514546	0.953979	0.250000	-0.270141	-0.005166
1.871339	0.740256	0.514546	0.953979	0.250000	-0.270141	-0.005166
1.881146	0.748106	0.526399	0.954637	0.250000	-0.325564	-0.009245
1.890892	0.748106	0.526399	0.954637	0.250000	-0.325564	-0.009245
1.900796	0.748106	0.526399	0.954637	0.250000	-0.325564	-0.009245
1.910771	0.748106	0.526399	0.954637	0.250000	-0.325564	-0.009245
1.920784	0.748106	0.526399	0.954637	0.250000	-0.325564	-0.009245
1.930879	0.756325	0.537156	0.956488	0.250000	-0.355349	-0.011709
1.941743	0.756325	0.537156	0.956488	0.250000	-0.355349	-0.011709
1.951424	0.756325	0.537156	0.956488	0.250000	-0.355349	-0.011709
1.961161	0.756325	0.537156	0.956488	0.250000	-0.355349	-0.011709
1.970868	0.761578	0.543953	0.950444	0.250000	-0.352925	-0.012317
1.980691	0.761578	0.543953	0.950444	0.250000	-0.352925	-0.012317
1.990807	0.761578	0.543953	0.950444	0.250000	-0.352925	-0.012317
2.001174	0.761578	0.543953	0.950444	0.250000	-0.352925	-0.012317
2.010949	0.761578	0.543953	0.950444	0.250000	-0.352925	-0.012317
2.022409	0.768811	0.553843	0.942425	0.250000	-0.350866	-0.013635
2.031441	0.768811	0.553843	0.942425	0.250000	-0.350866	-0.013635
2.040802	0.768811	0.553843	0.942425	0.250000	-0.350866	-0.013635
2.051325	0.768811	0.553843	0.942425	0.250000	-0.350866	-0.013635
2.060759	0.768811	0.553843	0.942425	0.250000	-0.350866	-0.013635
2.071498	0.768811	0.553843	0.942425	0.250000	-0.350866	-0.013635
2.081251	0.768811	0.553843	0.942425	0.250000	-0.350866	-0.013635
2.090991	0.768811	0.553843	0.942425	0.250000	-0.350866	-0.013635
2.100713	0.776593	0.564722	0.914195	0.250000	-0.291181	-0.012207
2.111452	0.776593	0.564722	0.914195	0.250000	-0.291181	-0.012207
2.121245	0.776593	0.564722	0.914195	0.250000	-0.291181	-0.012207
2.132462	0.776593	0.564722	0.914195	0.250000	-0.291181	-0.012207
2.140764	0.776593	0.564722	0.914195	0.250000	-0.291181	-0.012207
2.150840	0.776593	0.564722	0.914195	0.250000	-0.291181	-0.012207
2.163893	0.787582	0.578124	0.889687	0.250000	-0.214399	-0.010938
2.171020	0.787582	0.578124	0.889687	0.250000	-0.214399	-0.010938
2.180776	0.787582	0.578124	0.889687	0.250000	-0.214399	-0.010938
2.191530	0.797710	0.588854	0.862005	0.250000	-0.107792	-0.006905
2.201312	0.797710	0.588854	0.862005	0.250000	-0.107792	-0.006905
2.211023	0.797710	0.588854	0.862005	0.250000	-0.107792	-0.006905
2.220790	0.797710	0.588854	0.862005	0.250000	-0.107792	-0.006905
2.230767	0.797710	0.588854	0.862005	0.250000	-0.107792	-0.006905
2.240781	0.804684	0.597187	0.846198	0.250000	-0.030057	-0.004956
2.250814	0.804684	0.597187	0.846198	0.250000	-0.030057	-0.004956
2.260811	0.804684	0.597187	0.846198	0.250000	-0.030057	-0.004956
2.271580	0.811094	0.603190	0.841063	0.250000	0.047872	-0.002831
2.281143	0.811094	0.603190	0.841063	0.250000	0.047872	-0.002831
2.290845	0.811094	0.603190	0.841063	0.250000	0.047872	-0.002831
2.300778	0.811094	0.603190	0.841063	0.250000	0.047872	-0.002831
2.310796	0.811094	0.603190	0.841063	0.250000	0.047872	-0.002831
2.322297	0.811094	0.603190	0.841063	0.250000	0.047872	-0.002831
2.331133	0.818702	0.610893	0.824548	0.250000	0.142313	0.000675
2.340849	0.818702	0.610893	0.824548	0.250000	0.142313	0.000675
2.350769	0.818702	0.610893	0.824548	0.250000	0.142313	0.000675
2.361342	0.818702	0.610893	0.824548	0.250000	0.142313	0.000675
2.371093	0.826947	0.618466	0.809115	0.250000	0.268603	0.005399
2.380848	0.826947	0.618466	0.809115	0.250000	0.268603	0.005399
2.390821	0.826947	0.618466	0.809115	0.250000	0.268603	0.005399
2.401353	0.826947	0.618466	0.809115	0.250000	0.268603	0.005399
2.411150	0.833772	0.626959	0.782855	0.250000	0.408162	0.010396
2.420855	0.833772	0.626959	0.782855	0.250000	0.408162	0.010396
2.431715	0.833772	0.626959	0.782855	0.250000	0.408162	0.010396
2.441381	0.833772	0.626959	0.782855	0.250000	0.408162	0.010396
2.451113	0.839609	0.632375	0.770289	0.250000	0.502808	0.014378
2.460892	0.839609	0.632375	0.770289	0.250000	0.502808	0.014378
2.471592	0.839609	0.632375	0.770289	0.250000	0.502808	0.014378
2.480814	0.844861	0.636906	0.760143	0.250000	0.563311	0.017221
2.490802	0.844861	0.636906	0.760143	0.250000	0.563311	0.017221
2.500881	0.844861	0.636906	0.760143	0.250000	0.563311	0.017221
2.511730	0.844861	0.636906	0.760143	0.250000	0.563311	0.017221
2.522152	0.855046	0.645292	0.764488	0.250000	0.688928	0.022740
2.531280	0.855046	0.645292	0.764488	0.250000	0.688928	0.022740
2.540936	0.855046	0.645292	0.764488	0.250000	0.688928	0.022740
2.551200	0.855046	0.645292	0.764488	0.250000	0.688928	0.022740
2.561459	0.855046	0.645292	0.764488	0.250000	0.688928	0.022740
2.571196	0.863746	0.653999	0.778541	0.250000	0.747358	0.025000
2.580889	0.863746	0.653999	0.778541	0.250000	0.747358	0.025000
2.591636	0.863746	0.653999	0.778541	0.250000	0.747358	0.025000
2.601397	0.870821	0.660722	0.785908	0.250000	0.794546	0.027265
2.611198	0.870821	0.660722	0.785908	0.250000	0.794546	0.027265
2.620916	0.870821	0.660722	0.785908	0.250000	0.794546	0.027265
2.630781	0.870821	0.660722	0.785908	0.250000	0.794546	0.027265
2.641640	0.870821	0.660722	0.785908	0.250000	0.794546	0.027265
2.651178	0.870821	0.660722	0.785908	0.250000	0.794546	0.027265
2.661001	0.874058	0.665199	0.794975	0.250000	0.825698	0.028377
2.670773	0.874058	0.665199	0.794975	0.250000	0.825698	0.028377
2.680776	0.874058	0.665199	0.794975	0.250000	0.825698	0.028377
2.691247	0.874058	0.665199	0.794975	0.250000	0.825698	0.028377
2.700953	0.879834	0.670756	0.813768	0.250000	0.845903	0.029545
2.710715	0.879834	0.670756	0.813768	0.250000	0.845903	0.029545
2.721466	0.879834	0.670756	0.813768	0.250000	0.845903	0.029545
2.731323	0.879834	0.670756	0.813768	0.250000	0.845903	0.029545
2.741060	0.879834	0.670756	0.813768	0.250000	0.845903	0.029545
2.750776	0.879834	0.670756	0.813768	0.250000	0.845903	0.029545
2.760916	0.879834	0.670756	0.813768	0.250000	0.845903	0.029545
2.770890	0.888861	0.681421	0.846646	0.250000	0.881021	0.031488
2.781012	0.888861	0.681421	0.846646	0.250000	0.881021	0.031488
2.790749	0.888861	0.681421	0.846646	0.250000	0.881021	0.031488
2.801505	0.896184	0.689582	0.880165	0.250000	0.890228	0.032659
2.811295	0.896184	0.689582	0.880165	0.250000	0.890228	0.032659
2.820827	0.896184	0.689582	0.880165	0.250000	0.890228	0.032659
2.830804	0.896184	0.689582	0.880165	0.250000	0.890228	0.032659
2.840797	0.896184	0.689582	0.880165	0.250000	0.890228	0.032659
2.851341	0.896184	0.689582	0.880165	0.250000	0.890228	0.032659
2.860852	0.896184	0.689582	0.880165	0.250000	0.890228	0.032659
2.870817	0.902304	0.698642	0.916909	0.250000	0.900452	0.033947
2.881541	0.902304	0.698642	0.916909	0.250000	0.900452	0.033947
2.891282	0.902304	0.698642	0.916909	0.250000	0.900452	0.033947
2.901631	0.902304	0.698642	0.916909	0.250000	0.900452	0.033947
2.911799	0.902304	0.698642	0.916909	0.250000	0.900452	0.033947
2.921580	0.902304	0.698642	0.916909	0.250000	0.900452	0.033947
2.935225	0.909661	0.709648	0.957897	0.250000	0.894994	0.034921
2.941009	0.909661	0.709648	0.957897	0.250000	0.894994	0.034921
2.950839	0.909661	0.709648	0.957897	0.250000	0.894994	0.034921
2.961588	0.909661	0.709648	0.957897	0.250000	0.894994	0.034921
2.971341	0.909661	0.709648	0.957897	0.250000	0.894994	0.034921
2.981020	0.909661	0.709648	0.957897	0.250000	0.894994	0.034921
2.990909	0.909661	0.709648	0.957897	0.250000	0.894994	0.034921
3.001613	0.927121	0.730306	1.026376	0.250000	0.913174	0.041076
3.010772	0.927121	0.730306	1.026376	0.250000	0.913174	0.041076
3.021127	0.927121	0.730306	1.026376	0.250000	0.913174	0.041076
3.030813	0.927121	0.730306	1.026376	0.250000	0.913174	0.041076
3.041584	0.930875	0.739831	1.057132	0.250000	0.896579	0.041777
3.050785	0.930875	0.739831	1.057132	0.250000	0.896579	0.041777
3.060839	0.930875	0.739831	1.057132	0.250000	0.896579	0.041777
3.070930	0.930875	0.739831	1.057132	0.250000	0.896579	0.041777
3.082290	0.930875	0.739831	1.057132	0.250000	0.896579	0.041777
3.091393	0.930875	0.739831	1.057132	0.250000	0.896579	0.041777
3.102192	0.932892	0.747150	1.087762	0.250000	0.845545	0.039217
3.110910	0.932892	0.747150	1.087762	0.250000	0.845545	0.039217
3.121660	0.932892	0.747150	1.087762	0.250000	0.845545	0.039217
3.130880	0.932892	0.747150	1.087762	0.250000	0.845545	0.039217
3.140825	0.932892	0.747150	1.087762	0.250000	0.845545	0.039217
3.150965	0.932892	0.747150	1.087762	0.250000	0.845545	0.039217
3.162213	0.932892	0.747150	1.087762	0.250000	0.845545	0.039217
3.170755	0.930037	0.751823	1.101228	0.250000	0.801107	0.035617
3.181180	0.930037	0.751823	1.101228	0.250000	0.801107	0.035617
3.190919	0.930037	0.751823	1.101228	0.250000	0.801107	0.035617
3.201680	0.930037	0.751823	1.101228	0.250000	0.801107	0.035617
3.211413	0.930037	0.751823	1.101228	0.250000	0.801107	0.035617
3.220754	0.930037	0.751823	1.101228	0.250000	0.801107	0.035617
3.230960	0.930037	0.751823	1.101228	0.250000	0.801107	0.035617
3.240771	0.937100	0.765845	1.141996	0.250000	0.776936	0.036114
3.250765	0.937100	0.765845	1.141996	0.250000	0.776936	0.036114
3.261216	0.937100	0.765845	1.141996	0.250000	0.776936	0.036114
3.271025	0.943692	0.778417	1.221011	0.250000	0.688145	0.033446
3.280735	0.943692	0.778417	1.221011	0.250000	0.688145	0.033446
3.291480	0.943692	0.778417	1.221011	0.250000	0.688145	0.033446
3.301230	0.943692	0.778417	1.221011	0.250000	0.688145	0.033446
3.310984	0.943692	0.778417	1.221011	0.250000	0.688145	0.033446
3.320768	0.943692	0.778417	1.221011	0.250000	0.688145	0.033446
3.331619	0.943692	0.778417	1.221011	0.250000	0.688145	0.033446
3.341250	0.944498	0.786806	1.250707	0.250000	0.642425	0.030750
3.350833	0.944498	0.786806	1.250707	0.250000	0.642425	0.030750
3.361691	0.944498	0.786806	1.250707	0.250000	0.642425	0.030750
3.371506	0.944498	0.786806	1.250707	0.250000	0.642425	0.030750
3.380840	0.944498	0.786806	1.250707	0.250000	0.642425	0.030750
3.390909	0.944498	0.786806	1.250707	0.250000	0.642425	0.030750
3.400770	0.944498	0.786806	1.250707	0.250000	0.642425	0.030750
3.410753	0.947155	0.796888	1.284529	0.250000	0.601274	0.028799
3.421216	0.947155	0.796888	1.284529	0.250000	0.601274	0.028799
3.430929	0.947155	0.796888	1.284529	0.250000	0.601274	0.028799
3.440858	0.947155	0.796888	1.284529	0.250000	0.601274	0.028799
3.451552	0.947155	0.796888	1.284529	0.250000	0.601274	0.028799
3.460806	0.947155	0.796888	1.284529	0.250000	0.601274	0.028799
3.471122	0.947155	0.796888	1.284529	0.250000	0.601274	0.028799
3.480803	0.947425	0.807676	1.280805	0.250000	0.626029	0.029388
3.490871	0.947425	0.807676	1.280805	0.250000	0.626029	0.029388
3.500732	0.947425	0.807676	1.280805	0.250000	0.626029	0.029388
3.510760	0.949008	0.818864	1.321272	0.250000	0.560123	0.025551
3.521468	0.949008	0.818864	1.321272	0.250000	0.560123	0.025551
3.531586	0.949008	0.818864	1.321272	0.250000	0.560123	0.025551
3.541295	0.949008	0.818864	1.321272	0.250000	0.560123	0.025551
3.552115	0.949008	0.818864	1.321272	0.250000	0.560123	0.025551
3.560822	0.949008	0.818864	1.321272	0.250000	0.560123	0.025551
3.570820	0.949008	0.818864	1.321272	0.250000	0.560123	0.025551
3.581328	0.952563	0.830230	1.357815	0.250000	0.527519	0.024322
3.591088	0.952563	0.830230	1.357815	0.250000	0.527519	0.024322
3.600876	0.952563	0.830230	1.357815	0.250000	0.527519	0.024322
3.611632	0.952563	0.830230	1.357815	0.250000	0.527519	0.024322
3.620833	0.952563	0.830230	1.357815	0.250000	0.527519	0.024322
3.630853	0.952563	0.830230	1.357815	0.250000	0.527519	0.024322
3.640863	0.952563	0.830230	1.357815	0.250000	0.527519	0.024322
3.651691	0.954623	0.840056	1.388988	0.250000	0.499002	0.022858
3.661382	0.954623	0.840056	1.388988	0.250000	0.499002	0.022858
3.671127	0.954623	0.840056	1.388988	0.250000	0.499002	0.022858
3.680985	0.956291	0.849561	1.414671	0.250000	0.483430	0.021937
3.691821	0.956291	0.849561	1.414671	0.250000	0.483430	0.021937
3.701459	0.956291	0.849561	1.414671	0.250000	0.483430	0.021937
3.711186	0.956291	0.849561	1.414671	0.250000	0.483430	0.021937
3.720954	0.956291	0.849561	1.414671	0.250000	0.483430	0.021937
3.730815	0.956291	0.849561	1.414671	0.250000	0.483430	0.021937
3.740790	0.956291	0.849561	1.414671	0.250000	0.483430	0.021937
3.751184	0.954993	0.857813	1.444103	0.250000	0.430122	0.017898
3.760952	0.954993	0.857813	1.444103	0.250000	0.430122	0.017898
3.770841	0.954993	0.857813	1.444103	0.250000	0.430122	0.017898
3.780817	0.954993	0.857813	1.444103	0.250000	0.430122	0.017898
3.790797	0.954993	0.857813	1.444103	0.250000	0.430122	0.017898
3.800829	0.954993	0.857813	1.444103	0.250000	0.430122	0.017898
3.810730	0.954993	0.857813	1.444103	0.250000	0.430122	0.017898
3.820768	0.955284	0.869581	1.481313	0.250000	0.372945	0.014138
3.830808	0.955284	0.869581	1.481313	0.250000	0.372945	0.014138
3.840930	0.955284	0.869581	1.481313	0.250000	0.372945	0.014138
3.851829	0.955284	0.869581	1.481313	0.250000	0.372945	0.014138
3.860796	0.955284	0.869581	1.481313	0.250000	0.372945	0.014138
3.871177	0.955284	0.869581	1.481313	0.250000	0.372945	0.014138
3.881040	0.953597	0.880693	1.518975	0.250000	0.313250	0.009392
3.890788	0.953597	0.880693	1.518975	0.250000	0.313250	0.009392
3.901528	0.953597	0.880693	1.518975	0.250000	0.313250	0.009392
3.911238	0.953597	0.880693	1.518975	0.250000	0.313250	0.009392
3.921027	0.953597	0.880693	1.518975	0.250000	0.313250	0.009392
3.930792	0.953597	0.880693	1.518975	0.250000	0.313250	0.009392
3.941700	0.953597	0.880693	1.518975	0.250000	0.313250	0.009392
3.951240	0.953696	0.893169	1.555215	0.250000	0.266015	0.006186
3.962006	0.953696	0.893169	1.555215	0.250000	0.266015	0.006186
3.970847	0.953696	0.893169	1.555215	0.250000	0.266015	0.006186
3.980875	0.953696	0.893169	1.555215	0.250000	0.266015	0.006186
3.990786	0.953696	0.893169	1.555215	0.250000	0.266015	0.006186
4.000795	0.953696	0.893169	1.555215	0.250000	0.266015	0.006186
4.010869	0.953696	0.893169	1.555215	0.250000	0.266015	0.006186
4.020798	0.954853	0.905527	1.590530	0.250000	0.258096	0.005252
4.031315	0.954853	0.905527	1.590530	0.250000	0.258096	0.005252
4.041053	0.954853	0.905527	1.590530	0.250000	0.258096	0.005252
4.050839	0.954853	0.905527	1.590530	0.250000	0.258096	0.005252
4.060801	0.954853	0.905527	1.590530	0.250000	0.258096	0.005252
4.071358	0.954853	0.905527	1.590530	0.250000	0.258096	0.005252
4.080850	0.954853	0.905527	1.590530	0.250000	0.258096	0.005252
4.091804	0.956158	0.921744	1.713281	0.250000	0.049977	-0.006200
4.101561	0.956158	0.921744	1.713281	0.250000	0.049977	-0.006200
4.111290	0.956158	0.921744	1.713281	0.250000	0.049977	-0.006200
4.121062	0.956158	0.921744	1.713281	0.250000	0.049977	-0.006200
4.130843	0.956158	0.921744	1.713281	0.250000	0.049977	-0.006200
4.141569	0.956323	0.937100	1.746472	0.250000	0.076585	-0.005852
4.151339	0.956323	0.937100	1.746472	0.250000	0.076585	-0.005852
4.162315	0.952374	0.946689	1.766228	0.250000	0.053129	-0.009109
4.170909	0.952374	0.946689	1.766228	0.250000	0.053129	-0.009109
4.180762	0.952374	0.946689	1.766228	0.250000	0.053129	-0.009109
4.190866	0.950723	0.953735	1.685618	0.250000	0.280777	0.002186
4.201130	0.950723	0.953735	1.685618	0.250000	0.280777	0.002186
4.210810	0.950723	0.953735	1.685618	0.250000	0.280777	0.002186
4.220758	0.950723	0.953735	1.685618	0.250000	0.280777	0.002186
4.231473	0.950723	0.953735	1.685618	0.250000	0.280777	0.002186
4.240885	0.947931	0.958902	1.783426	0.250000	0.063106	-0.010909
4.251885	0.947931	0.958902	1.783426	0.250000	0.063106	-0.010909
4.261351	0.947931	0.958902	1.783426	0.250000	0.063106	-0.010909
4.270760	0.949120	0.968929	1.796532	0.250000	0.109452	-0.007991
4.280808	0.949120	0.968929	1.796532	0.250000	0.109452	-0.007991
4.290908	0.949120	0.968929	1.796532	0.250000	0.109452	-0.007991
4.301668	0.949120	0.968929	1.796532	0.250000	0.109452	-0.007991
4.311451	0.949120	0.968929	1.796532	0.250000	0.109452	-0.007991
4.321164	0.950291	0.980177	1.809892	0.250000	0.184205	-0.003794
4.330979	0.950291	0.980177	1.809892	0.250000	0.184205	-0.003794
4.341700	0.950291	0.980177	1.809892	0.250000	0.184205	-0.003794
4.351427	0.950291	0.980177	1.809892	0.250000	0.184205	-0.003794
4.361073	0.950291	0.980177	1.809892	0.250000	0.184205	-0.003794
4.371768	0.950291	0.980177	1.809892	0.250000	0.184205	-0.003794
4.380793	0.949659	0.992083	1.734963	0.250000	0.450419	0.010052
4.390736	0.949659	0.992083	1.734963	0.250000	0.450419	0.010052
4.401198	0.949659	0.992083	1.734963	0.250000	0.450419	0.010052
4.410941	0.949659	0.992083	1.734963	0.250000	0.450419	0.010052
4.421646	0.947242	1.005401	1.741403	0.250000	0.543125	0.014046
4.431404	0.947242	1.005401	1.741403	0.250000	0.543125	0.014046
4.441187	0.947242	1.005401	1.741403	0.250000	0.543125	0.014046
4.451119	0.947242	1.005401	1.741403	0.250000	0.543125	0.014046
4.460737	0.947242	1.005401	1.741403	0.250000	0.543125	0.014046
4.471479	0.947242	1.005401	1.741403	0.250000	0.543125	0.014046
4.481140	0.940844	1.015448	1.751319	0.250000	0.553421	0.012392
4.490985	0.940844	1.015448	1.751319	0.250000	0.553421	0.012392
4.500727	0.940844	1.015448	1.751319	0.250000	0.553421	0.012392
4.511509	0.940844	1.015448	1.751319	0.250000	0.553421	0.012392
4.520770	0.940844	1.015448	1.751319	0.250000	0.553421	0.012392
4.531027	0.940844	1.015448	1.751319	0.250000	0.553421	0.012392
4.540795	0.940844	1.015448	1.751319	0.250000	0.553421	0.012392
4.550801	0.940844	1.015448	1.751319	0.250000	0.553421	0.012392
4.560817	0.937600	1.029905	1.749754	0.250000	0.642825	0.016606
4.570866	0.937600	1.029905	1.749754	0.250000	0.642825	0.016606
4.580750	0.937600	1.029905	1.749754	0.250000	0.642825	0.016606
4.591303	0.937600	1.029905	1.749754	0.250000	0.642825	0.016606
4.600773	0.934280	1.040923	1.765152	0.250000	0.682256	0.018431
4.610863	0.934280	1.040923	1.765152	0.250000	0.682256	0.018431
4.620811	0.933215	1.052205	1.786679	0.250000	0.731889	0.022170
4.631562	0.933215	1.052205	1.786679	0.250000	0.731889	0.022170
4.641264	0.933215	1.052205	1.786679	0.250000	0.731889	0.022170
4.650795	0.933215	1.052205	1.786679	0.250000	0.731889	0.022170
4.660828	0.933215	1.052205	1.786679	0.250000	0.731889	0.022170
4.671609	0.929842	1.057755	1.820852	0.250000	0.682037	0.019317
4.680778	0.929842	1.057755	1.820852	0.250000	0.682037	0.019317
4.691160	0.929842	1.057755	1.820852	0.250000	0.682037	0.019317
4.700842	0.929842	1.057755	1.820852	0.250000	0.682037	0.019317
4.710854	0.929802	1.069415	1.835538	0.250000	0.758277	0.025560
4.721319	0.929802	1.069415	1.835538	0.250000	0.758277	0.025560
4.731087	0.929802	1.069415	1.835538	0.250000	0.758277	0.025560
4.740801	0.929802	1.069415	1.835538	0.250000	0.758277	0.025560
4.751573	0.929802	1.069415	1.835538	0.250000	0.758277	0.025560
4.761359	0.929802	1.069415	1.835538	0.250000	0.758277	0.025560
4.771486	0.925404	1.075541	1.972459	0.250000	0.463289	0.010278
4.780904	0.925404	1.075541	1.972459	0.250000	0.463289	0.010278
4.791624	0.925404	1.075541	1.972459	0.250000	0.463289	0.010278
4.801370	0.925404	1.075541	1.972459	0.250000	0.463289	0.010278
4.811141	0.925404	1.075541	1.972459	0.250000	0.463289	0.010278
4.820861	0.925404	1.075541	1.972459	0.250000	0.463289	0.010278
4.830789	0.925404	1.075541	1.972459	0.250000	0.463289	0.010278
4.840807	0.925404	1.075541	1.972459	0.250000	0.463289	0.010278
4.850920	0.924802	1.093028	1.993748	0.250000	0.561756	0.019190
4.860925	0.924802	1.093028	1.993748	0.250000	0.561756	0.019190
4.870807	0.924802	1.093028	1.993748	0.250000	0.561756	0.019190
4.881361	0.924802	1.093028	1.993748	0.250000	0.561756	0.019190
4.891016	0.919012	1.103366	2.035557	0.250000	0.498264	0.016640
4.900887	0.919012	1.103366	2.035557	0.250000	0.498264	0.016640
4.910743	0.919012	1.103366	2.035557	0.250000	0.498264	0.016640
4.920784	0.913612	1.112645	1.948271	0.250000	0.731490	0.029487
4.930893	0.913612	1.112645	1.948271	0.250000	0.731490	0.029487
4.940892	0.913612	1.112645	1.948271	0.250000	0.731490	0.029487
4.950719	0.913612	1.112645	1.948271	0.250000	0.731490	0.029487
4.961435	0.906921	1.115565	2.082404	0.250000	0.389172	0.010951
4.971193	0.906921	1.115565	2.082404	0.250000	0.389172	0.010951
4.980951	0.906921	1.115565	2.082404	0.250000	0.389172	0.010951
4.991712	0.906921	1.115565	2.082404	0.250000	0.389172	0.010951
5.000767	0.906921	1.115565	2.082404	0.250000	0.389172	0.010951
5.011303	0.906921	1.115565	2.082404	0.250000	0.389172	0.010951
5.020851	0.906921	1.115565	2.082404	0.250000	0.389172	0.010951
5.030815	0.906921	1.115565	2.082404	0.250000	0.389172	0.010951
5.040810	0.902282	1.119266	2.200759	0.250000	0.072595	-0.005533
5.050777	0.902282	1.119266	2.200759	0.250000	0.072595	-0.005533
5.060965	0.898152	1.128325	2.232541	0.250000	0.025970	-0.006349
5.070698	0.898152	1.128325	2.232541	0.250000	0.025970	-0.006349
5.081436	0.898152	1.128325	2.232541	0.250000	0.025970	-0.006349
5.091286	0.898152	1.128325	2.232541	0.250000	0.025970	-0.006349
5.101153	0.892868	1.134940	2.258397	0.250000	-0.040057	-0.009258
5.110757	0.892868	1.134940	2.258397	0.250000	-0.040057	-0.009258
5.122096	0.891406	1.149455	2.193320	0.250000	0.226384	0.008568
5.133656	0.891406	1.149455	2.193320	0.250000	0.226384	0.008568
5.140896	0.891406	1.149455	2.193320	0.250000	0.226384	0.008568
5.150827	0.891406	1.149455	2.193320	0.250000	0.226384	0.008568
5.160800	0.891406	1.149455	2.193320	0.250000	0.226384	0.008568
5.171519	0.888201	1.157418	2.320260	0.250000	-0.084256	-0.005933
5.180848	0.888201	1.157418	2.320260	0.250000	-0.084256	-0.005933
5.190910	0.888201	1.157418	2.320260	0.250000	-0.084256	-0.005933
5.200943	0.888201	1.157418	2.320260	0.250000	-0.084256	-0.005933
5.210791	0.888201	1.157418	2.320260	0.250000	-0.084256	-0.005933
5.223963	0.884709	1.166276	2.239864	0.250000	0.155022	0.008355
5.230807	0.884709	1.166276	2.239864	0.250000	0.155022	0.008355
5.241491	0.884709	1.166276	2.239864	0.250000	0.155022	0.008355
5.251301	0.884709	1.166276	2.239864	0.250000	0.155022	0.008355
5.261385	0.884709	1.166276	2.239864	0.250000	0.155022	0.008355
5.270780	0.874979	1.169433	2.269508	0.250000	-0.000257	-0.000960
5.280755	0.874979	1.169433	2.269508	0.250000	-0.000257	-0.000960
5.290822	0.874979	1.169433	2.269508	0.250000	-0.000257	-0.000960
5.301097	0.874979	1.169433	2.269508	0.250000	-0.000257	-0.000960
5.310850	0.874979	1.169433	2.269508	0.250000	-0.000257	-0.000960
5.321574	0.874979	1.169433	2.269508	0.250000	-0.000257	-0.000960
5.331474	0.874979	1.169433	2.269508	0.250000	-0.000257	-0.000960
5.340801	0.869229	1.186441	2.278407	0.250000	0.007225	0.004170
5.352465	0.869229	1.186441	2.278407	0.250000	0.007225	0.004170
5.361592	0.869229	1.186441	2.278407	0.250000	0.007225	0.004170
5.371324	0.869229	1.186441	2.278407	0.250000	0.007225	0.004170
5.381073	0.860337	1.197196	2.294982	0.250000	-0.092362	0.001176
5.390810	0.860337	1.197196	2.294982	0.250000	-0.092362	0.001176
5.401608	0.860337	1.197196	2.294982	0.250000	-0.092362	0.001176
5.411385	0.860337	1.197196	2.294982	0.250000	-0.092362	0.001176
5.421347	0.860337	1.197196	2.294982	0.250000	-0.092362	0.001176
5.430899	0.860337	1.197196	2.294982	0.250000	-0.092362	0.001176
5.441747	0.850251	1.205784	2.298144	0.250000	-0.181673	-0.002461
5.451384	0.850251	1.205784	2.298144	0.250000	-0.181673	-0.002461
5.461179	0.850251	1.205784	2.298144	0.250000	-0.181673	-0.002461
5.470936	0.850251	1.205784	2.298144	0.250000	-0.181673	-0.002461
5.480817	0.850251	1.205784	2.298144	0.250000	-0.181673	-0.002461
5.490819	0.850251	1.205784	2.298144	0.250000	-0.181673	-0.002461
5.500864	0.850251	1.205784	2.298144	0.250000	-0.181673	-0.002461
5.510904	0.850251	1.205784	2.298144	0.250000	-0.181673	-0.002461
5.520786	0.837933	1.210533	2.217208	0.250000	-0.137591	0.000069
5.531419	0.837933	1.210533	2.217208	0.250000	-0.137591	0.000069
5.540752	0.837933	1.210533	2.217208	0.250000	-0.137591	0.000069
5.551947	0.827458	1.226625	2.217754	0.250000	-0.295679	-0.002611
5.561724	0.827458	1.226625	2.217754	0.250000	-0.295679	-0.002611
5.571475	0.827458	1.226625	2.217754	0.250000	-0.295679	-0.002611
5.581171	0.827458	1.226625	2.217754	0.250000	-0.295679	-0.002611
5.590970	0.827458	1.226625	2.217754	0.250000	-0.295679	-0.002611
5.601686	0.827458	1.226625	2.217754	0.250000	-0.295679	-0.002611
5.611540	0.819879	1.242142	2.210680	0.250000	-0.427341	-0.003523
5.621295	0.819879	1.242142	2.210680	0.250000	-0.427341	-0.003523
5.631064	0.819879	1.242142	2.210680	0.250000	-0.427341	-0.003523
5.641387	0.819879	1.242142	2.210680	0.250000	-0.427341	-0.003523
5.650951	0.819879	1.242142	2.210680	0.250000	-0.427341	-0.003523
5.661246	0.819879	1.242142	2.210680	0.250000	-0.427341	-0.003523
5.670942	0.819879	1.242142	2.210680	0.250000	-0.427341	-0.003523
5.680719	0.812458	1.253997	2.209126	0.250000	-0.591240	-0.007652
5.691481	0.812458	1.253997	2.209126	0.250000	-0.591240	-0.007652
5.701189	0.812458	1.253997	2.209126	0.250000	-0.591240	-0.007652
5.710985	0.812458	1.253997	2.209126	0.250000	-0.591240	-0.007652
5.722798	0.802280	1.260218	2.306023	0.250000	-0.876282	-0.023937
5.731511	0.802280	1.260218	2.306023	0.250000	-0.876282	-0.023937
5.741242	0.802280	1.260218	2.306023	0.250000	-0.876282	-0.023937
5.751004	0.802280	1.260218	2.306023	0.250000	-0.876282	-0.023937
5.762456	0.802280	1.260218	2.306023	0.250000	-0.876282	-0.023937
5.771532	0.802280	1.260218	2.306023	0.250000	-0.876282	-0.023937
5.781259	0.794356	1.273123	2.297781	0.250000	-0.983824	-0.025967
5.790839	0.794356	1.273123	2.297781	0.250000	-0.983824	-0.025967
5.800797	0.794356	1.273123	2.297781	0.250000	-0.983824	-0.025967
5.811594	0.794356	1.273123	2.297781	0.250000	-0.983824	-0.025967
5.821377	0.788279	1.286012	2.283380	0.250000	-1.133422	-0.029159
5.831060	0.788279	1.286012	2.283380	0.250000	-1.133422	-0.029159
5.840844	0.788279	1.286012	2.283380	0.250000	-1.133422	-0.029159
5.851540	0.788279	1.286012	2.283380	0.250000	-1.133422	-0.029159
5.861305	0.788279	1.286012	2.283380	0.250000	-1.133422	-0.029159
5.871043	0.788279	1.286012	2.283380	0.250000	-1.133422	-0.029159
5.883735	0.781628	1.298162	2.157712	0.250000	-1.129690	-0.025436
5.892753	0.781628	1.298162	2.157712	0.250000	-1.129690	-0.025436
5.900799	0.781628	1.298162	2.157712	0.250000	-1.129690	-0.025436
5.911128	0.781628	1.298162	2.157712	0.250000	-1.129690	-0.025436
5.920838	0.781628	1.298162	2.157712	0.250000	-1.129690	-0.025436
5.931621	0.781628	1.298162	2.157712	0.250000	-1.129690	-0.025436
5.941338	0.781628	1.298162	2.157712	0.250000	-1.129690	-0.025436
5.951101	0.771706	1.300957	2.122564	0.250000	-1.127661	-0.028485
5.960879	0.771706	1.300957	2.122564	0.250000	-1.127661	-0.028485
5.971636	0.771706	1.300957	2.122564	0.250000	-1.127661	-0.028485
5.981318	0.771706	1.300957	2.122564	0.250000	-1.127661	-0.028485
5.991050	0.762153	1.310126	2.078070	0.250000	-1.248606	-0.035346
6.000786	0.762153	1.310126	2.078070	0.250000	-1.248606	-0.035346
6.010878	0.762153	1.310126	2.078070	0.250000	-1.248606	-0.035346
6.020801	0.762153	1.310126	2.078070	0.250000	-1.248606	-0.035346
6.030898	0.762153	1.310126	2.078070	0.250000	-1.248606	-0.035346
6.040837	0.762153	1.310126	2.078070	0.250000	-1.248606	-0.035346
6.050997	0.756546	1.323866	2.044477	0.250000	-1.283436	-0.036199
6.061424	0.756546	1.323866	2.044477	0.250000	-1.283436	-0.036199
6.071162	0.756546	1.323866	2.044477	0.250000	-1.283436	-0.036199
6.080886	0.756546	1.323866	2.044477	0.250000	-1.283436	-0.036199
6.090789	0.756546	1.323866	2.044477	0.250000	-1.283436	-0.036199
6.100810	0.756546	1.323866	2.044477	0.250000	-1.283436	-0.036199
6.110879	0.756546	1.323866	2.044477	0.250000	-1.283436	-0.036199
6.120853	0.756546	1.323866	2.044477	0.250000	-1.283436	-0.036199
6.132138	0.751154	1.345391	2.008397	0.250000	-1.404903	-0.040855
6.140752	0.751154	1.345391	2.008397	0.250000	-1.404903	-0.040855
6.151181	0.751154	1.345391	2.008397	0.250000	-1.404903	-0.040855
6.163229	0.751154	1.345391	2.008397	0.250000	-1.404903	-0.040855
6.170895	0.751154	1.345391	2.008397	0.250000	-1.404903	-0.040855
6.181425	0.751154	1.345391	2.008397	0.250000	-1.404903	-0.040855
6.190745	0.743987	1.359198	1.973950	0.250000	-1.469921	-0.045954
