x(i)	y(i)	theta(i)
0.602558	0.206829	1.831453
0.601653	0.210313	1.818173
0.600801	0.213784	1.804650
0.600002	0.217243	1.790887
0.599257	0.220690	1.776884
0.598564	0.224124	1.762644
0.597925	0.227547	1.748167
0.597339	0.230957	1.733457
0.596807	0.234356	1.718516
0.596329	0.237744	1.703350
0.595906	0.241119	1.687962
0.595536	0.244484	1.672357
0.595221	0.247837	1.656541
0.594961	0.251178	1.640520
0.594755	0.254509	1.624300
0.594605	0.257829	1.607891
0.594509	0.261138	1.591298
0.594469	0.264436	1.574532
0.594485	0.267723	1.557602
0.594556	0.271000	1.540517
0.594683	0.274267	1.523288
0.594866	0.277523	1.505927
0.595105	0.280769	1.488444
0.595401	0.284005	1.470852
0.595753	0.287231	1.453163
0.596163	0.290447	1.435391
0.596629	0.293653	1.417548
0.597152	0.296850	1.399648
0.597732	0.300037	1.381705
0.598370	0.303215	1.363732
0.599065	0.306384	1.345744
0.599819	0.309543	1.327755
0.600630	0.312694	1.309779
0.601499	0.315835	1.291831
0.602427	0.318968	1.273923
0.603413	0.322091	1.256069
0.604458	0.325207	1.238284
0.605562	0.328313	1.220580
0.606725	0.331412	1.202970
0.607947	0.334502	1.185466
0.609228	0.337584	1.168081
0.610569	0.340657	1.150826
0.611970	0.343723	1.133712
0.613430	0.346781	1.116749
0.614951	0.349832	1.099947
0.616532	0.352875	1.083315
0.618173	0.355910	1.066862
0.619875	0.358938	1.050596
0.621638	0.361958	1.034524
0.623462	0.364972	1.018653
0.625347	0.367978	1.002989
0.627293	0.370978	0.987537
0.629301	0.373970	0.972303
0.631370	0.376956	0.957290
0.633501	0.379936	0.942502
0.635695	0.382909	0.927943
0.637950	0.385875	0.913615
0.640268	0.388836	0.899519
0.642648	0.391790	0.885658
0.645091	0.394738	0.872033
0.647597	0.397680	0.858727
0.650164	0.400617	0.846459
0.652786	0.403547	0.835346
0.655460	0.406472	0.825339
0.658180	0.409392	0.816391
0.660942	0.412307	0.808461
0.663740	0.415216	0.801513
0.666569	0.418120	0.795517
0.669425	0.421019	0.790447
0.672302	0.423913	0.786281
0.675196	0.426802	0.783003
0.678102	0.429687	0.780600
0.681015	0.432567	0.779063
0.683929	0.435442	0.778390
0.686841	0.438313	0.778580
0.689745	0.441180	0.779639
0.692635	0.444043	0.781576
0.695509	0.446902	0.784404
0.698359	0.449757	0.788142
0.701182	0.452608	0.792814
0.703972	0.455456	0.798448
0.706725	0.458300	0.805077
0.709436	0.461141	0.812742
0.712099	0.463978	0.821488
0.714710	0.466812	0.831366
0.717264	0.469643	0.842436
0.719756	0.472471	0.854763
0.722181	0.475296	0.868421
0.724534	0.478118	0.883492
0.726810	0.480938	0.900064
0.729005	0.483755	0.918238
0.731113	0.486570	0.938120
0.733129	0.489382	0.959826
0.735049	0.492192	0.983481
0.736867	0.495000	1.009216
0.738579	0.497806	1.037168
0.740180	0.500611	1.067478
0.741665	0.503413	1.100286
0.743029	0.506214	1.135557
0.744273	0.509013	1.168801
0.745414	0.511811	1.197615
0.746469	0.514608	1.221589
0.747456	0.517403	1.240399
0.748392	0.520197	1.253807
0.749295	0.522991	1.261648
0.750182	0.525783	1.263830
0.751071	0.528575	1.260323
0.751979	0.531366	1.251161
0.752924	0.534157	1.236446
0.753924	0.536947	1.216351
0.754995	0.539737	1.191126
0.756156	0.542527	1.161109
0.757423	0.545317	1.128344
0.758798	0.548106	1.097303
0.760280	0.550896	1.068150
0.761865	0.553686	1.040808
0.763549	0.556477	1.015196
0.765329	0.559268	0.991230
0.767202	0.562060	0.968828
0.769164	0.564852	0.947906
0.771213	0.567645	0.928386
0.773344	0.570440	0.910191
0.775555	0.573235	0.893247
0.777842	0.576031	0.877487
0.780202	0.578829	0.862846
0.782632	0.581628	0.849263
0.785128	0.584429	0.836682
0.787686	0.587231	0.825053
0.790305	0.590035	0.814327
0.792979	0.592841	0.804459
0.795707	0.595648	0.795410
0.798485	0.598458	0.787143
0.801308	0.601270	0.779625
0.804175	0.604084	0.772824
0.807082	0.606901	0.766714
0.810025	0.609720	0.761270
0.813001	0.612542	0.756470
0.816006	0.615367	0.752295
0.819039	0.618194	0.748727
0.822094	0.621025	0.745753
0.825170	0.623858	0.743359
0.828261	0.626695	0.741534
0.831366	0.629535	0.740272
0.834481	0.632379	0.739565
0.837603	0.635226	0.739408
0.840728	0.638076	0.739799
0.843852	0.640931	0.740738
0.846974	0.643789	0.742225
0.850088	0.646651	0.744263
0.853193	0.649518	0.746857
0.856284	0.652388	0.750013
0.859359	0.655263	0.753741
0.862414	0.658143	0.758050
0.865445	0.661026	0.762953
0.868450	0.663915	0.768464
0.871425	0.666808	0.774600
0.874367	0.669707	0.781378
0.877272	0.672610	0.788821
0.880138	0.675518	0.796950
0.882960	0.678432	0.805792
0.885736	0.681350	0.815374
0.888462	0.684275	0.825727
0.891135	0.687205	0.836883
0.893751	0.690140	0.848879
0.896308	0.693081	0.861753
0.898802	0.696029	0.875546
0.901229	0.698982	0.890302
0.903587	0.701941	0.906068
0.905871	0.704907	0.922893
0.908080	0.707879	0.940719
0.910211	0.710857	0.958765
0.912266	0.713842	0.976848
0.914247	0.716834	0.994944
0.916156	0.719832	1.013024
0.917993	0.722838	1.031063
0.919761	0.725850	1.049032
0.921461	0.728869	1.066905
0.923095	0.731896	1.084653
0.924665	0.734930	1.102249
0.926171	0.737972	1.119665
0.927616	0.741021	1.136877
0.929001	0.744078	1.153857
0.930328	0.747143	1.170580
0.931598	0.750215	1.187023
0.932813	0.753296	1.203161
0.933975	0.756385	1.218974
0.935084	0.759482	1.234440
0.936144	0.762587	1.249540
0.937154	0.765701	1.264255
0.938118	0.768823	1.278569
0.939036	0.771955	1.292466
0.939911	0.775095	1.305932
0.940743	0.778243	1.318954
0.941534	0.781401	1.331521
0.942286	0.784569	1.343623
0.943001	0.787745	1.355251
0.943680	0.790931	1.366397
0.944324	0.794126	1.377055
0.944936	0.797331	1.387220
0.945517	0.800546	1.396887
0.946068	0.803770	1.406052
0.946591	0.807005	1.414714
0.947088	0.810249	1.422871
0.947560	0.813504	1.430521
0.948009	0.816769	1.437665
0.948436	0.820044	1.444303
0.948844	0.823330	1.450436
0.949233	0.826626	1.456066
0.949605	0.829933	1.461194
0.949963	0.833251	1.465823
0.950306	0.836580	1.469956
0.950638	0.839920	1.473596
0.950959	0.843272	1.476746
0.951272	0.846634	1.479410
0.951577	0.850008	1.481591
0.951877	0.853394	1.483335
0.952172	0.856790	1.485090
0.952461	0.860198	1.486979
0.952745	0.863617	1.489002
0.953022	0.867045	1.491158
0.953293	0.870483	1.493448
0.953556	0.873931	1.495871
0.953811	0.877387	1.498428
0.954057	0.880852	1.501118
0.954295	0.884325	1.503942
0.954523	0.887805	1.506899
0.954741	0.891292	1.509991
0.954948	0.894786	1.513218
0.955143	0.898286	1.516580
0.955328	0.901791	1.520078
0.955499	0.905303	1.523713
0.955659	0.908819	1.527485
0.955804	0.912339	1.531396
0.955936	0.915863	1.535446
0.956054	0.919391	1.539636
0.956156	0.922923	1.543968
0.956243	0.926456	1.548443
0.956314	0.929993	1.553062
0.956368	0.933530	1.557826
0.956405	0.937070	1.562737
0.956425	0.940610	1.567796
0.956427	0.944151	1.573005
0.956409	0.947692	1.578366
0.956373	0.951232	1.583879
0.956316	0.954772	1.589548
0.956240	0.958311	1.595373
0.956142	0.961847	1.601356
0.956023	0.965382	1.607500
0.955883	0.968914	1.613806
0.955719	0.972443	1.620277
0.955533	0.975969	1.626913
0.955323	0.979491	1.633718
0.955089	0.983009	1.640694
0.954831	0.986522	1.647842
0.954547	0.990030	1.655164
0.954238	0.993532	1.662664
0.953902	0.997028	1.670339
0.953540	1.000518	1.678186
0.953150	1.004002	1.686205
0.952733	1.007479	1.694396
0.952287	1.010949	1.702759
0.951812	1.014413	1.711293
0.951308	1.017870	1.719999
0.950774	1.021319	1.728875
0.950209	1.024762	1.737922
0.949614	1.028197	1.747139
0.948986	1.031624	1.756524
0.948327	1.035044	1.766077
0.947635	1.038456	1.775797
0.946909	1.041860	1.785682
0.946150	1.045256	1.795730
0.945357	1.048644	1.805940
0.944529	1.052023	1.816310
0.943665	1.055394	1.826837
0.942766	1.058756	1.837520
0.941830	1.062110	1.848356
0.940858	1.065454	1.859342
0.939847	1.068789	1.870475
0.938799	1.072115	1.881753
0.937712	1.075432	1.893170
0.936586	1.078739	1.904724
0.935421	1.082036	1.916412
0.934215	1.085324	1.928228
0.932969	1.088602	1.940169
0.931681	1.091869	1.952230
0.930352	1.095126	1.964407
0.928980	1.098373	1.976694
0.927565	1.101609	1.989086
0.926107	1.104835	2.001578
0.924605	1.108050	2.014165
0.923059	1.111253	2.026840
0.921468	1.114446	2.039599
0.919831	1.117627	2.052434
0.918148	1.120797	2.065340
0.916418	1.123956	2.078310
0.914641	1.127102	2.091339
0.912817	1.130237	2.104419
0.910944	1.133360	2.117544
0.909023	1.136471	2.130707
0.907052	1.139569	2.143902
0.905031	1.142655	2.157121
0.902960	1.145728	2.170359
0.900839	1.148789	2.183420
0.898668	1.151837	2.195885
0.896449	1.154873	2.207751
0.894185	1.157898	2.219031
0.891877	1.160911	2.229738
0.889527	1.163913	2.239885
0.887138	1.166904	2.249483
0.884711	1.169886	2.258546
0.882248	1.172857	2.267085
0.879751	1.175819	2.275110
0.877223	1.178772	2.282633
0.874665	1.181716	2.289663
0.872078	1.184652	2.296210
0.869466	1.187580	2.302283
0.866830	1.190500	2.307889
0.864171	1.193413	2.313037
0.861493	1.196320	2.317734
0.858796	1.199220	2.321985
0.856084	1.202113	2.325796
0.853357	1.205001	2.329173
0.850617	1.207884	2.332120
0.847868	1.210762	2.334639
0.845110	1.213635	2.336735
0.842346	1.216504	2.338410
0.839577	1.219369	2.339664
0.836806	1.222230	2.340500
0.834035	1.225089	2.340917
0.831265	1.227945	2.340915
0.828498	1.230798	2.340493
0.825737	1.233649	2.339649
0.822983	1.236499	2.338381
0.820239	1.239348	2.336685
0.817506	1.242196	2.334557
0.814786	1.245043	2.331993
0.812081	1.247891	2.328987
0.809393	1.250738	2.325533
0.806725	1.253586	2.321624
0.804077	1.256436	2.317252
0.801453	1.259286	2.312409
0.798854	1.262139	2.307086
0.796282	1.264993	2.301272
0.793738	1.267850	2.294956
0.791226	1.270711	2.288128
0.788746	1.273574	2.280774
0.786301	1.276441	2.272881
0.783893	1.279312	2.264436
0.781524	1.282187	2.255423
0.779195	1.285068	2.245826
0.776910	1.287953	2.235631
0.774668	1.290844	2.224819
0.772474	1.293741	2.213373
0.770327	1.296644	2.201275
0.768232	1.299554	2.188507
0.766189	1.302471	2.175050
0.764200	1.305395	2.160885
0.762267	1.308327	2.145993
0.760393	1.311267	2.130355
0.758580	1.314216	2.113953
0.756828	1.317173	2.096769
0.755141	1.320140	2.078787
0.753520	1.323117	2.059990
0.751967	1.326103	2.040366
0.750485	1.329100	2.019901
0.749074	1.332108	1.998587
0.747738	1.335127	1.976418
0.746477	1.338157	1.953391
0.745294	1.341200	1.929506
0.744192	1.344254	1.904770
0.743171	1.347322	1.879193
0.742234	1.350402	1.852793
0.741383	1.353496	1.825591
0.740620	1.356603	1.797616
0.739946	1.359725	1.768905
0.739364	1.362861	1.739499
0.738876	1.366012	1.709449
0.738483	1.369179	1.678811
0.738188	1.372361	1.647647
0.737992	1.375559	1.616028
0.737898	1.378774	1.584027
0.737908	1.382005	1.551724
0.738023	1.385253	1.519203
0.738245	1.388519	1.486547
0.738576	1.391803	1.453845
0.739019	1.395105	1.421182
0.739575	1.398426	1.388645
0.740247	1.401766	1.356317
0.741035	1.405125	1.324278
0.741943	1.408504	1.292602
0.742972	1.411904	1.261360
0.744124	1.415323	1.230616
0.745401	1.418764	1.200426
0.746805	1.422226	1.170842
0.748337	1.425710	1.141905
0.750001	1.429215	1.113653
0.751798	1.432743	1.086115
0.753729	1.436294	1.059314
0.755798	1.439868	1.033267
0.758005	1.443466	1.007983
