t	x(t)	y(t)	theta(t)	v(t)	gamma(t)	efa
0.003519	0.523773	0.335977	0.081764	0.250000	1.336879	0.060641
0.007708	0.523773	0.335977	0.081764	0.250000	1.336879	0.060641
0.014046	0.523773	0.335977	0.081764	0.250000	1.336879	0.060641
0.024578	0.523773	0.335977	0.081764	0.250000	1.336879	0.060641
0.034358	0.523773	0.335977	0.081764	0.250000	1.336879	0.060641
0.044078	0.523773	0.335977	0.081764	0.250000	1.336879	0.060641
0.056038	0.523773	0.335977	0.081764	0.250000	1.336879	0.060641
0.064554	0.523773	0.335977	0.081764	0.250000	1.336879	0.060641
0.075348	0.523773	0.335977	0.081764	0.250000	1.336879	0.060641
0.084164	0.523773	0.335977	0.081764	0.250000	1.336879	0.060641
0.093992	0.525487	0.336749	0.078242	0.250000	1.369590	0.062624
0.104625	0.525487	0.336749	0.078242	0.250000	1.369590	0.062624
0.114383	0.525487	0.336749	0.078242	0.250000	1.369590	0.062624
0.124095	0.525487	0.336749	0.078242	0.250000	1.369590	0.062624
0.134904	0.525487	0.336749	0.078242	0.250000	1.369590	0.062624
0.144618	0.525487	0.336749	0.078242	0.250000	1.369590	0.062624
0.154304	0.525487	0.336749	0.078242	0.250000	1.369590	0.062624
0.164632	0.525487	0.336749	0.078242	0.250000	1.369590	0.062624
0.175028	0.525487	0.336749	0.078242	0.250000	1.369590	0.062624
0.184626	0.525487	0.336749	0.078242	0.250000	1.369590	0.062624
0.194414	0.525487	0.336749	0.078242	0.250000	1.369590	0.062624
0.204110	0.525487	0.336749	0.078242	0.250000	1.369590	0.062624
0.213959	0.525487	0.336749	0.078242	0.250000	1.369590	0.062624
0.224630	0.525487	0.336749	0.078242	0.250000	1.369590	0.062624
0.234374	0.525487	0.336749	0.078242	0.250000	1.369590	0.062624
0.244218	0.525487	0.336749	0.078242	0.250000	1.369590	0.062624
0.254881	0.525487	0.336749	0.078242	0.250000	1.369590	0.062624
0.264713	0.525487	0.336749	0.078242	0.250000	1.369590	0.062624
0.274217	0.525487	0.336749	0.078242	0.250000	1.369590	0.062624
0.284163	0.525487	0.336749	0.078242	0.250000	1.369590	0.062624
0.294242	0.525487	0.336749	0.078242	0.250000	1.369590	0.062624
0.304708	0.525487	0.336749	0.078242	0.250000	1.369590	0.062624
0.314019	0.525487	0.336749	0.078242	0.250000	1.369590	0.062624
0.324189	0.525487	0.336749	0.078242	0.250000	1.369590	0.062624
0.333930	0.534943	0.337073	0.094208	0.250000	1.378962	0.064165
0.344668	0.534943	0.337073	0.094208	0.250000	1.378962	0.064165
0.355417	0.534943	0.337073	0.094208	0.250000	1.378962	0.064165
0.364237	0.534943	0.337073	0.094208	0.250000	1.378962	0.064165
0.373956	0.534943	0.337073	0.094208	0.250000	1.378962	0.064165
0.384785	0.534943	0.337073	0.094208	0.250000	1.378962	0.064165
0.394511	0.534943	0.337073	0.094208	0.250000	1.378962	0.064165
0.404344	0.534943	0.337073	0.094208	0.250000	1.378962	0.064165
0.413970	0.534943	0.337073	0.094208	0.250000	1.378962	0.064165
0.424790	0.547137	0.336607	0.127496	0.250000	1.430596	0.070390
0.434507	0.547137	0.336607	0.127496	0.250000	1.430596	0.070390
0.444536	0.547137	0.336607	0.127496	0.250000	1.430596	0.070390
0.454006	0.547137	0.336607	0.127496	0.250000	1.430596	0.070390
0.464746	0.565544	0.338954	0.172700	0.250000	1.477995	0.076755
0.474318	0.565544	0.338954	0.172700	0.250000	1.477995	0.076755
0.484258	0.565544	0.338954	0.172700	0.250000	1.477995	0.076755
0.494002	0.565544	0.338954	0.172700	0.250000	1.477995	0.076755
0.504899	0.565544	0.338954	0.172700	0.250000	1.477995	0.076755
0.514070	0.565544	0.338954	0.172700	0.250000	1.477995	0.076755
0.524250	0.565544	0.338954	0.172700	0.250000	1.477995	0.076755
0.537313	0.565544	0.338954	0.172700	0.250000	1.477995	0.076755
0.543976	0.565544	0.338954	0.172700	0.250000	1.477995	0.076755
0.556530	0.565544	0.338954	0.172700	0.250000	1.477995	0.076755
0.564259	0.565544	0.338954	0.172700	0.250000	1.477995	0.076755
0.577856	0.565544	0.338954	0.172700	0.250000	1.477995	0.076755
0.584739	0.565544	0.338954	0.172700	0.250000	1.477995	0.076755
0.594500	0.565544	0.338954	0.172700	0.250000	1.477995	0.076755
0.604261	0.565544	0.338954	0.172700	0.250000	1.477995	0.076755
0.614017	0.565544	0.338954	0.172700	0.250000	1.477995	0.076755
0.624013	0.565544	0.338954	0.172700	0.250000	1.477995	0.076755
0.636520	0.565544	0.338954	0.172700	0.250000	1.477995	0.076755
0.644282	0.565544	0.338954	0.172700	0.250000	1.477995	0.076755
0.654046	0.565544	0.338954	0.172700	0.250000	1.477995	0.076755
0.664822	0.565544	0.338954	0.172700	0.250000	1.477995	0.076755
0.674640	0.565544	0.338954	0.172700	0.250000	1.477995	0.076755
0.684328	0.565544	0.338954	0.172700	0.250000	1.477995	0.076755
0.694088	0.565544	0.338954	0.172700	0.250000	1.477995	0.076755
0.704797	0.565544	0.338954	0.172700	0.250000	1.477995	0.076755
0.714568	0.593371	0.347294	0.260411	0.250000	1.491194	0.082283
0.724653	0.593371	0.347294	0.260411	0.250000	1.491194	0.082283
0.734074	0.593371	0.347294	0.260411	0.250000	1.491194	0.082283
0.743952	0.618120	0.356988	0.331469	0.250000	1.534652	0.091290
0.754578	0.618120	0.356988	0.331469	0.250000	1.534652	0.091290
0.764310	0.618120	0.356988	0.331469	0.250000	1.534652	0.091290
0.774061	0.641846	0.365043	0.392519	0.250000	1.550400	0.099458
0.784821	0.641846	0.365043	0.392519	0.250000	1.550400	0.099458
0.793943	0.641846	0.365043	0.392519	0.250000	1.550400	0.099458
0.806861	0.641846	0.365043	0.392519	0.250000	1.550400	0.099458
0.814077	0.641846	0.365043	0.392519	0.250000	1.550400	0.099458
0.824031	0.641846	0.365043	0.392519	0.250000	1.550400	0.099458
0.833943	0.647842	0.368542	0.402882	0.250000	1.564996	0.102274
0.844376	0.647842	0.368542	0.402882	0.250000	1.564996	0.102274
0.854124	0.647842	0.368542	0.402882	0.250000	1.564996	0.102274
0.864888	0.647842	0.368542	0.402882	0.250000	1.564996	0.102274
0.874635	0.655018	0.371521	0.422003	0.250000	1.571564	0.105655
0.884446	0.655018	0.371521	0.422003	0.250000	1.571564	0.105655
0.894108	0.655018	0.371521	0.422003	0.250000	1.571564	0.105655
0.904810	0.661681	0.374214	0.446566	0.250000	1.570739	0.108890
0.914004	0.661681	0.374214	0.446566	0.250000	1.570739	0.108890
0.924387	0.661681	0.374214	0.446566	0.250000	1.570739	0.108890
0.934133	0.661681	0.374214	0.446566	0.250000	1.570739	0.108890
0.944054	0.661681	0.374214	0.446566	0.250000	1.570739	0.108890
0.954648	0.661681	0.374214	0.446566	0.250000	1.570739	0.108890
0.964385	0.670773	0.377924	0.484537	0.250000	1.554808	0.111667
0.974033	0.670773	0.377924	0.484537	0.250000	1.554808	0.111667
0.983957	0.670773	0.377924	0.484537	0.250000	1.554808	0.111667
0.994662	0.670773	0.377924	0.484537	0.250000	1.554808	0.111667
1.004461	0.670773	0.377924	0.484537	0.250000	1.554808	0.111667
1.014320	0.670773	0.377924	0.484537	0.250000	1.554808	0.111667
1.024940	0.670773	0.377924	0.484537	0.250000	1.554808	0.111667
1.034636	0.670773	0.377924	0.484537	0.250000	1.554808	0.111667
1.044825	0.684759	0.384891	0.531135	0.250000	1.555811	0.117733
1.054201	0.684759	0.384891	0.531135	0.250000	1.555811	0.117733
1.063948	0.684759	0.384891	0.531135	0.250000	1.555811	0.117733
1.073944	0.684759	0.384891	0.531135	0.250000	1.555811	0.117733
1.084474	0.696669	0.393189	0.569998	0.250000	1.547090	0.120507
1.094154	0.696669	0.393189	0.569998	0.250000	1.547090	0.120507
1.103976	0.696669	0.393189	0.569998	0.250000	1.547090	0.120507
1.114008	0.696669	0.393189	0.569998	0.250000	1.547090	0.120507
1.124455	0.706762	0.400295	0.592801	0.250000	1.560973	0.124549
1.134102	0.709950	0.405116	0.608231	0.250000	1.563773	0.125297
1.143999	0.709950	0.405116	0.608231	0.250000	1.563773	0.125297
1.154725	0.709950	0.405116	0.608231	0.250000	1.563773	0.125297
1.164494	0.709950	0.405116	0.608231	0.250000	1.563773	0.125297
1.174322	0.709950	0.405116	0.608231	0.250000	1.563773	0.125297
1.183990	0.709950	0.405116	0.608231	0.250000	1.563773	0.125297
1.194046	0.715977	0.409283	0.625300	0.250000	1.558529	0.126309
1.204509	0.715977	0.409283	0.625300	0.250000	1.558529	0.126309
1.214256	0.715977	0.409283	0.625300	0.250000	1.558529	0.126309
1.223978	0.721880	0.412794	0.644526	0.250000	1.567391	0.129631
1.233939	0.721880	0.412794	0.644526	0.250000	1.567391	0.129631
1.244539	0.721880	0.412794	0.644526	0.250000	1.567391	0.129631
1.254276	0.721880	0.412794	0.644526	0.250000	1.567391	0.129631
1.271233	0.721880	0.412794	0.644526	0.250000	1.567391	0.129631
1.274680	0.721880	0.412794	0.644526	0.250000	1.567391	0.129631
1.284421	0.728738	0.417941	0.668090	0.250000	1.556986	0.132067
1.294303	0.728738	0.417941	0.668090	0.250000	1.556986	0.132067
1.304080	0.728738	0.417941	0.668090	0.250000	1.556986	0.132067
1.314023	0.737725	0.425458	0.694704	0.250000	1.238346	0.153650
1.324571	0.737725	0.425458	0.694704	0.250000	1.238346	0.153650
1.334394	0.737725	0.425458	0.694704	0.250000	1.238346	0.153650
1.345814	0.737725	0.425458	0.694704	0.250000	1.238346	0.153650
1.354801	0.737725	0.425458	0.694704	0.250000	1.238346	0.153650
1.364639	0.737725	0.425458	0.694704	0.250000	1.238346	0.153650
1.374327	0.737725	0.425458	0.694704	0.250000	1.238346	0.153650
1.384089	0.737725	0.425458	0.694704	0.250000	1.238346	0.153650
1.393961	0.737725	0.425458	0.694704	0.250000	1.238346	0.153650
1.404600	0.744209	0.433212	0.730167	0.250000	1.165322	0.149634
1.414349	0.744209	0.433212	0.730167	0.250000	1.165322	0.149634
1.424139	0.744209	0.433212	0.730167	0.250000	1.165322	0.149634
1.435078	0.744209	0.433212	0.730167	0.250000	1.165322	0.149634
1.445440	0.751887	0.441143	0.768916	0.250000	1.103377	0.145271
1.460258	0.751887	0.441143	0.768916	0.250000	1.103377	0.145271
1.464096	0.751887	0.441143	0.768916	0.250000	1.103377	0.145271
1.473964	0.755139	0.447929	0.801780	0.250000	1.051927	0.138788
1.483975	0.755139	0.447929	0.801780	0.250000	1.051927	0.138788
1.494080	0.755139	0.447929	0.801780	0.250000	1.051927	0.138788
1.504923	0.755139	0.447929	0.801780	0.250000	1.051927	0.138788
1.514010	0.755139	0.447929	0.801780	0.250000	1.051927	0.138788
1.524621	0.762184	0.454689	0.833739	0.250000	1.015900	0.135036
1.534206	0.762184	0.454689	0.833739	0.250000	1.015900	0.135036
1.544171	0.762184	0.454689	0.833739	0.250000	1.015900	0.135036
1.553991	0.762184	0.454689	0.833739	0.250000	1.015900	0.135036
1.568608	0.762184	0.454689	0.833739	0.250000	1.015900	0.135036
1.574317	0.762184	0.454689	0.833739	0.250000	1.015900	0.135036
1.584148	0.762184	0.454689	0.833739	0.250000	1.015900	0.135036
1.596283	0.762184	0.454689	0.833739	0.250000	1.015900	0.135036
1.603994	0.768584	0.461606	0.860627	0.250000	0.988891	0.131426
1.613970	0.768584	0.461606	0.860627	0.250000	0.988891	0.131426
1.624220	0.768584	0.461606	0.860627	0.250000	0.988891	0.131426
1.633961	0.776043	0.470437	0.903860	0.250000	0.936013	0.125159
1.644081	0.776043	0.470437	0.903860	0.250000	0.936013	0.125159
1.654003	0.776043	0.470437	0.903860	0.250000	0.936013	0.125159
1.664186	0.776043	0.470437	0.903860	0.250000	0.936013	0.125159
1.673945	0.776043	0.470437	0.903860	0.250000	0.936013	0.125159
1.684666	0.776043	0.470437	0.903860	0.250000	0.936013	0.125159
1.694044	0.781066	0.479524	0.936944	0.250000	0.890329	0.118393
1.704761	0.781066	0.479524	0.936944	0.250000	0.890329	0.118393
1.714027	0.781066	0.479524	0.936944	0.250000	0.890329	0.118393
1.723976	0.781066	0.479524	0.936944	0.250000	0.890329	0.118393
1.734408	0.781066	0.479524	0.936944	0.250000	0.890329	0.118393
1.744150	0.781066	0.479524	0.936944	0.250000	0.890329	0.118393
1.753934	0.781066	0.479524	0.936944	0.250000	0.890329	0.118393
1.764642	0.781066	0.479524	0.936944	0.250000	0.890329	0.118393
1.774427	0.787470	0.488815	0.976079	0.250000	0.838270	0.111880
1.784312	0.787470	0.488815	0.976079	0.250000	0.838270	0.111880
1.794002	0.787470	0.488815	0.976079	0.250000	0.838270	0.111880
1.804790	0.787470	0.488815	0.976079	0.250000	0.838270	0.111880
1.814482	0.787470	0.488815	0.976079	0.250000	0.838270	0.111880
1.825233	0.794097	0.498215	1.014318	0.250000	0.787787	0.105825
1.833950	0.794097	0.498215	1.014318	0.250000	0.787787	0.105825
1.844103	0.794097	0.498215	1.014318	0.250000	0.787787	0.105825
1.853976	0.794097	0.498215	1.014318	0.250000	0.787787	0.105825
1.864271	0.794097	0.498215	1.014318	0.250000	0.787787	0.105825
1.873978	0.794097	0.498215	1.014318	0.250000	0.787787	0.105825
1.884082	0.794097	0.498215	1.014318	0.250000	0.787787	0.105825
1.893960	0.794097	0.498215	1.014318	0.250000	0.787787	0.105825
1.904219	0.798582	0.510336	1.060368	0.250000	0.712264	0.095071
1.915971	0.798582	0.510336	1.060368	0.250000	0.712264	0.095071
1.924660	0.798582	0.510336	1.060368	0.250000	0.712264	0.095071
1.933900	0.804298	0.523150	1.108473	0.250000	0.628405	0.085637
1.944324	0.804298	0.523150	1.108473	0.250000	0.628405	0.085637
1.954039	0.804298	0.523150	1.108473	0.250000	0.628405	0.085637
1.964818	0.804298	0.523150	1.108473	0.250000	0.628405	0.085637
1.975605	0.807519	0.533875	1.142047	0.250000	0.561859	0.077485
1.984293	0.807519	0.533875	1.142047	0.250000	0.561859	0.077485
1.994073	0.807519	0.533875	1.142047	0.250000	0.561859	0.077485
2.004767	0.807519	0.533875	1.142047	0.250000	0.561859	0.077485
2.014557	0.807519	0.533875	1.142047	0.250000	0.561859	0.077485
2.024368	0.807519	0.533875	1.142047	0.250000	0.561859	0.077485
2.034126	0.807519	0.533875	1.142047	0.250000	0.561859	0.077485
2.043988	0.807519	0.533875	1.142047	0.250000	0.561859	0.077485
2.053958	0.817159	0.548798	1.184061	0.250000	0.513853	0.071180
2.064293	0.817159	0.548798	1.184061	0.250000	0.513853	0.071180
2.074045	0.817159	0.548798	1.184061	0.250000	0.513853	0.071180
2.083912	0.819950	0.559850	1.214035	0.250000	0.449382	0.063781
2.094502	0.819950	0.559850	1.214035	0.250000	0.449382	0.063781
2.105789	0.819950	0.559850	1.214035	0.250000	0.449382	0.063781
2.114089	0.819950	0.559850	1.214035	0.250000	0.449382	0.063781
2.125824	0.825312	0.572394	1.250178	0.250000	0.389811	0.056985
2.134612	0.825312	0.572394	1.250178	0.250000	0.389811	0.056985
2.144361	0.825312	0.572394	1.250178	0.250000	0.389811	0.056985
2.154076	0.825312	0.572394	1.250178	0.250000	0.389811	0.056985
2.164843	0.825312	0.572394	1.250178	0.250000	0.389811	0.056985
2.174177	0.824606	0.579866	1.276347	0.250000	0.309258	0.049392
2.184373	0.824606	0.579866	1.276347	0.250000	0.309258	0.049392
2.194232	0.824606	0.579866	1.276347	0.250000	0.309258	0.049392
2.204057	0.824606	0.579866	1.276347	0.250000	0.309258	0.049392
2.213974	0.824606	0.579866	1.276347	0.250000	0.309258	0.049392
2.224338	0.828629	0.589988	1.309456	0.250000	0.250865	0.043130
2.233958	0.828629	0.589988	1.309456	0.250000	0.250865	0.043130
2.244608	0.828629	0.589988	1.309456	0.250000	0.250865	0.043130
2.254613	0.828629	0.589988	1.309456	0.250000	0.250865	0.043130
2.264470	0.828629	0.589988	1.309456	0.250000	0.250865	0.043130
2.274164	0.828629	0.589988	1.309456	0.250000	0.250865	0.043130
2.284871	0.828629	0.589988	1.309456	0.250000	0.250865	0.043130
2.294662	0.827866	0.598101	1.344027	0.250000	0.142317	0.034504
2.304409	0.827866	0.598101	1.344027	0.250000	0.142317	0.034504
2.314187	0.827866	0.598101	1.344027	0.250000	0.142317	0.034504
2.324065	0.827866	0.598101	1.344027	0.250000	0.142317	0.034504
2.334716	0.827866	0.598101	1.344027	0.250000	0.142317	0.034504
2.344442	0.827866	0.598101	1.344027	0.250000	0.142317	0.034504
2.354393	0.827866	0.598101	1.344027	0.250000	0.142317	0.034504
2.364951	0.827866	0.598101	1.344027	0.250000	0.142317	0.034504
2.374659	0.828820	0.607528	1.382514	0.250000	0.037219	0.026083
2.384740	0.828820	0.607528	1.382514	0.250000	0.037219	0.026083
2.394194	0.828820	0.607528	1.382514	0.250000	0.037219	0.026083
2.404003	0.829516	0.618308	1.421406	0.250000	-0.075073	0.017472
2.414016	0.829516	0.618308	1.421406	0.250000	-0.075073	0.017472
2.424969	0.829516	0.618308	1.421406	0.250000	-0.075073	0.017472
2.434155	0.829516	0.618308	1.421406	0.250000	-0.075073	0.017472
2.444033	0.829516	0.618308	1.421406	0.250000	-0.075073	0.017472
2.454681	0.828964	0.628883	1.447898	0.250000	-0.166698	0.008824
2.464482	0.828964	0.628883	1.447898	0.250000	-0.166698	0.008824
2.475579	0.828904	0.637151	1.509571	0.250000	-0.340708	-0.001596
2.484979	0.828904	0.637151	1.509571	0.250000	-0.340708	-0.001596
2.494114	0.828904	0.637151	1.509571	0.250000	-0.340708	-0.001596
2.504494	0.828904	0.637151	1.509571	0.250000	-0.340708	-0.001596
2.514380	0.828904	0.637151	1.509571	0.250000	-0.340708	-0.001596
2.524093	0.828904	0.637151	1.509571	0.250000	-0.340708	-0.001596
2.536019	0.830772	0.644699	1.550614	0.250000	-0.432146	-0.007904
2.544230	0.830772	0.644699	1.550614	0.250000	-0.432146	-0.007904
2.554226	0.830772	0.644699	1.550614	0.250000	-0.432146	-0.007904
2.563944	0.830772	0.644699	1.550614	0.250000	-0.432146	-0.007904
2.574738	0.833648	0.656762	1.613613	0.250000	-0.561045	-0.015680
2.584448	0.833648	0.656762	1.613613	0.250000	-0.561045	-0.015680
2.594204	0.833648	0.656762	1.613613	0.250000	-0.561045	-0.015680
2.604014	0.835876	0.668023	1.568227	0.250000	-0.415494	-0.012725
2.613951	0.835876	0.668023	1.568227	0.250000	-0.415494	-0.012725
2.624649	0.835876	0.668023	1.568227	0.250000	-0.415494	-0.012725
2.634308	0.835876	0.668023	1.568227	0.250000	-0.415494	-0.012725
2.644022	0.835876	0.668023	1.568227	0.250000	-0.415494	-0.012725
2.654766	0.835876	0.668023	1.568227	0.250000	-0.415494	-0.012725
2.664484	0.835465	0.681247	1.531099	0.250000	-0.309869	-0.011407
2.674115	0.835465	0.681247	1.531099	0.250000	-0.309869	-0.011407
2.684052	0.835465	0.681247	1.531099	0.250000	-0.309869	-0.011407
2.694774	0.835465	0.681247	1.531099	0.250000	-0.309869	-0.011407
2.704630	0.835465	0.681247	1.531099	0.250000	-0.309869	-0.011407
2.714298	0.835465	0.681247	1.531099	0.250000	-0.309869	-0.011407
2.724160	0.836059	0.690324	1.460388	0.250000	-0.101496	-0.003055
2.734787	0.836059	0.690324	1.460388	0.250000	-0.101496	-0.003055
2.744549	0.836059	0.690324	1.460388	0.250000	-0.101496	-0.003055
2.754276	0.836028	0.700188	1.449834	0.250000	-0.055927	-0.003197
2.766926	0.836028	0.700188	1.449834	0.250000	-0.055927	-0.003197
2.774702	0.836028	0.700188	1.449834	0.250000	-0.055927	-0.003197
2.784518	0.836028	0.700188	1.449834	0.250000	-0.055927	-0.003197
2.794414	0.834783	0.706352	1.427535	0.250000	-0.009587	-0.002181
2.805452	0.834783	0.706352	1.427535	0.250000	-0.009587	-0.002181
2.814829	0.834783	0.706352	1.427535	0.250000	-0.009587	-0.002181
2.824642	0.837631	0.715090	1.415795	0.250000	0.079095	0.001367
2.834292	0.837631	0.715090	1.415795	0.250000	0.079095	0.001367
2.844082	0.837631	0.715090	1.415795	0.250000	0.079095	0.001367
2.854835	0.837631	0.715090	1.415795	0.250000	0.079095	0.001367
2.864621	0.837631	0.715090	1.415795	0.250000	0.079095	0.001367
2.874031	0.837631	0.715090	1.415795	0.250000	0.079095	0.001367
2.884109	0.837631	0.715090	1.415795	0.250000	0.079095	0.001367
2.893914	0.837631	0.715090	1.415795	0.250000	0.079095	0.001367
2.904578	0.840186	0.725067	1.392572	0.250000	0.195069	0.006405
2.914347	0.840186	0.725067	1.392572	0.250000	0.195069	0.006405
2.924046	0.840186	0.725067	1.392572	0.250000	0.195069	0.006405
2.934782	0.840186	0.725067	1.392572	0.250000	0.195069	0.006405
2.944705	0.840186	0.725067	1.392572	0.250000	0.195069	0.006405
2.954357	0.845061	0.738930	1.372808	0.250000	0.321422	0.012838
2.964107	0.845061	0.738930	1.372808	0.250000	0.321422	0.012838
2.975412	0.845061	0.738930	1.372808	0.250000	0.321422	0.012838
2.984626	0.845061	0.738930	1.372808	0.250000	0.321422	0.012838
2.994418	0.845061	0.738930	1.372808	0.250000	0.321422	0.012838
3.004952	0.845061	0.738930	1.372808	0.250000	0.321422	0.012838
3.013969	0.845061	0.738930	1.372808	0.250000	0.321422	0.012838
3.024056	0.845061	0.738930	1.372808	0.250000	0.321422	0.012838
3.034044	0.845214	0.751051	1.344325	0.250000	0.419437	0.016375
3.044185	0.845214	0.751051	1.344325	0.250000	0.419437	0.016375
3.053926	0.845214	0.751051	1.344325	0.250000	0.419437	0.016375
3.063933	0.848865	0.764356	1.337487	0.250000	0.518448	0.021425
3.074366	0.848865	0.764356	1.337487	0.250000	0.518448	0.021425
3.084167	0.848865	0.764356	1.337487	0.250000	0.518448	0.021425
3.093927	0.848865	0.764356	1.337487	0.250000	0.518448	0.021425
3.104086	0.848865	0.764356	1.337487	0.250000	0.518448	0.021425
3.114010	0.848865	0.764356	1.337487	0.250000	0.518448	0.021425
3.124147	0.848865	0.764356	1.337487	0.250000	0.518448	0.021425
3.133955	0.852279	0.776896	1.344272	0.250000	0.564706	0.024074
3.144703	0.852279	0.776896	1.344272	0.250000	0.564706	0.024074
3.154451	0.852279	0.776896	1.344272	0.250000	0.564706	0.024074
3.164202	0.852279	0.776896	1.344272	0.250000	0.564706	0.024074
3.173974	0.852279	0.776896	1.344272	0.250000	0.564706	0.024074
3.184685	0.852279	0.776896	1.344272	0.250000	0.564706	0.024074
3.194570	0.852279	0.776896	1.344272	0.250000	0.564706	0.024074
3.205233	0.852279	0.776896	1.344272	0.250000	0.564706	0.024074
3.213988	0.852279	0.776896	1.344272	0.250000	0.564706	0.024074
3.223933	0.852279	0.776896	1.344272	0.250000	0.564706	0.024074
3.233932	0.857611	0.792797	1.415818	0.250000	0.485882	0.020914
3.244168	0.857611	0.792797	1.415818	0.250000	0.485882	0.020914
3.254725	0.857611	0.792797	1.415818	0.250000	0.485882	0.020914
3.264807	0.857611	0.792797	1.415818	0.250000	0.485882	0.020914
3.274490	0.857611	0.792797	1.415818	0.250000	0.485882	0.020914
3.284238	0.857611	0.792797	1.415818	0.250000	0.485882	0.020914
3.293962	0.859036	0.808334	1.443135	0.250000	0.475925	0.020284
3.304716	0.859036	0.808334	1.443135	0.250000	0.475925	0.020284
3.314490	0.859036	0.808334	1.443135	0.250000	0.475925	0.020284
3.324221	0.859036	0.808334	1.443135	0.250000	0.475925	0.020284
3.334038	0.859036	0.808334	1.443135	0.250000	0.475925	0.020284
3.344767	0.859036	0.808334	1.443135	0.250000	0.475925	0.020284
3.354780	0.859036	0.808334	1.443135	0.250000	0.475925	0.020284
3.364316	0.859036	0.808334	1.443135	0.250000	0.475925	0.020284
3.374140	0.861778	0.826008	1.482773	0.250000	0.467865	0.020495
3.384786	0.861778	0.826008	1.482773	0.250000	0.467865	0.020495
3.394675	0.861778	0.826008	1.482773	0.250000	0.467865	0.020495
3.404295	0.861778	0.826008	1.482773	0.250000	0.467865	0.020495
3.414065	0.861778	0.826008	1.482773	0.250000	0.467865	0.020495
3.424096	0.860334	0.838703	1.481271	0.250000	0.495225	0.021028
3.434584	0.862198	0.851419	1.521084	0.250000	0.461567	0.019640
3.444344	0.862198	0.851419	1.521084	0.250000	0.461567	0.019640
3.454119	0.862198	0.851419	1.521084	0.250000	0.461567	0.019640
3.464938	0.862198	0.851419	1.521084	0.250000	0.461567	0.019640
3.473987	0.862198	0.851419	1.521084	0.250000	0.461567	0.019640
3.484084	0.862198	0.851419	1.521084	0.250000	0.461567	0.019640
3.494096	0.862198	0.851419	1.521084	0.250000	0.461567	0.019640
3.504008	0.862198	0.851419	1.521084	0.250000	0.461567	0.019640
3.514589	0.862198	0.851419	1.521084	0.250000	0.461567	0.019640
3.524353	0.858937	0.859478	1.619766	0.250000	0.203727	0.004710
3.534228	0.858937	0.859478	1.619766	0.250000	0.203727	0.004710
3.544033	0.858937	0.859478	1.619766	0.250000	0.203727	0.004710
3.553987	0.858937	0.859478	1.619766	0.250000	0.203727	0.004710
3.564298	0.858937	0.859478	1.619766	0.250000	0.203727	0.004710
3.574064	0.858937	0.859478	1.619766	0.250000	0.203727	0.004710
3.584005	0.859400	0.869199	1.646746	0.250000	0.193263	0.003932
3.595586	0.859400	0.869199	1.646746	0.250000	0.193263	0.003932
3.604361	0.859400	0.869199	1.646746	0.250000	0.193263	0.003932
3.614160	0.859400	0.869199	1.646746	0.250000	0.193263	0.003932
3.624828	0.859076	0.881595	1.690112	0.250000	0.138288	0.000579
3.634553	0.857996	0.891210	1.658241	0.250000	0.257579	0.006144
3.644328	0.857996	0.891210	1.658241	0.250000	0.257579	0.006144
3.656093	0.857996	0.891210	1.658241	0.250000	0.257579	0.006144
3.664843	0.857996	0.891210	1.658241	0.250000	0.257579	0.006144
3.675305	0.857996	0.891210	1.658241	0.250000	0.257579	0.006144
3.684406	0.857996	0.891210	1.658241	0.250000	0.257579	0.006144
3.694118	0.857996	0.891210	1.658241	0.250000	0.257579	0.006144
3.703929	0.855978	0.899956	1.696345	0.250000	0.184293	0.001345
3.714665	0.855978	0.899956	1.696345	0.250000	0.184293	0.001345
3.724508	0.855978	0.899956	1.696345	0.250000	0.184293	0.001345
3.734211	0.855978	0.899956	1.696345	0.250000	0.184293	0.001345
3.743942	0.852902	0.907446	1.714601	0.250000	0.173796	-0.001054
3.754620	0.852902	0.907446	1.714601	0.250000	0.173796	-0.001054
3.764383	0.852902	0.907446	1.714601	0.250000	0.173796	-0.001054
3.774229	0.853082	0.918731	1.738370	0.250000	0.178590	-0.000894
3.783948	0.853082	0.918731	1.738370	0.250000	0.178590	-0.000894
3.793994	0.853082	0.918731	1.738370	0.250000	0.178590	-0.000894
3.804385	0.853082	0.918731	1.738370	0.250000	0.178590	-0.000894
3.814345	0.853082	0.918731	1.738370	0.250000	0.178590	-0.000894
3.823990	0.853082	0.918731	1.738370	0.250000	0.178590	-0.000894
3.834105	0.852002	0.928034	1.820496	0.250000	0.040287	-0.009265
3.844401	0.852002	0.928034	1.820496	0.250000	0.040287	-0.009265
3.854210	0.852002	0.928034	1.820496	0.250000	0.040287	-0.009265
3.863901	0.852002	0.928034	1.820496	0.250000	0.040287	-0.009265
3.874728	0.852002	0.928034	1.820496	0.250000	0.040287	-0.009265
3.884411	0.852002	0.928034	1.820496	0.250000	0.040287	-0.009265
3.894195	0.849490	0.936875	1.837307	0.250000	0.065712	-0.009833
3.904180	0.849490	0.936875	1.837307	0.250000	0.065712	-0.009833
3.914746	0.849490	0.936875	1.837307	0.250000	0.065712	-0.009833
3.924441	0.849490	0.936875	1.837307	0.250000	0.065712	-0.009833
3.934204	0.849490	0.936875	1.837307	0.250000	0.065712	-0.009833
3.944030	0.849490	0.936875	1.837307	0.250000	0.065712	-0.009833
3.954726	0.849490	0.936875	1.837307	0.250000	0.065712	-0.009833
3.964494	0.845685	0.947876	1.855324	0.250000	0.091832	-0.010730
3.974300	0.845685	0.947876	1.855324	0.250000	0.091832	-0.010730
3.984019	0.845685	0.947876	1.855324	0.250000	0.091832	-0.010730
3.993993	0.845685	0.947876	1.855324	0.250000	0.091832	-0.010730
4.005138	0.845685	0.947876	1.855324	0.250000	0.091832	-0.010730
4.014326	0.845685	0.947876	1.855324	0.250000	0.091832	-0.010730
4.023969	0.845685	0.947876	1.855324	0.250000	0.091832	-0.010730
4.034696	0.844024	0.969063	1.800528	0.250000	0.415032	0.004774
4.044449	0.844024	0.969063	1.800528	0.250000	0.415032	0.004774
4.054899	0.844024	0.969063	1.800528	0.250000	0.415032	0.004774
4.064089	0.844024	0.969063	1.800528	0.250000	0.415032	0.004774
4.074771	0.844024	0.969063	1.800528	0.250000	0.415032	0.004774
4.084506	0.844024	0.969063	1.800528	0.250000	0.415032	0.004774
4.094238	0.839507	0.984477	1.807607	0.250000	0.595523	0.010275
4.104068	0.839507	0.984477	1.807607	0.250000	0.595523	0.010275
4.114048	0.839507	0.984477	1.807607	0.250000	0.595523	0.010275
4.123979	0.839507	0.984477	1.807607	0.250000	0.595523	0.010275
4.134053	0.839507	0.984477	1.807607	0.250000	0.595523	0.010275
4.144330	0.839507	0.984477	1.807607	0.250000	0.595523	0.010275
4.154786	0.839507	0.984477	1.807607	0.250000	0.595523	0.010275
4.164535	0.834710	0.999380	1.813150	0.250000	0.712969	0.013621
4.174495	0.834710	0.999380	1.813150	0.250000	0.712969	0.013621
4.184062	0.834710	0.999380	1.813150	0.250000	0.712969	0.013621
4.194745	0.834710	0.999380	1.813150	0.250000	0.712969	0.013621
4.204517	0.834710	0.999380	1.813150	0.250000	0.712969	0.013621
4.214376	0.834710	0.999380	1.813150	0.250000	0.712969	0.013621
4.224100	0.834710	0.999380	1.813150	0.250000	0.712969	0.013621
4.233932	0.828762	1.011517	1.821772	0.250000	0.818495	0.015577
4.244584	0.828762	1.011517	1.821772	0.250000	0.818495	0.015577
4.254391	0.828762	1.011517	1.821772	0.250000	0.818495	0.015577
4.264148	0.828762	1.011517	1.821772	0.250000	0.818495	0.015577
4.274909	0.828762	1.011517	1.821772	0.250000	0.818495	0.015577
4.284576	0.828762	1.011517	1.821772	0.250000	0.818495	0.015577
4.294412	0.828762	1.011517	1.821772	0.250000	0.818495	0.015577
4.304095	0.826762	1.028322	1.842345	0.250000	1.029650	0.024311
4.314902	0.826762	1.028322	1.842345	0.250000	1.029650	0.024311
4.324612	0.826762	1.028322	1.842345	0.250000	1.029650	0.024311
4.334378	0.826762	1.028322	1.842345	0.250000	1.029650	0.024311
4.344138	0.826762	1.028322	1.842345	0.250000	1.029650	0.024311
4.354852	0.823271	1.043889	1.873105	0.250000	1.095331	0.026714
4.364629	0.823271	1.043889	1.873105	0.250000	1.095331	0.026714
4.374373	0.823271	1.043889	1.873105	0.250000	1.095331	0.026714
4.384168	0.823271	1.043889	1.873105	0.250000	1.095331	0.026714
4.394919	0.823271	1.043889	1.873105	0.250000	1.095331	0.026714
4.404655	0.823271	1.043889	1.873105	0.250000	1.095331	0.026714
4.414413	0.816969	1.054453	1.907745	0.250000	1.183676	0.028082
4.426741	0.816969	1.054453	1.907745	0.250000	1.183676	0.028082
4.434024	0.816969	1.054453	1.907745	0.250000	1.183676	0.028082
4.444638	0.816969	1.054453	1.907745	0.250000	1.183676	0.028082
4.454433	0.816969	1.054453	1.907745	0.250000	1.183676	0.028082
4.464185	0.816969	1.054453	1.907745	0.250000	1.183676	0.028082
4.474032	0.816969	1.054453	1.907745	0.250000	1.183676	0.028082
4.484678	0.808423	1.065313	1.951893	0.250000	1.242098	0.027770
4.494531	0.808423	1.065313	1.951893	0.250000	1.242098	0.027770
4.504237	0.808423	1.065313	1.951893	0.250000	1.242098	0.027770
4.513947	0.808423	1.065313	1.951893	0.250000	1.242098	0.027770
4.523985	0.808423	1.065313	1.951893	0.250000	1.242098	0.027770
4.534446	0.808423	1.065313	1.951893	0.250000	1.242098	0.027770
4.544194	0.808423	1.065313	1.951893	0.250000	1.242098	0.027770
4.553947	0.808423	1.065313	1.951893	0.250000	1.242098	0.027770
4.564635	0.800427	1.078236	1.993529	0.250000	1.315710	0.030457
4.574346	0.800427	1.078236	1.993529	0.250000	1.315710	0.030457
4.584291	0.800427	1.078236	1.993529	0.250000	1.315710	0.030457
4.593992	0.800427	1.078236	1.993529	0.250000	1.315710	0.030457
4.607646	0.800427	1.078236	1.993529	0.250000	1.315710	0.030457
4.614415	0.800427	1.078236	1.993529	0.250000	1.315710	0.030457
4.624203	0.800427	1.078236	1.993529	0.250000	1.315710	0.030457
4.633937	0.800427	1.078236	1.993529	0.250000	1.315710	0.030457
4.643974	0.794703	1.094155	2.039969	0.250000	1.409110	0.037560
4.653975	0.794703	1.094155	2.039969	0.250000	1.409110	0.037560
4.664311	0.794703	1.094155	2.039969	0.250000	1.409110	0.037560
4.673916	0.794703	1.094155	2.039969	0.250000	1.409110	0.037560
4.683889	0.787476	1.107857	2.079884	0.250000	1.437568	0.040998
4.694403	0.787476	1.107857	2.079884	0.250000	1.437568	0.040998
4.704176	0.787476	1.107857	2.079884	0.250000	1.437568	0.040998
4.713974	0.787476	1.107857	2.079884	0.250000	1.437568	0.040998
4.724051	0.787476	1.107857	2.079884	0.250000	1.437568	0.040998
4.733936	0.787476	1.107857	2.079884	0.250000	1.437568	0.040998
4.744235	0.787476	1.107857	2.079884	0.250000	1.437568	0.040998
4.753974	0.779902	1.120621	2.126681	0.250000	1.490813	0.047565
4.764964	0.779902	1.120621	2.126681	0.250000	1.490813	0.047565
4.773973	0.779902	1.120621	2.126681	0.250000	1.490813	0.047565
4.784273	0.779902	1.120621	2.126681	0.250000	1.490813	0.047565
4.794057	0.779902	1.120621	2.126681	0.250000	1.490813	0.047565
4.804750	0.779902	1.120621	2.126681	0.250000	1.490813	0.047565
4.814544	0.779902	1.120621	2.126681	0.250000	1.490813	0.047565
4.824244	0.772483	1.133082	2.188202	0.250000	1.511723	0.054243
4.834025	0.772483	1.133082	2.188202	0.250000	1.511723	0.054243
4.843950	0.772483	1.133082	2.188202	0.250000	1.511723	0.054243
4.853950	0.772483	1.133082	2.188202	0.250000	1.511723	0.054243
4.864243	0.772483	1.133082	2.188202	0.250000	1.511723	0.054243
4.874055	0.772483	1.133082	2.188202	0.250000	1.511723	0.054243
4.884755	0.766020	1.147473	2.248061	0.250000	1.539805	0.063912
4.894556	0.766020	1.147473	2.248061	0.250000	1.539805	0.063912
4.903942	0.766020	1.147473	2.248061	0.250000	1.539805	0.063912
4.914016	0.766020	1.147473	2.248061	0.250000	1.539805	0.063912
4.924802	0.766020	1.147473	2.248061	0.250000	1.539805	0.063912
4.933918	0.766020	1.147473	2.248061	0.250000	1.539805	0.063912
4.944280	0.757374	1.158746	2.292557	0.250000	1.565300	0.074538
4.954057	0.757374	1.158746	2.292557	0.250000	1.565300	0.074538
4.965887	0.757374	1.158746	2.292557	0.250000	1.565300	0.074538
4.974582	0.757374	1.158746	2.292557	0.250000	1.565300	0.074538
4.984332	0.757374	1.158746	2.292557	0.250000	1.565300	0.074538
4.994075	0.757374	1.158746	2.292557	0.250000	1.565300	0.074538
5.004750	0.757374	1.158746	2.292557	0.250000	1.565300	0.074538
5.014492	0.749530	1.167438	2.316546	0.250000	1.570978	0.082171
5.024425	0.749530	1.167438	2.316546	0.250000	1.570978	0.082171
5.034184	0.749530	1.167438	2.316546	0.250000	1.570978	0.082171
5.044846	0.749530	1.167438	2.316546	0.250000	1.570978	0.082171
5.055567	0.749530	1.167438	2.316546	0.250000	1.570978	0.082171
5.064286	0.749530	1.167438	2.316546	0.250000	1.570978	0.082171
5.074108	0.743636	1.171911	2.325219	0.250000	1.566088	0.086173
5.084803	0.743636	1.171911	2.325219	0.250000	1.566088	0.086173
5.094600	0.743636	1.171911	2.325219	0.250000	1.566088	0.086173
5.104094	0.743636	1.171911	2.325219	0.250000	1.566088	0.086173
5.114142	0.743636	1.171911	2.325219	0.250000	1.566088	0.086173
5.123971	0.743636	1.171911	2.325219	0.250000	1.566088	0.086173
5.134615	0.743636	1.171911	2.325219	0.250000	1.566088	0.086173
5.144326	0.743636	1.171911	2.325219	0.250000	1.566088	0.086173
5.154061	0.743636	1.171911	2.325219	0.250000	1.566088	0.086173
5.164240	0.743636	1.171911	2.325219	0.250000	1.566088	0.086173
5.174721	0.740763	1.175494	2.327146	0.250000	1.569236	0.089224
5.184411	0.740763	1.175494	2.327146	0.250000	1.569236	0.089224
5.194256	0.740763	1.175494	2.327146	0.250000	1.569236	0.089224
5.203936	0.740763	1.175494	2.327146	0.250000	1.569236	0.089224
5.214634	0.738634	1.176204	2.325829	0.250000	1.566325	0.090971
5.226404	0.738634	1.176204	2.325829	0.250000	1.566325	0.090971
5.234116	0.738634	1.176204	2.325829	0.250000	1.566325	0.090971
5.244028	0.738634	1.176204	2.325829	0.250000	1.566325	0.090971
5.254706	0.738634	1.176204	2.325829	0.250000	1.566325	0.090971
5.264533	0.738634	1.176204	2.325829	0.250000	1.566325	0.090971
5.274225	0.738634	1.176204	2.325829	0.250000	1.566325	0.090971
5.283994	0.738634	1.176204	2.325829	0.250000	1.566325	0.090971
5.294775	0.738634	1.176204	2.325829	0.250000	1.566325	0.090971
5.304481	0.737285	1.176962	2.323979	0.250000	1.565176	0.093293
5.314219	0.737285	1.176962	2.323979	0.250000	1.565176	0.093293
5.323976	0.737285	1.176962	2.323979	0.250000	1.565176	0.093293
5.334147	0.737285	1.176962	2.323979	0.250000	1.565176	0.093293
5.344492	0.737285	1.176962	2.323979	0.250000	1.565176	0.093293
5.354412	0.737285	1.176962	2.323979	0.250000	1.565176	0.093293
5.368207	0.737285	1.176962	2.323979	0.250000	1.565176	0.093293
5.374772	0.737285	1.176962	2.323979	0.250000	1.565176	0.093293
5.385665	0.734872	1.172034	2.325428	0.250000	1.532446	0.090697
5.394022	0.734872	1.172034	2.325428	0.250000	1.532446	0.090697
5.404055	0.734872	1.172034	2.325428	0.250000	1.532446	0.090697
5.413975	0.734872	1.172034	2.325428	0.250000	1.532446	0.090697
5.424515	0.734872	1.172034	2.325428	0.250000	1.532446	0.090697
5.434285	0.734872	1.172034	2.325428	0.250000	1.532446	0.090697
5.444043	0.734872	1.172034	2.325428	0.250000	1.532446	0.090697
5.454837	0.734872	1.172034	2.325428	0.250000	1.532446	0.090697
5.464480	0.734872	1.172034	2.325428	0.250000	1.532446	0.090697
5.474260	0.734872	1.172034	2.325428	0.250000	1.532446	0.090697
5.484043	0.734872	1.172034	2.325428	0.250000	1.532446	0.090697
5.494052	0.734872	1.172034	2.325428	0.250000	1.532446	0.090697
5.504570	0.734083	1.171957	2.325912	0.250000	1.528341	0.090040
5.514280	0.734083	1.171957	2.325912	0.250000	1.528341	0.090040
5.524051	0.734083	1.171957	2.325912	0.250000	1.528341	0.090040
5.534047	0.734083	1.171957	2.325912	0.250000	1.528341	0.090040
5.544617	0.734083	1.171957	2.325912	0.250000	1.528341	0.090040
5.554291	0.734083	1.171957	2.325912	0.250000	1.528341	0.090040
5.564013	0.734083	1.171957	2.325912	0.250000	1.528341	0.090040
5.574778	0.734669	1.177104	2.311269	0.250000	1.554579	0.092161
5.584510	0.734669	1.177104	2.311269	0.250000	1.554579	0.092161
5.594335	0.734669	1.177104	2.311269	0.250000	1.554579	0.092161
5.605245	0.734669	1.177104	2.311269	0.250000	1.554579	0.092161
5.614001	0.734669	1.177104	2.311269	0.250000	1.554579	0.092161
5.624637	0.734669	1.177104	2.311269	0.250000	1.554579	0.092161
5.634333	0.734669	1.177104	2.311269	0.250000	1.554579	0.092161
5.644080	0.733297	1.178043	2.299594	0.250000	1.567396	0.092373
5.654765	0.733297	1.178043	2.299594	0.250000	1.567396	0.092373
5.664589	0.733297	1.178043	2.299594	0.250000	1.567396	0.092373
5.674303	0.733297	1.178043	2.299594	0.250000	1.567396	0.092373
5.685653	0.733297	1.178043	2.299594	0.250000	1.567396	0.092373
5.695157	0.733297	1.178043	2.299594	0.250000	1.567396	0.092373
5.704553	0.732177	1.178535	2.368547	0.250000	1.414459	0.103926
5.714332	0.732177	1.178535	2.368547	0.250000	1.414459	0.103926
5.724059	0.732177	1.178535	2.368547	0.250000	1.414459	0.103926
5.734826	0.732177	1.178535	2.368547	0.250000	1.414459	0.103926
5.744604	0.732177	1.178535	2.368547	0.250000	1.414459	0.103926
5.754045	0.732177	1.178535	2.368547	0.250000	1.414459	0.103926
5.764090	0.731360	1.178209	2.372489	0.250000	1.339362	0.107981
5.774848	0.731360	1.178209	2.372489	0.250000	1.339362	0.107981
5.784737	0.731360	1.178209	2.372489	0.250000	1.339362	0.107981
5.794395	0.731360	1.178209	2.372489	0.250000	1.339362	0.107981
5.804147	0.731360	1.178209	2.372489	0.250000	1.339362	0.107981
5.813967	0.731360	1.178209	2.372489	0.250000	1.339362	0.107981
5.823930	0.731360	1.178209	2.372489	0.250000	1.339362	0.107981
5.833935	0.731360	1.178209	2.372489	0.250000	1.339362	0.107981
5.844198	0.730816	1.179076	2.378061	0.250000	1.265249	0.111886
5.854820	0.730816	1.179076	2.378061	0.250000	1.265249	0.111886
5.865203	0.730816	1.179076	2.378061	0.250000	1.265249	0.111886
5.873987	0.730816	1.179076	2.378061	0.250000	1.265249	0.111886
5.884186	0.730816	1.179076	2.378061	0.250000	1.265249	0.111886
5.893888	0.730816	1.179076	2.378061	0.250000	1.265249	0.111886
5.904632	0.729682	1.181027	2.297166	0.250000	1.289915	0.099663
5.914399	0.729682	1.181027	2.297166	0.250000	1.289915	0.099663
5.924199	0.729682	1.181027	2.297166	0.250000	1.289915	0.099663
5.933904	0.729682	1.181027	2.297166	0.250000	1.289915	0.099663
5.944668	0.729682	1.181027	2.297166	0.250000	1.289915	0.099663
5.954246	0.729682	1.181027	2.297166	0.250000	1.289915	0.099663
5.964185	0.729682	1.181027	2.297166	0.250000	1.289915	0.099663
5.973957	0.729682	1.181027	2.297166	0.250000	1.289915	0.099663
5.984625	0.729682	1.181027	2.297166	0.250000	1.289915	0.099663
5.994348	0.729682	1.181027	2.297166	0.250000	1.289915	0.099663
6.008089	0.728289	1.183653	2.298998	0.250000	1.335998	0.123255
6.013995	0.728289	1.183653	2.298998	0.250000	1.335998	0.123255
6.024700	0.728289	1.183653	2.298998	0.250000	1.335998	0.123255
6.034483	0.728289	1.183653	2.298998	0.250000	1.335998	0.123255
6.044219	0.728289	1.183653	2.298998	0.250000	1.335998	0.123255
6.053929	0.725552	1.185238	2.286293	0.250000	1.248102	0.129084
6.064693	0.725552	1.185238	2.286293	0.250000	1.248102	0.129084
6.074465	0.725552	1.185238	2.286293	0.250000	1.248102	0.129084
6.084230	0.725552	1.185238	2.286293	0.250000	1.248102	0.129084
6.094050	0.725552	1.185238	2.286293	0.250000	1.248102	0.129084
6.104781	0.725552	1.185238	2.286293	0.250000	1.248102	0.129084
6.113992	0.725552	1.185238	2.286293	0.250000	1.248102	0.129084
6.124198	0.721516	1.186163	2.367425	0.250000	1.032884	0.120289
6.133948	0.721516	1.186163	2.367425	0.250000	1.032884	0.120289
6.144723	0.721516	1.186163	2.367425	0.250000	1.032884	0.120289
6.153948	0.721516	1.186163	2.367425	0.250000	1.032884	0.120289
6.164219	0.721516	1.186163	2.367425	0.250000	1.032884	0.120289
6.174385	0.721516	1.186163	2.367425	0.250000	1.032884	0.120289
6.184755	0.721516	1.186163	2.367425	0.250000	1.032884	0.120289
6.194622	0.716873	1.188099	2.360394	0.250000	1.002956	0.119742
6.204278	0.716873	1.188099	2.360394	0.250000	1.002956	0.119742
6.214040	0.716873	1.188099	2.360394	0.250000	1.002956	0.119742
6.227719	0.716873	1.188099	2.360394	0.250000	1.002956	0.119742
6.234523	0.716873	1.188099	2.360394	0.250000	1.002956	0.119742
6.244283	0.716873	1.188099	2.360394	0.250000	1.002956	0.119742
6.254098	0.716873	1.188099	2.360394	0.250000	1.002956	0.119742
6.264873	0.712190	1.191016	2.362264	0.250000	0.949718	0.118450
6.274564	0.712190	1.191016	2.362264	0.250000	0.949718	0.118450
6.284303	0.712190	1.191016	2.362264	0.250000	0.949718	0.118450
6.294124	0.712190	1.191016	2.362264	0.250000	0.949718	0.118450
6.305003	0.712190	1.191016	2.362264	0.250000	0.949718	0.118450
6.314157	0.712190	1.191016	2.362264	0.250000	0.949718	0.118450
6.324400	0.712190	1.191016	2.362264	0.250000	0.949718	0.118450
6.334189	0.712190	1.191016	2.362264	0.250000	0.949718	0.118450
6.344881	0.712190	1.191016	2.362264	0.250000	0.949718	0.118450
6.356629	0.708134	1.196957	2.295510	0.250000	1.015745	0.128758
6.364336	0.708134	1.196957	2.295510	0.250000	1.015745	0.128758
6.374097	0.704562	1.200656	2.303553	0.250000	0.980523	0.127488
6.384877	0.704562	1.200656	2.303553	0.250000	0.980523	0.127488
6.394615	0.704562	1.200656	2.303553	0.250000	0.980523	0.127488
6.404370	0.704562	1.200656	2.303553	0.250000	0.980523	0.127488
6.414164	0.704562	1.200656	2.303553	0.250000	0.980523	0.127488
6.424075	0.703598	1.209130	2.315139	0.250000	0.950592	0.130449
6.434608	0.703598	1.209130	2.315139	0.250000	0.950592	0.130449
6.444658	0.703598	1.209130	2.315139	0.250000	0.950592	0.130449
6.454103	0.701413	1.210111	2.321312	0.250000	0.938001	0.128622
6.463940	0.701413	1.210111	2.321312	0.250000	0.938001	0.128622
6.474377	0.701413	1.210111	2.321312	0.250000	0.938001	0.128622
6.484119	0.701413	1.210111	2.321312	0.250000	0.938001	0.128622
6.494133	0.701413	1.210111	2.321312	0.250000	0.938001	0.128622
6.504787	0.701413	1.210111	2.321312	0.250000	0.938001	0.128622
6.514033	0.701413	1.210111	2.321312	0.250000	0.938001	0.128622
6.524482	0.701270	1.216645	2.334556	0.250000	0.915358	0.130480
6.536485	0.701270	1.216645	2.334556	0.250000	0.915358	0.130480
6.544104	0.701270	1.216645	2.334556	0.250000	0.915358	0.130480
6.555065	0.697317	1.213793	2.345687	0.250000	0.880866	0.123997
6.564394	0.697317	1.213793	2.345687	0.250000	0.880866	0.123997
6.574001	0.697317	1.213793	2.345687	0.250000	0.880866	0.123997
6.583976	0.697317	1.213793	2.345687	0.250000	0.880866	0.123997
6.596353	0.697317	1.213793	2.345687	0.250000	0.880866	0.123997
6.604421	0.697317	1.213793	2.345687	0.250000	0.880866	0.123997
6.614187	0.697317	1.213793	2.345687	0.250000	0.880866	0.123997
6.623995	0.697317	1.213793	2.345687	0.250000	0.880866	0.123997
6.634513	0.694509	1.215705	2.354039	0.250000	0.856646	0.121655
6.644453	0.694509	1.215705	2.354039	0.250000	0.856646	0.121655
6.654173	0.694509	1.215705	2.354039	0.250000	0.856646	0.121655
6.663939	0.694509	1.215705	2.354039	0.250000	0.856646	0.121655
6.674682	0.687881	1.211614	2.383388	0.250000	0.777967	0.109639
6.684636	0.687881	1.211614	2.383388	0.250000	0.777967	0.109639
6.694250	0.687881	1.211614	2.383388	0.250000	0.777967	0.109639
6.704003	0.687881	1.211614	2.383388	0.250000	0.777967	0.109639
6.714817	0.687881	1.211614	2.383388	0.250000	0.777967	0.109639
6.724461	0.687881	1.211614	2.383388	0.250000	0.777967	0.109639
6.734258	0.683049	1.213238	2.417894	0.250000	0.699988	0.101589
6.743974	0.683049	1.213238	2.417894	0.250000	0.699988	0.101589
6.753951	0.683049	1.213238	2.417894	0.250000	0.699988	0.101589
6.764477	0.683049	1.213238	2.417894	0.250000	0.699988	0.101589
6.774037	0.683049	1.213238	2.417894	0.250000	0.699988	0.101589
6.784005	0.683049	1.213238	2.417894	0.250000	0.699988	0.101589
6.794668	0.683049	1.213238	2.417894	0.250000	0.699988	0.101589
6.804211	0.680733	1.221465	2.425233	0.250000	0.690919	0.103523
6.814315	0.680733	1.221465	2.425233	0.250000	0.690919	0.103523
6.824019	0.680733	1.221465	2.425233	0.250000	0.690919	0.103523
6.834712	0.678800	1.231227	2.437074	0.250000	0.674623	0.105138
6.844496	0.678800	1.231227	2.437074	0.250000	0.674623	0.105138
6.854055	0.678800	1.231227	2.437074	0.250000	0.674623	0.105138
6.864146	0.678800	1.231227	2.437074	0.250000	0.674623	0.105138
6.873916	0.678800	1.231227	2.437074	0.250000	0.674623	0.105138
6.884516	0.678800	1.231227	2.437074	0.250000	0.674623	0.105138
6.894319	0.676245	1.240362	2.439443	0.250000	0.681005	0.108185
6.904012	0.676245	1.240362	2.439443	0.250000	0.681005	0.108185
6.914770	0.676245	1.240362	2.439443	0.250000	0.681005	0.108185
6.924539	0.676245	1.240362	2.439443	0.250000	0.681005	0.108185
6.934232	0.670518	1.237053	2.465311	0.250000	0.605600	0.097761
6.945189	0.670518	1.237053	2.465311	0.250000	0.605600	0.097761
6.953954	0.670518	1.237053	2.465311	0.250000	0.605600	0.097761
6.964658	0.670518	1.237053	2.465311	0.250000	0.605600	0.097761
6.974166	0.670518	1.237053	2.465311	0.250000	0.605600	0.097761
6.984073	0.670518	1.237053	2.465311	0.250000	0.605600	0.097761
6.994747	0.665746	1.239790	2.473928	0.250000	0.578203	0.094445
7.004505	0.665746	1.239790	2.473928	0.250000	0.578203	0.094445
7.014316	0.665746	1.239790	2.473928	0.250000	0.578203	0.094445
7.028055	0.665746	1.239790	2.473928	0.250000	0.578203	0.094445
7.034776	0.665746	1.239790	2.473928	0.250000	0.578203	0.094445
7.044527	0.658455	1.240316	2.503283	0.250000	0.492127	0.084480
7.054330	0.658455	1.240316	2.503283	0.250000	0.492127	0.084480
7.064060	0.658455	1.240316	2.503283	0.250000	0.492127	0.084480
7.075514	0.658455	1.240316	2.503283	0.250000	0.492127	0.084480
7.084601	0.658455	1.240316	2.503283	0.250000	0.492127	0.084480
7.094309	0.651558	1.245170	2.539521	0.250000	0.410514	0.077232
7.104071	0.651558	1.245170	2.539521	0.250000	0.410514	0.077232
7.113909	0.651558	1.245170	2.539521	0.250000	0.410514	0.077232
7.124568	0.651558	1.245170	2.539521	0.250000	0.410514	0.077232
7.134384	0.644033	1.245591	2.561382	0.250000	0.328907	0.068452
7.144180	0.644033	1.245591	2.561382	0.250000	0.328907	0.068452
7.154894	0.644033	1.245591	2.561382	0.250000	0.328907	0.068452
7.164622	0.644033	1.245591	2.561382	0.250000	0.328907	0.068452
7.174372	0.644033	1.245591	2.561382	0.250000	0.328907	0.068452
7.184199	0.644033	1.245591	2.561382	0.250000	0.328907	0.068452
7.194886	0.635611	1.247958	2.578293	0.250000	0.251693	0.060206
7.204658	0.635611	1.247958	2.578293	0.250000	0.251693	0.060206
7.214434	0.635611	1.247958	2.578293	0.250000	0.251693	0.060206
7.224184	0.635611	1.247958	2.578293	0.250000	0.251693	0.060206
7.234877	0.635611	1.247958	2.578293	0.250000	0.251693	0.060206
7.245133	0.635611	1.247958	2.578293	0.250000	0.251693	0.060206
7.254555	0.635611	1.247958	2.578293	0.250000	0.251693	0.060206
7.264147	0.626246	1.256636	2.595628	0.250000	0.201402	0.055291
7.274569	0.626246	1.256636	2.595628	0.250000	0.201402	0.055291
7.284605	0.626246	1.256636	2.595628	0.250000	0.201402	0.055291
7.294133	0.626246	1.256636	2.595628	0.250000	0.201402	0.055291
7.304221	0.626246	1.256636	2.595628	0.250000	0.201402	0.055291
7.313929	0.626246	1.256636	2.595628	0.250000	0.201402	0.055291
7.324679	0.626246	1.256636	2.595628	0.250000	0.201402	0.055291
7.334415	0.613981	1.259940	2.684151	0.250000	-0.056473	0.036515
7.344236	0.613981	1.259940	2.684151	0.250000	-0.056473	0.036515
7.354949	0.613981	1.259940	2.684151	0.250000	-0.056473	0.036515
7.364726	0.613981	1.259940	2.684151	0.250000	-0.056473	0.036515
7.374430	0.613981	1.259940	2.684151	0.250000	-0.056473	0.036515
7.385601	0.603992	1.263685	2.771348	0.250000	-0.311776	0.020464
7.394187	0.603992	1.263685	2.771348	0.250000	-0.311776	0.020464
7.404755	0.603992	1.263685	2.771348	0.250000	-0.311776	0.020464
7.414463	0.603992	1.263685	2.771348	0.250000	-0.311776	0.020464
7.424249	0.593610	1.269556	2.838368	0.250000	-0.490928	0.010386
7.434059	0.593610	1.269556	2.838368	0.250000	-0.490928	0.010386
7.444740	0.593610	1.269556	2.838368	0.250000	-0.490928	0.010386
7.454010	0.593610	1.269556	2.838368	0.250000	-0.490928	0.010386
7.464407	0.593610	1.269556	2.838368	0.250000	-0.490928	0.010386
7.474052	0.583942	1.276776	2.807850	0.250000	-0.425846	0.011851
7.484131	0.583942	1.276776	2.807850	0.250000	-0.425846	0.011851
7.494088	0.583942	1.276776	2.807850	0.250000	-0.425846	0.011851
7.504563	0.583942	1.276776	2.807850	0.250000	-0.425846	0.011851
7.514021	0.583942	1.276776	2.807850	0.250000	-0.425846	0.011851
7.524781	0.583942	1.276776	2.807850	0.250000	-0.425846	0.011851
7.541086	0.571857	1.281719	2.776061	0.250000	-0.400432	0.008749
7.544317	0.571857	1.281719	2.776061	0.250000	-0.400432	0.008749
7.554084	0.571857	1.281719	2.776061	0.250000	-0.400432	0.008749
7.564775	0.571857	1.281719	2.776061	0.250000	-0.400432	0.008749
7.574512	0.571857	1.281719	2.776061	0.250000	-0.400432	0.008749
7.584433	0.571857	1.281719	2.776061	0.250000	-0.400432	0.008749
7.596627	0.571857	1.281719	2.776061	0.250000	-0.400432	0.008749
7.604318	0.571857	1.281719	2.776061	0.250000	-0.400432	0.008749
7.613931	0.571857	1.281719	2.776061	0.250000	-0.400432	0.008749
7.624318	0.558560	1.279416	2.732604	0.250000	-0.393818	0.004118
7.633978	0.558560	1.279416	2.732604	0.250000	-0.393818	0.004118
7.644733	0.558560	1.279416	2.732604	0.250000	-0.393818	0.004118
7.654519	0.558560	1.279416	2.732604	0.250000	-0.393818	0.004118
7.664331	0.544118	1.282112	2.715121	0.250000	-0.413700	-0.001647
7.674196	0.544118	1.282112	2.715121	0.250000	-0.413700	-0.001647
7.684796	0.544118	1.282112	2.715121	0.250000	-0.413700	-0.001647
7.694571	0.531572	1.287765	2.685261	0.250000	-0.351872	-0.003198
7.704272	0.531572	1.287765	2.685261	0.250000	-0.351872	-0.003198
7.714038	0.531572	1.287765	2.685261	0.250000	-0.351872	-0.003198
7.724802	0.531572	1.287765	2.685261	0.250000	-0.351872	-0.003198
7.734576	0.531572	1.287765	2.685261	0.250000	-0.351872	-0.003198
7.744415	0.531572	1.287765	2.685261	0.250000	-0.351872	-0.003198
7.754037	0.531572	1.287765	2.685261	0.250000	-0.351872	-0.003198
7.764816	0.520048	1.296024	2.663026	0.250000	-0.256023	-0.002083
7.774609	0.520048	1.296024	2.663026	0.250000	-0.256023	-0.002083
7.784333	0.520048	1.296024	2.663026	0.250000	-0.256023	-0.002083
7.794075	0.520048	1.296024	2.663026	0.250000	-0.256023	-0.002083
7.804898	0.520048	1.296024	2.663026	0.250000	-0.256023	-0.002083
7.814604	0.520048	1.296024	2.663026	0.250000	-0.256023	-0.002083
7.824374	0.509155	1.303718	2.641174	0.250000	-0.141373	-0.000186
7.834062	0.509155	1.303718	2.641174	0.250000	-0.141373	-0.000186
7.844021	0.509155	1.303718	2.641174	0.250000	-0.141373	-0.000186
7.853976	0.499511	1.311598	2.625749	0.250000	-0.029169	0.002982
7.864404	0.499511	1.311598	2.625749	0.250000	-0.029169	0.002982
7.873995	0.499511	1.311598	2.625749	0.250000	-0.029169	0.002982
7.883995	0.499511	1.311598	2.625749	0.250000	-0.029169	0.002982
7.894603	0.491728	1.317771	2.603839	0.250000	0.106461	0.007164
7.904316	0.491728	1.317771	2.603839	0.250000	0.106461	0.007164
7.914139	0.491728	1.317771	2.603839	0.250000	0.106461	0.007164
7.924919	0.491728	1.317771	2.603839	0.250000	0.106461	0.007164
7.934690	0.486329	1.322159	2.578424	0.250000	0.207920	0.011705
7.944392	0.486329	1.322159	2.578424	0.250000	0.207920	0.011705
7.954153	0.486329	1.322159	2.578424	0.250000	0.207920	0.011705
7.964390	0.486329	1.322159	2.578424	0.250000	0.207920	0.011705
7.975422	0.486329	1.322159	2.578424	0.250000	0.207920	0.011705
7.984460	0.486329	1.322159	2.578424	0.250000	0.207920	0.011705
7.993977	0.478725	1.322711	2.556574	0.250000	0.276036	0.011740
8.003991	0.478725	1.322711	2.556574	0.250000	0.276036	0.011740
8.014010	0.478725	1.322711	2.556574	0.250000	0.276036	0.011740
8.024434	0.470474	1.329011	2.541816	0.250000	0.416275	0.016354
8.034172	0.470474	1.329011	2.541816	0.250000	0.416275	0.016354
8.045334	0.470474	1.329011	2.541816	0.250000	0.416275	0.016354
8.053988	0.462565	1.335854	2.537500	0.250000	0.511127	0.019961
8.064463	0.462565	1.335854	2.537500	0.250000	0.511127	0.019961
8.075674	0.462565	1.335854	2.537500	0.250000	0.511127	0.019961
8.084004	0.462565	1.335854	2.537500	0.250000	0.511127	0.019961
8.094148	0.462565	1.335854	2.537500	0.250000	0.511127	0.019961
8.104491	0.456654	1.340902	2.599584	0.250000	0.439750	0.014805
8.114245	0.456654	1.340902	2.599584	0.250000	0.439750	0.014805
8.124032	0.456654	1.340902	2.599584	0.250000	0.439750	0.014805
8.133966	0.447519	1.345040	2.599210	0.250000	0.503241	0.015903
8.144490	0.447519	1.345040	2.599210	0.250000	0.503241	0.015903
8.154238	0.447519	1.345040	2.599210	0.250000	0.503241	0.015903
8.163944	0.437639	1.350200	2.616595	0.250000	0.574801	0.017069
8.174675	0.437639	1.350200	2.616595	0.250000	0.574801	0.017069
8.184493	0.437639	1.350200	2.616595	0.250000	0.574801	0.017069
8.194061	0.437639	1.350200	2.616595	0.250000	0.574801	0.017069
8.204993	0.437639	1.350200	2.616595	0.250000	0.574801	0.017069
8.214700	0.437639	1.350200	2.616595	0.250000	0.574801	0.017069
8.224504	0.437639	1.350200	2.616595	0.250000	0.574801	0.017069
8.234251	0.437639	1.350200	2.616595	0.250000	0.574801	0.017069
8.247942	0.424948	1.359942	2.575594	0.250000	0.780169	0.027309
8.255710	0.424948	1.359942	2.575594	0.250000	0.780169	0.027309
8.264539	0.424948	1.359942	2.575594	0.250000	0.780169	0.027309
8.274338	0.424948	1.359942	2.575594	0.250000	0.780169	0.027309
8.284126	0.424948	1.359942	2.575594	0.250000	0.780169	0.027309
8.294816	0.424948	1.359942	2.575594	0.250000	0.780169	0.027309
8.304519	0.412651	1.365442	2.614100	0.250000	0.763263	0.024816
