x(i)	y(i)	theta(i)
0.499774	0.339171	0.365779
0.504167	0.340885	0.378404
0.508478	0.342631	0.391215
0.512710	0.344409	0.404206
0.516864	0.346218	0.417374
0.520940	0.348058	0.430711
0.524941	0.349929	0.444212
0.528866	0.351830	0.457868
0.532718	0.353761	0.471673
0.536497	0.355721	0.485618
0.540204	0.357712	0.499693
0.543841	0.359731	0.513889
0.547409	0.361778	0.528195
0.550910	0.363855	0.542600
0.554343	0.365959	0.557093
0.557710	0.368091	0.571661
0.561013	0.370250	0.586291
0.564253	0.372436	0.600970
0.567430	0.374649	0.615685
0.570547	0.376888	0.630420
0.573603	0.379153	0.645161
0.576601	0.381444	0.659895
0.579541	0.383760	0.674604
0.582425	0.386101	0.689274
0.585253	0.388467	0.703890
0.588027	0.390857	0.718436
0.590748	0.393271	0.732896
0.593418	0.395709	0.747255
0.596036	0.398170	0.761498
0.598606	0.400654	0.775608
0.601126	0.403160	0.789573
0.603600	0.405690	0.803375
0.606028	0.408241	0.817003
0.608410	0.410813	0.830440
0.610749	0.413407	0.843675
0.613045	0.416022	0.856694
0.615300	0.418658	0.869484
0.617515	0.421314	0.882034
0.619690	0.423990	0.894332
0.621828	0.426685	0.906368
0.623928	0.429400	0.918131
0.625993	0.432134	0.929613
0.628024	0.434887	0.940803
0.630021	0.437658	0.951694
0.631986	0.440447	0.962279
0.633920	0.443253	0.972549
0.635824	0.446077	0.982500
0.637699	0.448918	0.992124
0.639547	0.451775	1.001417
0.641368	0.454649	1.010374
0.643164	0.457538	1.018991
0.644936	0.460444	1.027264
0.646685	0.463364	1.035190
0.648412	0.466300	1.042766
0.650118	0.469250	1.049991
0.651805	0.472215	1.056861
0.653474	0.475193	1.063377
0.655125	0.478185	1.069537
0.656760	0.481191	1.075339
0.658381	0.484209	1.080785
0.659988	0.487240	1.085872
0.661582	0.490284	1.090603
0.663165	0.493339	1.095083
0.664736	0.496406	1.099730
0.666294	0.499484	1.104586
0.667839	0.502573	1.109655
0.669369	0.505673	1.114938
0.670883	0.508783	1.120438
0.672381	0.511903	1.126159
0.673861	0.515033	1.132103
0.675322	0.518172	1.138273
0.676763	0.521320	1.144673
0.678183	0.524477	1.151307
0.679582	0.527642	1.158178
0.680958	0.530814	1.165290
0.682309	0.533995	1.172648
0.683636	0.537183	1.180255
0.684936	0.540377	1.188117
0.686210	0.543579	1.196238
0.687456	0.546786	1.204623
0.688673	0.550000	1.212451
0.689869	0.553219	1.216730
0.691059	0.556443	1.217177
0.692256	0.559673	1.213804
0.693474	0.562907	1.206657
0.694728	0.566145	1.195810
0.696030	0.569387	1.181372
0.697395	0.572633	1.163481
0.698837	0.575882	1.142315
0.700369	0.579134	1.118085
0.702006	0.582389	1.091044
0.703762	0.585646	1.061477
0.705650	0.588905	1.029705
0.707681	0.592165	0.998313
0.709850	0.595427	0.970264
0.712146	0.598689	0.945305
0.714560	0.601953	0.923192
0.717080	0.605216	0.903707
0.719697	0.608480	0.886657
0.722399	0.611743	0.871873
0.725178	0.615005	0.859210
0.728021	0.618266	0.848547
0.730920	0.621526	0.839781
0.733863	0.624785	0.832829
0.736840	0.628041	0.827628
0.739842	0.631294	0.824131
0.742856	0.634545	0.822309
0.745874	0.637793	0.822148
0.748885	0.641038	0.823653
0.751878	0.644278	0.826843
0.754843	0.647515	0.831754
0.757771	0.650747	0.837708
0.760660	0.653975	0.843815
0.763511	0.657200	0.850075
0.766321	0.660421	0.856491
0.769093	0.663638	0.863064
0.771825	0.666853	0.869797
0.774517	0.670065	0.876690
0.777169	0.673274	0.883747
0.779781	0.676482	0.890968
0.782353	0.679688	0.898356
0.784885	0.682892	0.905912
0.787376	0.686095	0.913638
0.789827	0.689298	0.921535
0.792237	0.692499	0.929605
0.794606	0.695701	0.937848
0.796935	0.698902	0.946266
0.799222	0.702104	0.954860
0.801468	0.705307	0.963631
0.803672	0.708510	0.972579
0.805835	0.711715	0.981705
0.807956	0.714922	0.991009
0.810035	0.718130	1.000492
0.812073	0.721340	1.010153
0.814068	0.724553	1.019992
0.816021	0.727768	1.030009
0.817931	0.730987	1.040203
0.819799	0.734208	1.050572
0.821625	0.737434	1.061117
0.823407	0.740663	1.071834
0.825147	0.743897	1.082723
0.826843	0.747135	1.093782
0.828496	0.750378	1.105008
0.830106	0.753626	1.116398
0.831672	0.756880	1.127950
0.833195	0.760139	1.139661
0.834673	0.763405	1.151526
0.836108	0.766676	1.163542
0.837499	0.769955	1.175705
0.838845	0.773240	1.188010
0.840147	0.776532	1.200453
0.841405	0.779832	1.213028
0.842617	0.783140	1.225730
0.843785	0.786456	1.238552
0.844908	0.789780	1.251490
0.845986	0.793114	1.264536
0.847019	0.796456	1.277685
0.848006	0.799807	1.290928
0.848948	0.803168	1.304259
0.849844	0.806539	1.317664
0.850695	0.809920	1.330998
0.851501	0.813312	1.344203
0.852262	0.816715	1.357268
0.852979	0.820128	1.370185
0.853653	0.823553	1.382944
0.854283	0.826990	1.395538
0.854872	0.830439	1.407960
0.855419	0.833900	1.420201
0.855924	0.837374	1.432255
0.856389	0.840861	1.444117
0.856814	0.844361	1.455779
0.857200	0.847874	1.467237
0.857546	0.851401	1.478486
0.857854	0.854943	1.489521
0.858125	0.858498	1.500339
0.858358	0.862069	1.510936
0.858554	0.865654	1.521309
0.858714	0.869255	1.531455
0.858838	0.872871	1.541373
0.858927	0.876504	1.551060
0.858982	0.880152	1.560515
0.859003	0.883817	1.569737
0.858990	0.887499	1.578725
0.858944	0.891198	1.587479
0.858866	0.894914	1.595999
0.858757	0.898648	1.604284
0.858616	0.902400	1.612337
0.858444	0.906171	1.620156
0.858242	0.909960	1.627744
0.858011	0.913768	1.635102
0.857751	0.917595	1.642230
0.857462	0.921441	1.649131
0.857146	0.925308	1.655806
0.856802	0.929194	1.662258
0.856431	0.933101	1.668487
0.856034	0.937028	1.674498
0.855612	0.940977	1.680291
0.855164	0.944947	1.685873
0.854691	0.948938	1.691489
0.854193	0.952948	1.697291
0.853669	0.956974	1.703286
0.853118	0.961016	1.709479
0.852539	0.965070	1.715877
0.851931	0.969134	1.722486
0.851295	0.973206	1.729315
0.850628	0.977284	1.736370
0.849931	0.981366	1.743660
0.849202	0.985449	1.751194
0.848441	0.989531	1.758980
0.847647	0.993610	1.767029
0.846820	0.997685	1.775351
0.845958	1.001752	1.783957
0.845061	1.005809	1.792857
0.844128	1.009854	1.802064
0.843159	1.013886	1.811591
0.842152	1.017901	1.821450
0.841107	1.021898	1.831656
0.840023	1.025875	1.842223
0.838899	1.029829	1.853167
0.837735	1.033757	1.864504
0.836530	1.037659	1.876250
0.835284	1.041531	1.888423
0.833994	1.045371	1.901041
0.832662	1.049178	1.914124
0.831285	1.052949	1.927691
0.829863	1.056682	1.941763
0.828396	1.060374	1.956362
0.826883	1.064023	1.971508
0.825323	1.067628	1.987226
0.823714	1.071186	2.003539
0.822058	1.074695	2.020469
0.820352	1.078152	2.038042
0.818596	1.081555	2.056282
0.816789	1.084903	2.075213
0.814931	1.088193	2.094860
0.813020	1.091422	2.115247
0.811057	1.094590	2.136397
0.809040	1.097692	2.158332
0.806968	1.100728	2.181073
0.804841	1.103695	2.204641
0.802659	1.106590	2.229051
0.800419	1.109412	2.254317
0.798122	1.112158	2.280451
0.795767	1.114827	2.307459
0.793353	1.117416	2.335342
0.790880	1.119922	2.364099
0.788345	1.122344	2.393719
0.785750	1.124679	2.424186
0.783093	1.126926	2.455477
0.780373	1.129081	2.487561
0.777590	1.131143	2.520400
0.774743	1.133110	2.553945
0.771831	1.134979	2.588141
0.768853	1.136748	2.622924
0.765809	1.138415	2.658222
0.762697	1.139978	2.693956
0.759518	1.141435	2.730040
0.756271	1.142783	2.766383
0.752954	1.144020	2.802891
0.749567	1.145144	2.838779
0.746112	1.146159	2.872324
0.742593	1.147071	2.903478
0.739013	1.147885	2.932295
0.735374	1.148606	2.958841
0.731681	1.149242	2.983190
0.727936	1.149797	3.005424
0.724142	1.150277	3.025624
0.720304	1.150688	3.043871
0.716424	1.151035	3.060245
0.712505	1.151326	3.074818
0.708551	1.151564	3.087662
0.704564	1.151756	3.098838
0.700549	1.151908	3.108405
0.696508	1.152026	3.116411
0.692445	1.152114	3.122902
0.688363	1.152180	3.127914
0.684265	1.152228	3.131475
0.680154	1.152265	3.133611
0.676034	1.152296	3.134335
0.671908	1.152327	3.133659
0.667779	1.152363	3.131586
0.663650	1.152411	3.128111
0.659525	1.152476	3.123225
0.655407	1.152564	3.116912
0.651299	1.152681	3.109150
0.647205	1.152833	3.099911
0.643127	1.153024	3.089160
0.639069	1.153262	3.076859
0.635034	1.153551	3.062964
0.631025	1.153897	3.047425
0.627046	1.154307	3.030191
0.623100	1.154786	3.011207
0.619190	1.155339	2.990415
0.615320	1.155973	2.967758
0.611492	1.156693	2.943182
0.607709	1.157506	2.916637
0.603976	1.158415	2.888077
0.600296	1.159428	2.857912
0.596668	1.160545	2.827912
0.593091	1.161764	2.798327
0.589566	1.163083	2.769221
0.586090	1.164498	2.740655
0.582662	1.166008	2.712683
0.579281	1.167611	2.685354
0.575947	1.169303	2.658709
0.572657	1.171083	2.632787
0.569411	1.172947	2.607618
0.566208	1.174895	2.583228
0.563046	1.176923	2.559635
0.559924	1.179028	2.536856
0.556842	1.181209	2.514901
0.553797	1.183464	2.493774
0.550789	1.185789	2.473479
0.547817	1.188182	2.454014
0.544879	1.190641	2.435375
0.541975	1.193164	2.417556
0.539103	1.195747	2.400548
0.536262	1.198390	2.384340
0.533451	1.201089	2.368921
0.530669	1.203841	2.354278
0.527914	1.206646	2.340398
0.525186	1.209499	2.327267
0.522483	1.212399	2.314870
0.519804	1.215344	2.303193
0.517149	1.218330	2.292222
0.514515	1.221356	2.281944
0.511902	1.224419	2.272343
0.509308	1.227517	2.263408
0.506733	1.230647	2.255126
0.504175	1.233808	2.247485
0.501633	1.236996	2.240473
0.499106	1.240209	2.234082
0.496593	1.243444	2.228301
0.494093	1.246700	2.223121
0.491604	1.249975	2.218535
0.489125	1.253264	2.214537
0.486656	1.256567	2.211120
0.484195	1.259881	2.208279
0.481740	1.263203	2.206011
0.479292	1.266531	2.204313
0.476848	1.269863	2.203182
0.474407	1.273196	2.202619
0.471969	1.276528	2.202623
0.469531	1.279856	2.203195
0.467094	1.283178	2.204339
0.464656	1.286492	2.206056
0.462215	1.289795	2.208351
0.459771	1.293085	2.211231
0.457323	1.296359	2.214701
0.454868	1.299615	2.218768
0.452407	1.302852	2.223442
0.449937	1.306065	2.228704
0.447459	1.309254	2.234470
0.444970	1.312416	2.240742
0.442469	1.315551	2.247526
0.439956	1.318657	2.254830
0.437429	1.321732	2.262662
0.434887	1.324774	2.271030
0.432329	1.327783	2.279941
0.429754	1.330756	2.289405
0.427160	1.333692	2.299429
0.424547	1.336589	2.310020
0.421913	1.339447	2.321187
0.419257	1.342262	2.332937
0.416578	1.345035	2.345277
0.413875	1.347762	2.358212
0.411146	1.350443	2.371750
0.408391	1.353077	2.385894
0.405609	1.355660	2.400649
0.402798	1.358193	2.416016
0.399957	1.360673	2.431998
0.397084	1.363099	2.448594
0.394180	1.365469	2.465802
0.391242	1.367782	2.483618
0.388270	1.370036	2.502036
0.385261	1.372230	2.521048
0.382217	1.374362	2.540643
0.379134	1.376430	2.560808
0.376012	1.378433	2.581527
0.372849	1.380370	2.602780
0.369646	1.382238	2.624546
0.366399	1.384037	2.646799
0.363109	1.385764	2.669513
0.359775	1.387419	2.692655
0.356394	1.388999	2.716192
0.352966	1.390503	2.740089
0.349489	1.391929	2.764304
0.345963	1.393277	2.788799
0.342387	1.394544	2.813528
0.338758	1.395729	2.838448
0.335077	1.396830	2.863513
0.331342	1.397845	2.888675
0.327551	1.398774	2.913888
0.323704	1.399615	2.939103
0.319799	1.400365	2.964275
0.315836	1.401024	2.989359
0.311813	1.401590	3.014308
0.307729	1.402061	3.039081
0.303583	1.402436	3.063638
0.299373	1.402713	3.087939
