t	x(t)	y(t)	theta(t)	v(t)	gamma(t)	efa
0.000540	0.694635	0.151838	1.602343	0.250000	-0.625244	-0.017955
0.003088	0.694138	0.151849	1.604201	0.250000	-0.625244	-0.017955
0.011116	0.694138	0.151849	1.604201	0.250000	-0.621079	-0.017430
0.021859	0.694138	0.151849	1.604201	0.250000	-0.621079	-0.017430
0.031523	0.694138	0.151849	1.604201	0.250000	-0.621079	-0.017430
0.041306	0.694138	0.151849	1.604201	0.250000	-0.621079	-0.017430
0.051030	0.694138	0.151849	1.604201	0.250000	-0.621079	-0.017430
0.064485	0.694635	0.151838	1.602343	0.250000	-0.625244	-0.017955
0.071577	0.694635	0.151838	1.602343	0.250000	-0.625244	-0.017955
0.081341	0.694635	0.151838	1.602343	0.250000	-0.625244	-0.017955
0.091030	0.694635	0.151838	1.602343	0.250000	-0.625244	-0.017955
0.101835	0.694635	0.151838	1.602343	0.250000	-0.625244	-0.017955
0.111532	0.694635	0.151838	1.602343	0.250000	-0.625244	-0.017955
0.121272	0.695017	0.151986	1.602332	0.250000	-0.620780	-0.017567
0.131028	0.695017	0.151986	1.602332	0.250000	-0.620780	-0.017567
0.141835	0.695017	0.151986	1.602332	0.250000	-0.620780	-0.017567
0.151445	0.695017	0.151986	1.602332	0.250000	-0.620780	-0.017567
0.161370	0.695017	0.151986	1.602332	0.250000	-0.620780	-0.017567
0.171126	0.695017	0.151986	1.602332	0.250000	-0.620780	-0.017567
0.181851	0.695017	0.151986	1.602332	0.250000	-0.620780	-0.017567
0.191574	0.695017	0.151986	1.602332	0.250000	-0.620780	-0.017567
0.201556	0.695017	0.151986	1.602332	0.250000	-0.620780	-0.017567
0.211147	0.695017	0.151986	1.602332	0.250000	-0.620780	-0.017567
0.221840	0.695124	0.154706	1.593495	0.250000	-0.596673	-0.016242
0.231611	0.695124	0.154706	1.593495	0.250000	-0.596673	-0.016242
0.241374	0.695124	0.154706	1.593495	0.250000	-0.596673	-0.016242
0.251145	0.695124	0.154706	1.593495	0.250000	-0.596673	-0.016242
0.261843	0.695124	0.154706	1.593495	0.250000	-0.596673	-0.016242
0.271025	0.695124	0.154706	1.593495	0.250000	-0.596673	-0.016242
0.281416	0.695124	0.154706	1.593495	0.250000	-0.596673	-0.016242
0.291078	0.695124	0.154706	1.593495	0.250000	-0.596673	-0.016242
0.301935	0.695124	0.154706	1.593495	0.250000	-0.596673	-0.016242
0.311663	0.695124	0.154706	1.593495	0.250000	-0.596673	-0.016242
0.321411	0.695019	0.163937	1.566408	0.250000	-0.626292	-0.016719
0.331225	0.695019	0.163937	1.566408	0.250000	-0.626292	-0.016719
0.341511	0.695019	0.163937	1.566408	0.250000	-0.626292	-0.016719
0.351681	0.695019	0.163937	1.566408	0.250000	-0.626292	-0.016719
0.361015	0.695019	0.163937	1.566408	0.250000	-0.626292	-0.016719
0.371207	0.695019	0.163937	1.566408	0.250000	-0.626292	-0.016719
0.381119	0.695019	0.163937	1.566408	0.250000	-0.626292	-0.016719
0.391002	0.695160	0.175885	1.537441	0.250000	-0.688056	-0.018825
0.401446	0.695160	0.175885	1.537441	0.250000	-0.688056	-0.018825
0.411198	0.695160	0.175885	1.537441	0.250000	-0.688056	-0.018825
0.420979	0.695160	0.175885	1.537441	0.250000	-0.688056	-0.018825
0.431003	0.695455	0.188968	1.512005	0.250000	-0.731164	-0.020610
0.441443	0.695455	0.188968	1.512005	0.250000	-0.731164	-0.020610
0.451281	0.695455	0.188968	1.512005	0.250000	-0.731164	-0.020610
0.460977	0.695455	0.188968	1.512005	0.250000	-0.731164	-0.020610
0.470969	0.695455	0.188968	1.512005	0.250000	-0.731164	-0.020610
0.481470	0.695455	0.188968	1.512005	0.250000	-0.731164	-0.020610
0.491049	0.695455	0.188968	1.512005	0.250000	-0.731164	-0.020610
0.501044	0.695455	0.188968	1.512005	0.250000	-0.731164	-0.020610
0.511738	0.695455	0.188968	1.512005	0.250000	-0.731164	-0.020610
0.521458	0.695455	0.188968	1.512005	0.250000	-0.731164	-0.020610
0.531284	0.695455	0.188968	1.512005	0.250000	-0.731164	-0.020610
0.541157	0.696692	0.203980	1.484820	0.250000	-0.802794	-0.023929
0.551046	0.696692	0.203980	1.484820	0.250000	-0.802794	-0.023929
0.561512	0.696692	0.203980	1.484820	0.250000	-0.802794	-0.023929
0.571068	0.696692	0.203980	1.484820	0.250000	-0.802794	-0.023929
0.581062	0.696692	0.203980	1.484820	0.250000	-0.802794	-0.023929
0.590981	0.696692	0.203980	1.484820	0.250000	-0.802794	-0.023929
0.601521	0.697976	0.220963	1.446768	0.250000	-0.859752	-0.027284
0.613237	0.697976	0.220963	1.446768	0.250000	-0.859752	-0.027284
0.621025	0.697976	0.220963	1.446768	0.250000	-0.859752	-0.027284
0.631735	0.697976	0.220963	1.446768	0.250000	-0.859752	-0.027284
0.641004	0.697976	0.220963	1.446768	0.250000	-0.859752	-0.027284
0.651283	0.701038	0.239414	1.400214	0.250000	-0.922607	-0.031553
0.661086	0.701038	0.239414	1.400214	0.250000	-0.922607	-0.031553
0.671001	0.701038	0.239414	1.400214	0.250000	-0.922607	-0.031553
0.681571	0.701038	0.239414	1.400214	0.250000	-0.922607	-0.031553
0.691051	0.701038	0.239414	1.400214	0.250000	-0.922607	-0.031553
0.702079	0.701038	0.239414	1.400214	0.250000	-0.922607	-0.031553
0.711801	0.701038	0.239414	1.400214	0.250000	-0.922607	-0.031553
0.721614	0.703340	0.251263	1.366924	0.250000	-0.942702	-0.033941
0.731284	0.703340	0.251263	1.366924	0.250000	-0.942702	-0.033941
0.741119	0.703340	0.251263	1.366924	0.250000	-0.942702	-0.033941
0.751806	0.703340	0.251263	1.366924	0.250000	-0.942702	-0.033941
0.761527	0.703340	0.251263	1.366924	0.250000	-0.942702	-0.033941
0.770995	0.707083	0.268027	1.341006	0.250000	-0.973821	-0.037403
0.781110	0.707083	0.268027	1.341006	0.250000	-0.973821	-0.037403
0.791038	0.707083	0.268027	1.341006	0.250000	-0.973821	-0.037403
0.803102	0.707083	0.268027	1.341006	0.250000	-0.973821	-0.037403
0.811128	0.707083	0.268027	1.341006	0.250000	-0.973821	-0.037403
0.821138	0.707083	0.268027	1.341006	0.250000	-0.973821	-0.037403
0.831835	0.707083	0.268027	1.341006	0.250000	-0.973821	-0.037403
0.840900	0.707083	0.268027	1.341006	0.250000	-0.973821	-0.037403
0.851073	0.707083	0.268027	1.341006	0.250000	-0.973821	-0.037403
0.861085	0.707083	0.268027	1.341006	0.250000	-0.973821	-0.037403
0.871864	0.711718	0.283832	1.296093	0.250000	-0.979275	-0.040476
0.881754	0.711718	0.283832	1.296093	0.250000	-0.979275	-0.040476
0.891438	0.711718	0.283832	1.296093	0.250000	-0.979275	-0.040476
0.901164	0.711718	0.283832	1.296093	0.250000	-0.979275	-0.040476
0.910987	0.711718	0.283832	1.296093	0.250000	-0.979275	-0.040476
0.920987	0.711718	0.283832	1.296093	0.250000	-0.979275	-0.040476
0.930990	0.711718	0.283832	1.296093	0.250000	-0.979275	-0.040476
0.941169	0.711718	0.283832	1.296093	0.250000	-0.979275	-0.040476
0.950968	0.711718	0.283832	1.296093	0.250000	-0.979275	-0.040476
0.960962	0.711718	0.283832	1.296093	0.250000	-0.979275	-0.040476
0.970937	0.718174	0.304260	1.244942	0.250000	-0.983729	-0.045071
0.981068	0.718174	0.304260	1.244942	0.250000	-0.983729	-0.045071
0.991109	0.718174	0.304260	1.244942	0.250000	-0.983729	-0.045071
1.001061	0.718174	0.304260	1.244942	0.250000	-0.983729	-0.045071
1.011427	0.718174	0.304260	1.244942	0.250000	-0.983729	-0.045071
1.021205	0.718174	0.304260	1.244942	0.250000	-0.983729	-0.045071
1.030906	0.724615	0.319190	1.183065	0.250000	-0.935221	-0.046703
1.041773	0.724615	0.319190	1.183065	0.250000	-0.935221	-0.046703
1.051053	0.724615	0.319190	1.183065	0.250000	-0.935221	-0.046703
1.061215	0.724615	0.319190	1.183065	0.250000	-0.935221	-0.046703
1.070998	0.724615	0.319190	1.183065	0.250000	-0.935221	-0.046703
1.081033	0.724615	0.319190	1.183065	0.250000	-0.935221	-0.046703
1.090990	0.730470	0.332789	1.138877	0.250000	-0.882581	-0.046597
1.105215	0.730470	0.332789	1.138877	0.250000	-0.882581	-0.046597
1.111051	0.730470	0.332789	1.138877	0.250000	-0.882581	-0.046597
1.121754	0.730470	0.332789	1.138877	0.250000	-0.882581	-0.046597
1.131432	0.730470	0.332789	1.138877	0.250000	-0.882581	-0.046597
1.141244	0.730470	0.332789	1.138877	0.250000	-0.882581	-0.046597
1.151061	0.730470	0.332789	1.138877	0.250000	-0.882581	-0.046597
1.161730	0.735804	0.344217	1.111832	0.250000	-0.862494	-0.049358
1.171465	0.735804	0.344217	1.111832	0.250000	-0.862494	-0.049358
1.181257	0.735804	0.344217	1.111832	0.250000	-0.862494	-0.049358
1.191018	0.735804	0.344217	1.111832	0.250000	-0.862494	-0.049358
1.201122	0.740442	0.354164	1.087608	0.250000	-0.829093	-0.050570
1.211550	0.740442	0.354164	1.087608	0.250000	-0.829093	-0.050570
1.221313	0.740442	0.354164	1.087608	0.250000	-0.829093	-0.050570
1.231040	0.740442	0.354164	1.087608	0.250000	-0.829093	-0.050570
1.241792	0.740442	0.354164	1.087608	0.250000	-0.829093	-0.050570
1.250990	0.740442	0.354164	1.087608	0.250000	-0.829093	-0.050570
1.261292	0.740442	0.354164	1.087608	0.250000	-0.829093	-0.050570
1.271011	0.740442	0.354164	1.087608	0.250000	-0.829093	-0.050570
1.281793	0.740442	0.354164	1.087608	0.250000	-0.829093	-0.050570
1.291513	0.740442	0.354164	1.087608	0.250000	-0.829093	-0.050570
1.301302	0.748141	0.367920	1.061129	0.250000	-0.771777	-0.051176
1.311152	0.748141	0.367920	1.061129	0.250000	-0.771777	-0.051176
1.321853	0.748141	0.367920	1.061129	0.250000	-0.771777	-0.051176
1.331612	0.748141	0.367920	1.061129	0.250000	-0.771777	-0.051176
1.341311	0.748141	0.367920	1.061129	0.250000	-0.771777	-0.051176
1.351074	0.748141	0.367920	1.061129	0.250000	-0.771777	-0.051176
1.360975	0.748141	0.367920	1.061129	0.250000	-0.771777	-0.051176
1.371034	0.755827	0.380079	1.017597	0.250000	-0.640710	-0.048440
1.381223	0.755827	0.380079	1.017597	0.250000	-0.640710	-0.048440
1.391087	0.755827	0.380079	1.017597	0.250000	-0.640710	-0.048440
1.401026	0.755827	0.380079	1.017597	0.250000	-0.640710	-0.048440
1.412669	0.755827	0.380079	1.017597	0.250000	-0.640710	-0.048440
1.421384	0.755827	0.380079	1.017597	0.250000	-0.640710	-0.048440
1.431043	0.755827	0.380079	1.017597	0.250000	-0.640710	-0.048440
1.441012	0.755827	0.380079	1.017597	0.250000	-0.640710	-0.048440
1.451104	0.755827	0.380079	1.017597	0.250000	-0.640710	-0.048440
1.461362	0.755827	0.380079	1.017597	0.250000	-0.640710	-0.048440
1.471110	0.766224	0.394405	0.963020	0.250000	-0.407086	-0.040981
1.481886	0.766224	0.394405	0.963020	0.250000	-0.407086	-0.040981
1.491616	0.766224	0.394405	0.963020	0.250000	-0.407086	-0.040981
1.501470	0.766224	0.394405	0.963020	0.250000	-0.407086	-0.040981
1.511159	0.766224	0.394405	0.963020	0.250000	-0.407086	-0.040981
1.521927	0.766224	0.394405	0.963020	0.250000	-0.407086	-0.040981
1.531666	0.766224	0.394405	0.963020	0.250000	-0.407086	-0.040981
1.541429	0.766224	0.394405	0.963020	0.250000	-0.407086	-0.040981
1.551063	0.766224	0.394405	0.963020	0.250000	-0.407086	-0.040981
1.560968	0.766224	0.394405	0.963020	0.250000	-0.407086	-0.040981
1.571009	0.778280	0.410031	0.908176	0.250000	-0.039315	-0.028768
1.581424	0.778280	0.410031	0.908176	0.250000	-0.039315	-0.028768
1.591173	0.778280	0.410031	0.908176	0.250000	-0.039315	-0.028768
1.600912	0.778280	0.410031	0.908176	0.250000	-0.039315	-0.028768
1.611653	0.778280	0.410031	0.908176	0.250000	-0.039315	-0.028768
1.621450	0.778280	0.410031	0.908176	0.250000	-0.039315	-0.028768
1.631237	0.778280	0.410031	0.908176	0.250000	-0.039315	-0.028768
1.640991	0.778280	0.410031	0.908176	0.250000	-0.039315	-0.028768
1.651103	0.778280	0.410031	0.908176	0.250000	-0.039315	-0.028768
1.661479	0.778280	0.410031	0.908176	0.250000	-0.039315	-0.028768
1.671173	0.778280	0.410031	0.908176	0.250000	-0.039315	-0.028768
1.681031	0.792439	0.426627	0.849522	0.250000	0.405756	-0.012035
1.691039	0.792439	0.426627	0.849522	0.250000	0.405756	-0.012035
1.701444	0.792439	0.426627	0.849522	0.250000	0.405756	-0.012035
1.711239	0.792439	0.426627	0.849522	0.250000	0.405756	-0.012035
1.720968	0.792439	0.426627	0.849522	0.250000	0.405756	-0.012035
1.731730	0.792439	0.426627	0.849522	0.250000	0.405756	-0.012035
1.741496	0.805922	0.441046	0.802518	0.250000	0.715024	0.001988
1.751264	0.805922	0.441046	0.802518	0.250000	0.715024	0.001988
1.760997	0.805922	0.441046	0.802518	0.250000	0.715024	0.001988
1.771724	0.805922	0.441046	0.802518	0.250000	0.715024	0.001988
1.781537	0.818543	0.453682	0.751499	0.250000	0.963584	0.014766
1.791355	0.818543	0.453682	0.751499	0.250000	0.963584	0.014766
1.801071	0.818543	0.453682	0.751499	0.250000	0.963584	0.014766
1.811782	0.818543	0.453682	0.751499	0.250000	0.963584	0.014766
1.821503	0.818543	0.453682	0.751499	0.250000	0.963584	0.014766
1.831256	0.818543	0.453682	0.751499	0.250000	0.963584	0.014766
1.841033	0.818543	0.453682	0.751499	0.250000	0.963584	0.014766
1.851780	0.827252	0.461534	0.718999	0.250000	1.076789	0.020891
1.861512	0.827252	0.461534	0.718999	0.250000	1.076789	0.020891
1.871238	0.827252	0.461534	0.718999	0.250000	1.076789	0.020891
1.881858	0.838278	0.472225	0.690883	0.250000	1.222746	0.030110
1.891050	0.838278	0.472225	0.690883	0.250000	1.222746	0.030110
1.902876	0.838278	0.472225	0.690883	0.250000	1.222746	0.030110
1.911333	0.838278	0.472225	0.690883	0.250000	1.222746	0.030110
1.921115	0.838278	0.472225	0.690883	0.250000	1.222746	0.030110
1.930985	0.838278	0.472225	0.690883	0.250000	1.222746	0.030110
1.941560	0.838278	0.472225	0.690883	0.250000	1.222746	0.030110
1.951327	0.838278	0.472225	0.690883	0.250000	1.222746	0.030110
1.961070	0.847211	0.479460	0.708762	0.250000	1.259434	0.035845
1.970941	0.847211	0.479460	0.708762	0.250000	1.259434	0.035845
1.981001	0.847211	0.479460	0.708762	0.250000	1.259434	0.035845
1.991387	0.847211	0.479460	0.708762	0.250000	1.259434	0.035845
2.001171	0.847211	0.479460	0.708762	0.250000	1.259434	0.035845
2.011931	0.847211	0.479460	0.708762	0.250000	1.259434	0.035845
2.021625	0.847211	0.479460	0.708762	0.250000	1.259434	0.035845
2.030976	0.847211	0.479460	0.708762	0.250000	1.259434	0.035845
2.041103	0.847211	0.479460	0.708762	0.250000	1.259434	0.035845
2.051034	0.858351	0.488885	0.734598	0.250000	1.264957	0.043098
2.061052	0.858351	0.488885	0.734598	0.250000	1.264957	0.043098
2.071086	0.858351	0.488885	0.734598	0.250000	1.264957	0.043098
2.081139	0.858351	0.488885	0.734598	0.250000	1.264957	0.043098
2.091044	0.858351	0.488885	0.734598	0.250000	1.264957	0.043098
2.100976	0.858351	0.488885	0.734598	0.250000	1.264957	0.043098
2.111076	0.869228	0.500500	0.796016	0.250000	1.105344	0.056105
2.121162	0.869228	0.500500	0.796016	0.250000	1.105344	0.056105
2.131875	0.869228	0.500500	0.796016	0.250000	1.105344	0.056105
2.141677	0.869228	0.500500	0.796016	0.250000	1.105344	0.056105
2.151501	0.869228	0.500500	0.796016	0.250000	1.105344	0.056105
2.161181	0.877530	0.508618	0.842222	0.250000	1.006577	0.059024
2.171865	0.877530	0.508618	0.842222	0.250000	1.006577	0.059024
2.181046	0.877530	0.508618	0.842222	0.250000	1.006577	0.059024
2.191017	0.877530	0.508618	0.842222	0.250000	1.006577	0.059024
2.201182	0.877530	0.508618	0.842222	0.250000	1.006577	0.059024
2.211016	0.877530	0.508618	0.842222	0.250000	1.006577	0.059024
2.221794	0.877530	0.508618	0.842222	0.250000	1.006577	0.059024
2.231490	0.877530	0.508618	0.842222	0.250000	1.006577	0.059024
2.241457	0.877530	0.508618	0.842222	0.250000	1.006577	0.059024
2.251016	0.877530	0.508618	0.842222	0.250000	1.006577	0.059024
2.261733	0.877530	0.508618	0.842222	0.250000	1.006577	0.059024
2.271516	0.890015	0.524887	0.911532	0.250000	0.875855	0.058063
2.281209	0.890015	0.524887	0.911532	0.250000	0.875855	0.058063
2.290966	0.890015	0.524887	0.911532	0.250000	0.875855	0.058063
2.301564	0.890015	0.524887	0.911532	0.250000	0.875855	0.058063
2.311464	0.890015	0.524887	0.911532	0.250000	0.875855	0.058063
2.321202	0.890015	0.524887	0.911532	0.250000	0.875855	0.058063
2.331025	0.890015	0.524887	0.911532	0.250000	0.875855	0.058063
2.341810	0.890015	0.524887	0.911532	0.250000	0.875855	0.058063
2.351065	0.890015	0.524887	0.911532	0.250000	0.875855	0.058063
2.361263	0.890015	0.524887	0.911532	0.250000	0.875855	0.058063
2.370996	0.900092	0.539307	0.977052	0.250000	0.780069	0.054637
2.381139	0.900092	0.539307	0.977052	0.250000	0.780069	0.054637
2.391037	0.900092	0.539307	0.977052	0.250000	0.780069	0.054637
2.401443	0.900092	0.539307	0.977052	0.250000	0.780069	0.054637
2.411024	0.900092	0.539307	0.977052	0.250000	0.780069	0.054637
2.421776	0.900092	0.539307	0.977052	0.250000	0.780069	0.054637
2.431005	0.900092	0.539307	0.977052	0.250000	0.780069	0.054637
2.441384	0.900092	0.539307	0.977052	0.250000	0.780069	0.054637
2.451039	0.900092	0.539307	0.977052	0.250000	0.780069	0.054637
2.462264	0.913173	0.562258	1.059227	0.250000	0.684375	0.047644
2.471549	0.913173	0.562258	1.059227	0.250000	0.684375	0.047644
2.481352	0.913173	0.562258	1.059227	0.250000	0.684375	0.047644
2.491117	0.913173	0.562258	1.059227	0.250000	0.684375	0.047644
2.501004	0.913173	0.562258	1.059227	0.250000	0.684375	0.047644
2.510974	0.913173	0.562258	1.059227	0.250000	0.684375	0.047644
2.521320	0.913173	0.562258	1.059227	0.250000	0.684375	0.047644
2.531024	0.920343	0.577057	1.114053	0.250000	0.631552	0.042293
2.541780	0.920343	0.577057	1.114053	0.250000	0.631552	0.042293
2.551141	0.920343	0.577057	1.114053	0.250000	0.631552	0.042293
2.561412	0.920343	0.577057	1.114053	0.250000	0.631552	0.042293
2.571079	0.920343	0.577057	1.114053	0.250000	0.631552	0.042293
2.581850	0.920343	0.577057	1.114053	0.250000	0.631552	0.042293
2.591004	0.920343	0.577057	1.114053	0.250000	0.631552	0.042293
2.601355	0.920343	0.577057	1.114053	0.250000	0.631552	0.042293
2.611069	0.920343	0.577057	1.114053	0.250000	0.631552	0.042293
2.621848	0.920343	0.577057	1.114053	0.250000	0.631552	0.042293
2.631407	0.920343	0.577057	1.114053	0.250000	0.631552	0.042293
2.641364	0.920343	0.577057	1.114053	0.250000	0.631552	0.042293
2.651121	0.926757	0.594086	1.169168	0.250000	0.589180	0.036792
2.661807	0.926757	0.594086	1.169168	0.250000	0.589180	0.036792
2.671272	0.926757	0.594086	1.169168	0.250000	0.589180	0.036792
2.681428	0.926757	0.594086	1.169168	0.250000	0.589180	0.036792
2.691153	0.932505	0.610348	1.217732	0.250000	0.559664	0.032846
2.700995	0.932505	0.610348	1.217732	0.250000	0.559664	0.032846
2.711020	0.932505	0.610348	1.217732	0.250000	0.559664	0.032846
2.721382	0.932505	0.610348	1.217732	0.250000	0.559664	0.032846
2.731117	0.932505	0.610348	1.217732	0.250000	0.559664	0.032846
2.741914	0.932505	0.610348	1.217732	0.250000	0.559664	0.032846
2.751040	0.932505	0.610348	1.217732	0.250000	0.559664	0.032846
2.761420	0.932505	0.610348	1.217732	0.250000	0.559664	0.032846
2.771174	0.932505	0.610348	1.217732	0.250000	0.559664	0.032846
2.781940	0.932505	0.610348	1.217732	0.250000	0.559664	0.032846
2.791641	0.940537	0.634147	1.280289	0.250000	0.527771	0.029174
2.801491	0.940537	0.634147	1.280289	0.250000	0.527771	0.029174
2.811250	0.940537	0.634147	1.280289	0.250000	0.527771	0.029174
2.821960	0.940537	0.634147	1.280289	0.250000	0.527771	0.029174
2.831661	0.940537	0.634147	1.280289	0.250000	0.527771	0.029174
2.841458	0.940537	0.634147	1.280289	0.250000	0.527771	0.029174
2.851069	0.940537	0.634147	1.280289	0.250000	0.527771	0.029174
2.860931	0.940537	0.634147	1.280289	0.250000	0.527771	0.029174
2.870958	0.940537	0.634147	1.280289	0.250000	0.527771	0.029174
2.881467	0.940537	0.634147	1.280289	0.250000	0.527771	0.029174
2.893174	0.947400	0.656681	1.390071	0.250000	0.366154	0.019745
2.901036	0.947400	0.656681	1.390071	0.250000	0.366154	0.019745
2.911766	0.947400	0.656681	1.390071	0.250000	0.366154	0.019745
2.921519	0.947400	0.656681	1.390071	0.250000	0.366154	0.019745
2.931217	0.947400	0.656681	1.390071	0.250000	0.366154	0.019745
2.942565	0.947400	0.656681	1.390071	0.250000	0.366154	0.019745
2.951072	0.947400	0.656681	1.390071	0.250000	0.366154	0.019745
2.961470	0.951467	0.677247	1.443089	0.250000	0.300278	0.015931
2.971015	0.951467	0.677247	1.443089	0.250000	0.300278	0.015931
2.981002	0.951467	0.677247	1.443089	0.250000	0.300278	0.015931
2.992728	0.951467	0.677247	1.443089	0.250000	0.300278	0.015931
3.001476	0.951467	0.677247	1.443089	0.250000	0.300278	0.015931
3.011275	0.951467	0.677247	1.443089	0.250000	0.300278	0.015931
3.021100	0.951467	0.677247	1.443089	0.250000	0.300278	0.015931
3.031799	0.951467	0.677247	1.443089	0.250000	0.300278	0.015931
3.041594	0.951467	0.677247	1.443089	0.250000	0.300278	0.015931
3.051069	0.951467	0.677247	1.443089	0.250000	0.300278	0.015931
3.061051	0.952517	0.697991	1.498353	0.250000	0.185148	0.009282
3.071759	0.952517	0.697991	1.498353	0.250000	0.185148	0.009282
3.081572	0.952517	0.697991	1.498353	0.250000	0.185148	0.009282
3.091295	0.952517	0.697991	1.498353	0.250000	0.185148	0.009282
3.101056	0.952517	0.697991	1.498353	0.250000	0.185148	0.009282
3.111039	0.954228	0.714379	1.498723	0.250000	0.208123	0.010827
3.121559	0.954228	0.714379	1.498723	0.250000	0.208123	0.010827
3.131279	0.954228	0.714379	1.498723	0.250000	0.208123	0.010827
3.141121	0.954228	0.714379	1.498723	0.250000	0.208123	0.010827
3.151065	0.954228	0.714379	1.498723	0.250000	0.208123	0.010827
3.160995	0.954228	0.714379	1.498723	0.250000	0.208123	0.010827
3.171370	0.955281	0.730112	1.540802	0.250000	0.119225	0.006415
3.181089	0.955281	0.730112	1.540802	0.250000	0.119225	0.006415
3.192823	0.955281	0.730112	1.540802	0.250000	0.119225	0.006415
3.201596	0.955281	0.730112	1.540802	0.250000	0.119225	0.006415
3.211047	0.955281	0.730112	1.540802	0.250000	0.119225	0.006415
3.221085	0.956132	0.741758	1.570988	0.250000	0.056469	0.003289
3.231848	0.956132	0.741758	1.570988	0.250000	0.056469	0.003289
3.241017	0.956132	0.741758	1.570988	0.250000	0.056469	0.003289
3.251131	0.956132	0.741758	1.570988	0.250000	0.056469	0.003289
3.261152	0.956132	0.741758	1.570988	0.250000	0.056469	0.003289
3.271121	0.956132	0.741758	1.570988	0.250000	0.056469	0.003289
3.281640	0.956132	0.741758	1.570988	0.250000	0.056469	0.003289
3.291424	0.956132	0.741758	1.570988	0.250000	0.056469	0.003289
3.301131	0.956132	0.741758	1.570988	0.250000	0.056469	0.003289
3.310969	0.956132	0.741758	1.570988	0.250000	0.056469	0.003289
3.321603	0.956132	0.741758	1.570988	0.250000	0.056469	0.003289
3.331389	0.954150	0.754818	1.594591	0.250000	-0.017955	-0.001625
3.341178	0.954150	0.754818	1.594591	0.250000	-0.017955	-0.001625
3.350914	0.954150	0.754818	1.594591	0.250000	-0.017955	-0.001625
3.360988	0.954150	0.754818	1.594591	0.250000	-0.017955	-0.001625
3.371451	0.954150	0.754818	1.594591	0.250000	-0.017955	-0.001625
3.381767	0.954150	0.754818	1.594591	0.250000	-0.017955	-0.001625
3.391952	0.954150	0.754818	1.594591	0.250000	-0.017955	-0.001625
3.401717	0.954150	0.754818	1.594591	0.250000	-0.017955	-0.001625
3.411052	0.954150	0.754818	1.594591	0.250000	-0.017955	-0.001625
3.421179	0.950592	0.769046	1.700322	0.250000	-0.319724	-0.019125
3.431061	0.950592	0.769046	1.700322	0.250000	-0.319724	-0.019125
3.441539	0.950592	0.769046	1.700322	0.250000	-0.319724	-0.019125
3.451051	0.950592	0.769046	1.700322	0.250000	-0.319724	-0.019125
3.461216	0.950592	0.769046	1.700322	0.250000	-0.319724	-0.019125
3.471011	0.950592	0.769046	1.700322	0.250000	-0.319724	-0.019125
3.480999	0.949290	0.788814	1.722410	0.250000	-0.363103	-0.022669
3.491481	0.949290	0.788814	1.722410	0.250000	-0.363103	-0.022669
3.501287	0.949290	0.788814	1.722410	0.250000	-0.363103	-0.022669
3.511054	0.949290	0.788814	1.722410	0.250000	-0.363103	-0.022669
3.521018	0.949290	0.788814	1.722410	0.250000	-0.363103	-0.022669
3.531014	0.949290	0.788814	1.722410	0.250000	-0.363103	-0.022669
3.541245	0.948305	0.809857	1.744465	0.250000	-0.391223	-0.025290
3.551053	0.948305	0.809857	1.744465	0.250000	-0.391223	-0.025290
3.561709	0.948305	0.809857	1.744465	0.250000	-0.391223	-0.025290
3.571469	0.948305	0.809857	1.744465	0.250000	-0.391223	-0.025290
3.581290	0.948305	0.809857	1.744465	0.250000	-0.391223	-0.025290
3.590987	0.948305	0.809857	1.744465	0.250000	-0.391223	-0.025290
3.601762	0.948305	0.809857	1.744465	0.250000	-0.391223	-0.025290
3.611509	0.948305	0.809857	1.744465	0.250000	-0.391223	-0.025290
3.621295	0.948305	0.809857	1.744465	0.250000	-0.391223	-0.025290
3.631777	0.947183	0.831912	1.669918	0.250000	-0.164078	-0.014239
3.641571	0.947183	0.831912	1.669918	0.250000	-0.164078	-0.014239
3.651099	0.947183	0.831912	1.669918	0.250000	-0.164078	-0.014239
3.661314	0.947183	0.831912	1.669918	0.250000	-0.164078	-0.014239
3.671041	0.947183	0.831912	1.669918	0.250000	-0.164078	-0.014239
3.681799	0.947183	0.831912	1.669918	0.250000	-0.164078	-0.014239
3.691489	0.942714	0.847622	1.669421	0.250000	-0.166890	-0.016745
3.701247	0.942714	0.847622	1.669421	0.250000	-0.166890	-0.016745
3.711060	0.942714	0.847622	1.669421	0.250000	-0.166890	-0.016745
3.721774	0.942714	0.847622	1.669421	0.250000	-0.166890	-0.016745
3.730958	0.942714	0.847622	1.669421	0.250000	-0.166890	-0.016745
3.741303	0.942714	0.847622	1.669421	0.250000	-0.166890	-0.016745
3.751098	0.942714	0.847622	1.669421	0.250000	-0.166890	-0.016745
3.760999	0.942714	0.847622	1.669421	0.250000	-0.166890	-0.016745
3.770995	0.942714	0.847622	1.669421	0.250000	-0.166890	-0.016745
3.781361	0.942714	0.847622	1.669421	0.250000	-0.166890	-0.016745
3.791096	0.942714	0.847622	1.669421	0.250000	-0.166890	-0.016745
3.801870	0.939007	0.864904	1.649963	0.250000	-0.101286	-0.015219
3.811782	0.939007	0.864904	1.649963	0.250000	-0.101286	-0.015219
3.821339	0.939007	0.864904	1.649963	0.250000	-0.101286	-0.015219
3.831135	0.939007	0.864904	1.649963	0.250000	-0.101286	-0.015219
3.840965	0.939007	0.864904	1.649963	0.250000	-0.101286	-0.015219
3.851624	0.939007	0.864904	1.649963	0.250000	-0.101286	-0.015219
3.861339	0.939007	0.864904	1.649963	0.250000	-0.101286	-0.015219
3.871101	0.939007	0.864904	1.649963	0.250000	-0.101286	-0.015219
3.881963	0.939007	0.864904	1.649963	0.250000	-0.101286	-0.015219
3.891020	0.939007	0.864904	1.649963	0.250000	-0.101286	-0.015219
3.901368	0.938519	0.889276	1.620562	0.250000	0.054760	-0.007654
3.911096	0.938519	0.889276	1.620562	0.250000	0.054760	-0.007654
3.921000	0.938519	0.889276	1.620562	0.250000	0.054760	-0.007654
3.930996	0.938519	0.889276	1.620562	0.250000	0.054760	-0.007654
3.941414	0.938519	0.889276	1.620562	0.250000	0.054760	-0.007654
3.951092	0.938519	0.889276	1.620562	0.250000	0.054760	-0.007654
3.961900	0.941208	0.918970	1.588123	0.250000	0.300525	0.005934
3.971122	0.941208	0.918970	1.588123	0.250000	0.300525	0.005934
3.981434	0.941208	0.918970	1.588123	0.250000	0.300525	0.005934
3.991202	0.941208	0.918970	1.588123	0.250000	0.300525	0.005934
4.001559	0.941208	0.918970	1.588123	0.250000	0.300525	0.005934
4.011703	0.941208	0.918970	1.588123	0.250000	0.300525	0.005934
4.021410	0.942058	0.941160	1.559191	0.250000	0.461188	0.015362
4.031160	0.942058	0.941160	1.559191	0.250000	0.461188	0.015362
4.041183	0.942058	0.941160	1.559191	0.250000	0.461188	0.015362
4.051057	0.942058	0.941160	1.559191	0.250000	0.461188	0.015362
4.061433	0.942058	0.941160	1.559191	0.250000	0.461188	0.015362
4.071024	0.942058	0.941160	1.559191	0.250000	0.461188	0.015362
4.081986	0.943579	0.959050	1.545957	0.250000	0.579203	0.023629
4.091072	0.943579	0.959050	1.545957	0.250000	0.579203	0.023629
4.101426	0.943579	0.959050	1.545957	0.250000	0.579203	0.023629
4.111098	0.943579	0.959050	1.545957	0.250000	0.579203	0.023629
4.120994	0.943579	0.959050	1.545957	0.250000	0.579203	0.023629
4.131022	0.943579	0.959050	1.545957	0.250000	0.579203	0.023629
4.141504	0.943579	0.959050	1.545957	0.250000	0.579203	0.023629
4.151240	0.943579	0.959050	1.545957	0.250000	0.579203	0.023629
4.161026	0.943579	0.959050	1.545957	0.250000	0.579203	0.023629
4.171104	0.941048	0.969192	1.611579	0.250000	0.423591	0.015545
4.181533	0.941048	0.969192	1.611579	0.250000	0.423591	0.015545
4.191117	0.941048	0.969192	1.611579	0.250000	0.423591	0.015545
4.201036	0.941048	0.969192	1.611579	0.250000	0.423591	0.015545
4.211024	0.941048	0.969192	1.611579	0.250000	0.423591	0.015545
4.221472	0.941048	0.969192	1.611579	0.250000	0.423591	0.015545
4.231043	0.941048	0.969192	1.611579	0.250000	0.423591	0.015545
4.240999	0.941818	0.989381	1.617587	0.250000	0.472701	0.020743
4.251036	0.941818	0.989381	1.617587	0.250000	0.472701	0.020743
4.261497	0.941818	0.989381	1.617587	0.250000	0.472701	0.020743
4.271045	0.941818	0.989381	1.617587	0.250000	0.472701	0.020743
4.281070	0.941818	0.989381	1.617587	0.250000	0.472701	0.020743
4.291825	0.941818	0.989381	1.617587	0.250000	0.472701	0.020743
4.301558	0.941818	0.989381	1.617587	0.250000	0.472701	0.020743
4.311313	0.941818	0.989381	1.617587	0.250000	0.472701	0.020743
4.321078	0.941818	0.989381	1.617587	0.250000	0.472701	0.020743
4.331853	0.941818	0.989381	1.617587	0.250000	0.472701	0.020743
4.341568	0.941818	0.989381	1.617587	0.250000	0.472701	0.020743
4.351311	0.938886	1.005978	1.644039	0.250000	0.414814	0.019202
4.361122	0.938886	1.005978	1.644039	0.250000	0.414814	0.019202
4.371806	0.938886	1.005978	1.644039	0.250000	0.414814	0.019202
4.381805	0.938886	1.005978	1.644039	0.250000	0.414814	0.019202
4.391299	0.938886	1.005978	1.644039	0.250000	0.414814	0.019202
4.401060	0.939340	1.028475	1.611755	0.250000	0.530408	0.029416
4.411815	0.939340	1.028475	1.611755	0.250000	0.530408	0.029416
4.421617	0.939340	1.028475	1.611755	0.250000	0.530408	0.029416
4.431369	0.939340	1.028475	1.611755	0.250000	0.530408	0.029416
4.441078	0.939340	1.028475	1.611755	0.250000	0.530408	0.029416
4.450995	0.939340	1.028475	1.611755	0.250000	0.530408	0.029416
4.461023	0.936794	1.041628	1.759904	0.250000	0.136380	0.010147
4.471060	0.936794	1.041628	1.759904	0.250000	0.136380	0.010147
4.481143	0.936794	1.041628	1.759904	0.250000	0.136380	0.010147
4.490930	0.936794	1.041628	1.759904	0.250000	0.136380	0.010147
4.500962	0.936794	1.041628	1.759904	0.250000	0.136380	0.010147
4.511088	0.936794	1.041628	1.759904	0.250000	0.136380	0.010147
4.521137	0.936794	1.041628	1.759904	0.250000	0.136380	0.010147
4.531014	0.936794	1.041628	1.759904	0.250000	0.136380	0.010147
4.541585	0.936794	1.041628	1.759904	0.250000	0.136380	0.010147
4.551933	0.936794	1.041628	1.759904	0.250000	0.136380	0.010147
4.561223	0.933642	1.058308	1.922430	0.250000	-0.336313	-0.012171
4.572112	0.933642	1.058308	1.922430	0.250000	-0.336313	-0.012171
4.581664	0.933642	1.058308	1.922430	0.250000	-0.336313	-0.012171
4.590995	0.933642	1.058308	1.922430	0.250000	-0.336313	-0.012171
4.600992	0.933642	1.058308	1.922430	0.250000	-0.336313	-0.012171
4.611000	0.933642	1.058308	1.922430	0.250000	-0.336313	-0.012171
4.621646	0.928789	1.071583	1.962872	0.250000	-0.496064	-0.019764
4.631406	0.928789	1.071583	1.962872	0.250000	-0.496064	-0.019764
4.640995	0.928789	1.071583	1.962872	0.250000	-0.496064	-0.019764
4.651005	0.928789	1.071583	1.962872	0.250000	-0.496064	-0.019764
4.661693	0.928789	1.071583	1.962872	0.250000	-0.496064	-0.019764
4.671449	0.925075	1.100364	1.912408	0.250000	-0.466196	-0.014254
4.681209	0.925075	1.100364	1.912408	0.250000	-0.466196	-0.014254
4.690972	0.925075	1.100364	1.912408	0.250000	-0.466196	-0.014254
4.700984	0.925075	1.100364	1.912408	0.250000	-0.466196	-0.014254
4.711447	0.925075	1.100364	1.912408	0.250000	-0.466196	-0.014254
4.721242	0.925075	1.100364	1.912408	0.250000	-0.466196	-0.014254
4.731001	0.925075	1.100364	1.912408	0.250000	-0.466196	-0.014254
4.741112	0.925075	1.100364	1.912408	0.250000	-0.466196	-0.014254
4.751092	0.925075	1.100364	1.912408	0.250000	-0.466196	-0.014254
4.761238	0.925075	1.100364	1.912408	0.250000	-0.466196	-0.014254
4.771070	0.925075	1.100364	1.912408	0.250000	-0.466196	-0.014254
4.781728	0.925075	1.100364	1.912408	0.250000	-0.466196	-0.014254
4.793448	0.922186	1.120898	1.834609	0.250000	-0.347976	-0.006573
4.801183	0.922186	1.120898	1.834609	0.250000	-0.347976	-0.006573
4.810914	0.922186	1.120898	1.834609	0.250000	-0.347976	-0.006573
4.821761	0.922186	1.120898	1.834609	0.250000	-0.347976	-0.006573
4.831493	0.918343	1.143617	1.854222	0.250000	-0.483957	-0.013130
4.841300	0.918343	1.143617	1.854222	0.250000	-0.483957	-0.013130
4.851016	0.918343	1.143617	1.854222	0.250000	-0.483957	-0.013130
4.861801	0.918343	1.143617	1.854222	0.250000	-0.483957	-0.013130
4.871562	0.918343	1.143617	1.854222	0.250000	-0.483957	-0.013130
4.881299	0.918343	1.143617	1.854222	0.250000	-0.483957	-0.013130
4.893020	0.918343	1.143617	1.854222	0.250000	-0.483957	-0.013130
4.901748	0.918343	1.143617	1.854222	0.250000	-0.483957	-0.013130
4.910986	0.918343	1.143617	1.854222	0.250000	-0.483957	-0.013130
4.921280	0.918343	1.143617	1.854222	0.250000	-0.483957	-0.013130
4.931002	0.918343	1.143617	1.854222	0.250000	-0.483957	-0.013130
4.941713	0.913800	1.162626	1.936051	0.250000	-0.744386	-0.027191
4.950991	0.913800	1.162626	1.936051	0.250000	-0.744386	-0.027191
4.961272	0.913800	1.162626	1.936051	0.250000	-0.744386	-0.027191
4.971186	0.913800	1.162626	1.936051	0.250000	-0.744386	-0.027191
4.981819	0.913800	1.162626	1.936051	0.250000	-0.744386	-0.027191
4.991620	0.913800	1.162626	1.936051	0.250000	-0.744386	-0.027191
5.001351	0.913800	1.162626	1.936051	0.250000	-0.744386	-0.027191
5.011014	0.913800	1.162626	1.936051	0.250000	-0.744386	-0.027191
5.022633	0.913800	1.162626	1.936051	0.250000	-0.744386	-0.027191
5.031609	0.913800	1.162626	1.936051	0.250000	-0.744386	-0.027191
5.041322	0.907070	1.180214	1.998654	0.250000	-0.959821	-0.040650
5.051083	0.907070	1.180214	1.998654	0.250000	-0.959821	-0.040650
5.061009	0.907070	1.180214	1.998654	0.250000	-0.959821	-0.040650
5.070993	0.907070	1.180214	1.998654	0.250000	-0.959821	-0.040650
5.081060	0.907070	1.180214	1.998654	0.250000	-0.959821	-0.040650
5.091114	0.907070	1.180214	1.998654	0.250000	-0.959821	-0.040650
5.101760	0.902567	1.202352	1.949255	0.250000	-0.922169	-0.040612
5.111612	0.902567	1.202352	1.949255	0.250000	-0.922169	-0.040612
5.121367	0.902567	1.202352	1.949255	0.250000	-0.922169	-0.040612
5.131166	0.902567	1.202352	1.949255	0.250000	-0.922169	-0.040612
5.141874	0.902567	1.202352	1.949255	0.250000	-0.922169	-0.040612
5.151126	0.902567	1.202352	1.949255	0.250000	-0.922169	-0.040612
5.161383	0.896422	1.209506	1.789987	0.250000	-0.664657	-0.030745
5.171107	0.896422	1.209506	1.789987	0.250000	-0.664657	-0.030745
5.181883	0.896422	1.209506	1.789987	0.250000	-0.664657	-0.030745
5.191645	0.896422	1.209506	1.789987	0.250000	-0.664657	-0.030745
5.201349	0.896422	1.209506	1.789987	0.250000	-0.664657	-0.030745
5.211171	0.895520	1.224966	1.642884	0.250000	-0.339124	-0.015314
5.221914	0.895520	1.224966	1.642884	0.250000	-0.339124	-0.015314
5.231620	0.895520	1.224966	1.642884	0.250000	-0.339124	-0.015314
5.241396	0.895520	1.224966	1.642884	0.250000	-0.339124	-0.015314
5.251183	0.895520	1.224966	1.642884	0.250000	-0.339124	-0.015314
5.261954	0.895720	1.241568	1.602740	0.250000	-0.236253	-0.011173
5.271710	0.895720	1.241568	1.602740	0.250000	-0.236253	-0.011173
5.281521	0.895720	1.241568	1.602740	0.250000	-0.236253	-0.011173
5.291208	0.895720	1.241568	1.602740	0.250000	-0.236253	-0.011173
5.301869	0.895720	1.241568	1.602740	0.250000	-0.236253	-0.011173
5.311020	0.895720	1.241568	1.602740	0.250000	-0.236253	-0.011173
5.321395	0.897879	1.263686	1.576186	0.250000	-0.128419	-0.006645
5.331176	0.897879	1.263686	1.576186	0.250000	-0.128419	-0.006645
5.341535	0.897879	1.263686	1.576186	0.250000	-0.128419	-0.006645
5.351714	0.897879	1.263686	1.576186	0.250000	-0.128419	-0.006645
5.361620	0.897879	1.263686	1.576186	0.250000	-0.128419	-0.006645
5.371136	0.897879	1.263686	1.576186	0.250000	-0.128419	-0.006645
5.381211	0.897879	1.263686	1.576186	0.250000	-0.128419	-0.006645
5.391056	0.897879	1.263686	1.576186	0.250000	-0.128419	-0.006645
5.402441	0.897879	1.263686	1.576186	0.250000	-0.128419	-0.006645
5.411075	0.897879	1.263686	1.576186	0.250000	-0.128419	-0.006645
5.420983	0.897723	1.277720	1.545129	0.250000	-0.029108	-0.003008
5.431051	0.897723	1.277720	1.545129	0.250000	-0.029108	-0.003008
5.441510	0.897723	1.277720	1.545129	0.250000	-0.029108	-0.003008
5.450981	0.897723	1.277720	1.545129	0.250000	-0.029108	-0.003008
5.460982	0.897723	1.277720	1.545129	0.250000	-0.029108	-0.003008
5.470944	0.897723	1.277720	1.545129	0.250000	-0.029108	-0.003008
5.481492	0.897723	1.277720	1.545129	0.250000	-0.029108	-0.003008
5.491167	0.897723	1.277720	1.545129	0.250000	-0.029108	-0.003008
5.501046	0.897723	1.277720	1.545129	0.250000	-0.029108	-0.003008
5.511028	0.897723	1.277720	1.545129	0.250000	-0.029108	-0.003008
5.521532	0.897723	1.277720	1.545129	0.250000	-0.029108	-0.003008
5.531064	0.898967	1.297546	1.499378	0.250000	0.143205	0.004368
5.540979	0.898967	1.297546	1.499378	0.250000	0.143205	0.004368
5.551051	0.898967	1.297546	1.499378	0.250000	0.143205	0.004368
5.561579	0.898967	1.297546	1.499378	0.250000	0.143205	0.004368
5.571121	0.898967	1.297546	1.499378	0.250000	0.143205	0.004368
5.581094	0.899648	1.311939	1.466046	0.250000	0.280750	0.010082
5.591047	0.899648	1.311939	1.466046	0.250000	0.280750	0.010082
5.601188	0.899648	1.311939	1.466046	0.250000	0.280750	0.010082
5.611058	0.899648	1.311939	1.466046	0.250000	0.280750	0.010082
5.621087	0.899648	1.311939	1.466046	0.250000	0.280750	0.010082
5.630955	0.899648	1.311939	1.466046	0.250000	0.280750	0.010082
5.641036	0.903194	1.335611	1.426065	0.250000	0.505355	0.020536
5.651060	0.903194	1.335611	1.426065	0.250000	0.505355	0.020536
5.661114	0.903194	1.335611	1.426065	0.250000	0.505355	0.020536
5.671062	0.903194	1.335611	1.426065	0.250000	0.505355	0.020536
5.681046	0.903194	1.335611	1.426065	0.250000	0.505355	0.020536
5.691091	0.903194	1.335611	1.426065	0.250000	0.505355	0.020536
5.701067	0.903194	1.335611	1.426065	0.250000	0.505355	0.020536
5.711401	0.903194	1.335611	1.426065	0.250000	0.505355	0.020536
5.721668	0.903194	1.335611	1.426065	0.250000	0.505355	0.020536
5.731410	0.903194	1.335611	1.426065	0.250000	0.505355	0.020536
5.741147	0.902405	1.340655	1.418355	0.250000	0.529878	0.020998
5.751888	0.902405	1.340655	1.418355	0.250000	0.529878	0.020998
5.761656	0.902405	1.340655	1.418355	0.250000	0.529878	0.020998
5.771217	0.902405	1.340655	1.418355	0.250000	0.529878	0.020998
5.781166	0.902405	1.340655	1.418355	0.250000	0.529878	0.020998
5.791084	0.902405	1.340655	1.418355	0.250000	0.529878	0.020998
5.801653	0.902405	1.340655	1.418355	0.250000	0.529878	0.020998
5.811386	0.902405	1.340655	1.418355	0.250000	0.529878	0.020998
5.821168	0.902405	1.340655	1.418355	0.250000	0.529878	0.020998
5.831869	0.902405	1.340655	1.418355	0.250000	0.529878	0.020998
5.840956	0.905881	1.362285	1.412981	0.250000	0.668695	0.027457
5.851425	0.905881	1.362285	1.412981	0.250000	0.668695	0.027457
5.861253	0.905881	1.362285	1.412981	0.250000	0.668695	0.027457
5.871923	0.905881	1.362285	1.412981	0.250000	0.668695	0.027457
5.881659	0.905881	1.362285	1.412981	0.250000	0.668695	0.027457
5.891035	0.905881	1.362285	1.412981	0.250000	0.668695	0.027457
5.900994	0.907262	1.380940	1.450974	0.250000	0.621343	0.024176
