t	x(t)	y(t)	theta(t)	v(t)	gamma(t)	efa
0.000342	0.696760	0.154832	1.603453	0.250000	-0.634836	-0.017199
0.000711	0.696760	0.154832	1.603453	0.250000	-0.634836	-0.017199
0.011327	0.696760	0.154832	1.603453	0.250000	-0.634836	-0.017199
0.020985	0.696760	0.154832	1.603453	0.250000	-0.634836	-0.017199
0.030805	0.696760	0.154832	1.603453	0.250000	-0.634836	-0.017199
0.041500	0.696760	0.154832	1.603453	0.250000	-0.634836	-0.017199
0.051251	0.696760	0.154832	1.603453	0.250000	-0.634836	-0.017199
0.061037	0.696760	0.154832	1.603453	0.250000	-0.634836	-0.017199
0.070832	0.696760	0.154832	1.603453	0.250000	-0.634836	-0.017199
0.080955	0.696760	0.154832	1.603453	0.250000	-0.634836	-0.017199
0.090889	0.696760	0.154832	1.603453	0.250000	-0.634836	-0.017199
0.102267	0.696760	0.154832	1.603453	0.250000	-0.634836	-0.017199
0.110868	0.696760	0.154832	1.603453	0.250000	-0.634836	-0.017199
0.120809	0.696760	0.154832	1.603453	0.250000	-0.634836	-0.017199
0.130794	0.696887	0.153995	1.602798	0.250000	-0.616804	-0.015695
0.141049	0.696887	0.153995	1.602798	0.250000	-0.616804	-0.015695
0.150819	0.696887	0.153995	1.602798	0.250000	-0.616804	-0.015695
0.160792	0.696887	0.153995	1.602798	0.250000	-0.616804	-0.015695
0.171409	0.696887	0.153995	1.602798	0.250000	-0.616804	-0.015695
0.181222	0.696887	0.153995	1.602798	0.250000	-0.616804	-0.015695
0.190871	0.696887	0.153995	1.602798	0.250000	-0.616804	-0.015695
0.201602	0.696887	0.153995	1.602798	0.250000	-0.616804	-0.015695
0.211359	0.696887	0.153995	1.602798	0.250000	-0.616804	-0.015695
0.221066	0.696887	0.153995	1.602798	0.250000	-0.616804	-0.015695
0.230893	0.696887	0.153995	1.602798	0.250000	-0.616804	-0.015695
0.241419	0.695789	0.152873	1.592189	0.250000	-0.603345	-0.015449
0.251399	0.695789	0.152873	1.592189	0.250000	-0.603345	-0.015449
0.261151	0.695789	0.152873	1.592189	0.250000	-0.603345	-0.015449
0.272061	0.695789	0.152873	1.592189	0.250000	-0.603345	-0.015449
0.280831	0.695789	0.152873	1.592189	0.250000	-0.603345	-0.015449
0.290843	0.695789	0.152873	1.592189	0.250000	-0.603345	-0.015449
0.300880	0.695789	0.152873	1.592189	0.250000	-0.603345	-0.015449
0.310867	0.695753	0.158529	1.573390	0.250000	-0.602718	-0.015544
0.320808	0.695753	0.158529	1.573390	0.250000	-0.602718	-0.015544
0.330829	0.695753	0.158529	1.573390	0.250000	-0.602718	-0.015544
0.340932	0.695753	0.158529	1.573390	0.250000	-0.602718	-0.015544
0.350927	0.695753	0.158529	1.573390	0.250000	-0.602718	-0.015544
0.360806	0.695753	0.158529	1.573390	0.250000	-0.602718	-0.015544
0.370857	0.695357	0.169126	1.541842	0.250000	-0.627733	-0.016065
0.381189	0.695357	0.169126	1.541842	0.250000	-0.627733	-0.016065
0.390870	0.695357	0.169126	1.541842	0.250000	-0.627733	-0.016065
0.400793	0.695357	0.169126	1.541842	0.250000	-0.627733	-0.016065
0.410834	0.695357	0.169126	1.541842	0.250000	-0.627733	-0.016065
0.420866	0.695357	0.169126	1.541842	0.250000	-0.627733	-0.016065
0.430860	0.695357	0.169126	1.541842	0.250000	-0.627733	-0.016065
0.441699	0.695357	0.169126	1.541842	0.250000	-0.627733	-0.016065
0.451467	0.695357	0.169126	1.541842	0.250000	-0.627733	-0.016065
0.461213	0.695357	0.169126	1.541842	0.250000	-0.627733	-0.016065
0.470945	0.696972	0.183333	1.508471	0.250000	-0.667263	-0.016719
0.481714	0.696972	0.183333	1.508471	0.250000	-0.667263	-0.016719
0.491503	0.696972	0.183333	1.508471	0.250000	-0.667263	-0.016719
0.501212	0.696972	0.183333	1.508471	0.250000	-0.667263	-0.016719
0.511008	0.696972	0.183333	1.508471	0.250000	-0.667263	-0.016719
0.520845	0.696972	0.183333	1.508471	0.250000	-0.667263	-0.016719
0.530789	0.696972	0.183333	1.508471	0.250000	-0.667263	-0.016719
0.541234	0.697644	0.199028	1.470321	0.250000	-0.717452	-0.018975
0.550999	0.697644	0.199028	1.470321	0.250000	-0.717452	-0.018975
0.560765	0.697644	0.199028	1.470321	0.250000	-0.717452	-0.018975
0.571495	0.697644	0.199028	1.470321	0.250000	-0.717452	-0.018975
0.580839	0.697644	0.199028	1.470321	0.250000	-0.717452	-0.018975
0.590916	0.697644	0.199028	1.470321	0.250000	-0.717452	-0.018975
0.600781	0.699217	0.214454	1.438016	0.250000	-0.781435	-0.022263
0.612580	0.699217	0.214454	1.438016	0.250000	-0.781435	-0.022263
0.621295	0.699217	0.214454	1.438016	0.250000	-0.781435	-0.022263
0.631051	0.699217	0.214454	1.438016	0.250000	-0.781435	-0.022263
0.640831	0.699217	0.214454	1.438016	0.250000	-0.781435	-0.022263
0.651542	0.699217	0.214454	1.438016	0.250000	-0.781435	-0.022263
0.661270	0.699217	0.214454	1.438016	0.250000	-0.781435	-0.022263
0.672048	0.700266	0.231360	1.402932	0.250000	-0.855450	-0.027179
0.680851	0.700266	0.231360	1.402932	0.250000	-0.855450	-0.027179
0.690848	0.700266	0.231360	1.402932	0.250000	-0.855450	-0.027179
0.701069	0.700266	0.231360	1.402932	0.250000	-0.855450	-0.027179
0.710911	0.700266	0.231360	1.402932	0.250000	-0.855450	-0.027179
0.720853	0.700266	0.231360	1.402932	0.250000	-0.855450	-0.027179
0.730881	0.700266	0.231360	1.402932	0.250000	-0.855450	-0.027179
0.742445	0.700266	0.231360	1.402932	0.250000	-0.855450	-0.027179
0.751067	0.700266	0.231360	1.402932	0.250000	-0.855450	-0.027179
0.760941	0.703448	0.246355	1.377377	0.250000	-0.923905	-0.031964
0.770908	0.703448	0.246355	1.377377	0.250000	-0.923905	-0.031964
0.780830	0.703448	0.246355	1.377377	0.250000	-0.923905	-0.031964
0.791087	0.703448	0.246355	1.377377	0.250000	-0.923905	-0.031964
0.800863	0.703448	0.246355	1.377377	0.250000	-0.923905	-0.031964
0.811625	0.703448	0.246355	1.377377	0.250000	-0.923905	-0.031964
0.821362	0.707129	0.259774	1.341308	0.250000	-0.926324	-0.033353
0.831144	0.707129	0.259774	1.341308	0.250000	-0.926324	-0.033353
0.840890	0.707129	0.259774	1.341308	0.250000	-0.926324	-0.033353
0.851639	0.707129	0.259774	1.341308	0.250000	-0.926324	-0.033353
0.860734	0.707129	0.259774	1.341308	0.250000	-0.926324	-0.033353
0.870843	0.707129	0.259774	1.341308	0.250000	-0.926324	-0.033353
0.880945	0.707129	0.259774	1.341308	0.250000	-0.926324	-0.033353
0.891733	0.707129	0.259774	1.341308	0.250000	-0.926324	-0.033353
0.901477	0.707129	0.259774	1.341308	0.250000	-0.926324	-0.033353
0.911139	0.707129	0.259774	1.341308	0.250000	-0.926324	-0.033353
0.920921	0.707129	0.259774	1.341308	0.250000	-0.926324	-0.033353
0.930817	0.707129	0.259774	1.341308	0.250000	-0.926324	-0.033353
0.941377	0.713563	0.276841	1.290426	0.250000	-0.930583	-0.036133
0.951183	0.713563	0.276841	1.290426	0.250000	-0.930583	-0.036133
0.960854	0.713563	0.276841	1.290426	0.250000	-0.930583	-0.036133
0.971637	0.713563	0.276841	1.290426	0.250000	-0.930583	-0.036133
0.981603	0.713563	0.276841	1.290426	0.250000	-0.930583	-0.036133
0.991227	0.713563	0.276841	1.290426	0.250000	-0.930583	-0.036133
1.001526	0.713563	0.276841	1.290426	0.250000	-0.930583	-0.036133
1.010834	0.713563	0.276841	1.290426	0.250000	-0.930583	-0.036133
1.020838	0.713563	0.276841	1.290426	0.250000	-0.930583	-0.036133
1.031173	0.713563	0.276841	1.290426	0.250000	-0.930583	-0.036133
1.040975	0.720742	0.298053	1.222134	0.250000	-0.892758	-0.037980
1.051732	0.720742	0.298053	1.222134	0.250000	-0.892758	-0.037980
1.061438	0.720742	0.298053	1.222134	0.250000	-0.892758	-0.037980
1.070832	0.720742	0.298053	1.222134	0.250000	-0.892758	-0.037980
1.081011	0.720742	0.298053	1.222134	0.250000	-0.892758	-0.037980
1.091512	0.720742	0.298053	1.222134	0.250000	-0.892758	-0.037980
1.101039	0.728681	0.323918	1.166794	0.250000	-0.897725	-0.044614
1.110823	0.728681	0.323918	1.166794	0.250000	-0.897725	-0.044614
1.120986	0.728681	0.323918	1.166794	0.250000	-0.897725	-0.044614
1.130798	0.728681	0.323918	1.166794	0.250000	-0.897725	-0.044614
1.142713	0.728681	0.323918	1.166794	0.250000	-0.897725	-0.044614
1.150818	0.728681	0.323918	1.166794	0.250000	-0.897725	-0.044614
1.160795	0.728681	0.323918	1.166794	0.250000	-0.897725	-0.044614
1.170750	0.735133	0.339188	1.117438	0.250000	-0.852614	-0.047039
1.181554	0.735133	0.339188	1.117438	0.250000	-0.852614	-0.047039
1.191293	0.735133	0.339188	1.117438	0.250000	-0.852614	-0.047039
1.201253	0.735133	0.339188	1.117438	0.250000	-0.852614	-0.047039
1.210828	0.740065	0.350478	1.089383	0.250000	-0.817316	-0.048225
1.221521	0.740065	0.350478	1.089383	0.250000	-0.817316	-0.048225
1.231333	0.740065	0.350478	1.089383	0.250000	-0.817316	-0.048225
1.241059	0.740065	0.350478	1.089383	0.250000	-0.817316	-0.048225
1.250825	0.740065	0.350478	1.089383	0.250000	-0.817316	-0.048225
1.261519	0.740065	0.350478	1.089383	0.250000	-0.817316	-0.048225
1.271297	0.740065	0.350478	1.089383	0.250000	-0.817316	-0.048225
1.281070	0.740065	0.350478	1.089383	0.250000	-0.817316	-0.048225
1.290791	0.740065	0.350478	1.089383	0.250000	-0.817316	-0.048225
1.301519	0.740065	0.350478	1.089383	0.250000	-0.817316	-0.048225
1.310844	0.740065	0.350478	1.089383	0.250000	-0.817316	-0.048225
1.321028	0.746134	0.361507	1.049635	0.250000	-0.738065	-0.046502
1.330801	0.746134	0.361507	1.049635	0.250000	-0.738065	-0.046502
1.341634	0.746134	0.361507	1.049635	0.250000	-0.738065	-0.046502
1.351280	0.746134	0.361507	1.049635	0.250000	-0.738065	-0.046502
1.361282	0.746134	0.361507	1.049635	0.250000	-0.738065	-0.046502
1.370854	0.746134	0.361507	1.049635	0.250000	-0.738065	-0.046502
1.381625	0.746134	0.361507	1.049635	0.250000	-0.738065	-0.046502
1.391326	0.746134	0.361507	1.049635	0.250000	-0.738065	-0.046502
1.400827	0.746134	0.361507	1.049635	0.250000	-0.738065	-0.046502
1.410901	0.746134	0.361507	1.049635	0.250000	-0.738065	-0.046502
1.420833	0.746134	0.361507	1.049635	0.250000	-0.738065	-0.046502
1.430841	0.756342	0.376130	1.000278	0.250000	-0.589282	-0.043167
1.440857	0.756342	0.376130	1.000278	0.250000	-0.589282	-0.043167
1.450837	0.756342	0.376130	1.000278	0.250000	-0.589282	-0.043167
1.462061	0.756342	0.376130	1.000278	0.250000	-0.589282	-0.043167
1.471323	0.756342	0.376130	1.000278	0.250000	-0.589282	-0.043167
1.481146	0.756342	0.376130	1.000278	0.250000	-0.589282	-0.043167
1.490878	0.767795	0.394496	0.943646	0.250000	-0.349000	-0.037048
1.501303	0.767795	0.394496	0.943646	0.250000	-0.349000	-0.037048
1.511833	0.767795	0.394496	0.943646	0.250000	-0.349000	-0.037048
1.520971	0.767795	0.394496	0.943646	0.250000	-0.349000	-0.037048
1.530946	0.767795	0.394496	0.943646	0.250000	-0.349000	-0.037048
1.540772	0.778722	0.406500	0.894366	0.250000	-0.017756	-0.025154
1.550812	0.778722	0.406500	0.894366	0.250000	-0.017756	-0.025154
1.560830	0.778722	0.406500	0.894366	0.250000	-0.017756	-0.025154
1.570864	0.778722	0.406500	0.894366	0.250000	-0.017756	-0.025154
1.580808	0.778722	0.406500	0.894366	0.250000	-0.017756	-0.025154
1.590915	0.786030	0.415079	0.859616	0.250000	0.212014	-0.016676
1.601275	0.786030	0.415079	0.859616	0.250000	0.212014	-0.016676
1.612705	0.786030	0.415079	0.859616	0.250000	0.212014	-0.016676
1.620854	0.786030	0.415079	0.859616	0.250000	0.212014	-0.016676
1.630891	0.786030	0.415079	0.859616	0.250000	0.212014	-0.016676
1.640792	0.786030	0.415079	0.859616	0.250000	0.212014	-0.016676
1.650872	0.786030	0.415079	0.859616	0.250000	0.212014	-0.016676
1.661662	0.786030	0.415079	0.859616	0.250000	0.212014	-0.016676
1.670797	0.786030	0.415079	0.859616	0.250000	0.212014	-0.016676
1.680822	0.786030	0.415079	0.859616	0.250000	0.212014	-0.016676
1.690956	0.786030	0.415079	0.859616	0.250000	0.212014	-0.016676
1.702468	0.797258	0.422828	0.815504	0.250000	0.520517	-0.002773
1.710789	0.797258	0.422828	0.815504	0.250000	0.520517	-0.002773
1.721213	0.797258	0.422828	0.815504	0.250000	0.520517	-0.002773
1.730964	0.797258	0.422828	0.815504	0.250000	0.520517	-0.002773
1.740779	0.797258	0.422828	0.815504	0.250000	0.520517	-0.002773
1.750777	0.797258	0.422828	0.815504	0.250000	0.520517	-0.002773
1.760832	0.810934	0.436224	0.758780	0.250000	0.819021	0.010633
1.771051	0.810934	0.436224	0.758780	0.250000	0.819021	0.010633
1.780830	0.810934	0.436224	0.758780	0.250000	0.819021	0.010633
1.791556	0.810934	0.436224	0.758780	0.250000	0.819021	0.010633
1.801228	0.810934	0.436224	0.758780	0.250000	0.819021	0.010633
1.811158	0.810934	0.436224	0.758780	0.250000	0.819021	0.010633
1.820758	0.810934	0.436224	0.758780	0.250000	0.819021	0.010633
1.831504	0.824297	0.449210	0.721135	0.250000	1.037938	0.021065
1.841232	0.824297	0.449210	0.721135	0.250000	1.037938	0.021065
1.851063	0.824297	0.449210	0.721135	0.250000	1.037938	0.021065
1.860879	0.824297	0.449210	0.721135	0.250000	1.037938	0.021065
1.871542	0.833820	0.458352	0.709916	0.250000	1.134970	0.026251
1.880766	0.833820	0.458352	0.709916	0.250000	1.134970	0.026251
1.890898	0.833820	0.458352	0.709916	0.250000	1.134970	0.026251
1.900803	0.833820	0.458352	0.709916	0.250000	1.134970	0.026251
1.910835	0.833820	0.458352	0.709916	0.250000	1.134970	0.026251
1.920805	0.833820	0.458352	0.709916	0.250000	1.134970	0.026251
1.931170	0.833820	0.458352	0.709916	0.250000	1.134970	0.026251
1.942021	0.833820	0.458352	0.709916	0.250000	1.134970	0.026251
1.950818	0.833820	0.458352	0.709916	0.250000	1.134970	0.026251
1.960823	0.833820	0.458352	0.709916	0.250000	1.134970	0.026251
1.970828	0.845053	0.470853	0.746096	0.250000	1.191924	0.032357
1.982113	0.845053	0.470853	0.746096	0.250000	1.191924	0.032357
1.991738	0.845053	0.470853	0.746096	0.250000	1.191924	0.032357
2.001488	0.845053	0.470853	0.746096	0.250000	1.191924	0.032357
2.010864	0.845053	0.470853	0.746096	0.250000	1.191924	0.032357
2.020933	0.845053	0.470853	0.746096	0.250000	1.191924	0.032357
2.030710	0.845053	0.470853	0.746096	0.250000	1.191924	0.032357
2.041451	0.858545	0.487261	0.803168	0.250000	1.152979	0.042085
2.051178	0.858545	0.487261	0.803168	0.250000	1.152979	0.042085
2.060880	0.858545	0.487261	0.803168	0.250000	1.152979	0.042085
2.070863	0.858545	0.487261	0.803168	0.250000	1.152979	0.042085
2.081459	0.858545	0.487261	0.803168	0.250000	1.152979	0.042085
2.091518	0.871072	0.504088	0.864055	0.250000	0.952797	0.052001
2.104989	0.871072	0.504088	0.864055	0.250000	0.952797	0.052001
2.110975	0.871072	0.504088	0.864055	0.250000	0.952797	0.052001
2.120857	0.871072	0.504088	0.864055	0.250000	0.952797	0.052001
2.130874	0.871072	0.504088	0.864055	0.250000	0.952797	0.052001
2.141021	0.871072	0.504088	0.864055	0.250000	0.952797	0.052001
2.151745	0.871072	0.504088	0.864055	0.250000	0.952797	0.052001
2.160842	0.871072	0.504088	0.864055	0.250000	0.952797	0.052001
2.171301	0.871072	0.504088	0.864055	0.250000	0.952797	0.052001
2.181030	0.871072	0.504088	0.864055	0.250000	0.952797	0.052001
2.191743	0.871072	0.504088	0.864055	0.250000	0.952797	0.052001
2.201040	0.871072	0.504088	0.864055	0.250000	0.952797	0.052001
2.210893	0.880325	0.511438	0.916167	0.250000	0.862809	0.053151
2.221061	0.880325	0.511438	0.916167	0.250000	0.862809	0.053151
2.230789	0.880325	0.511438	0.916167	0.250000	0.862809	0.053151
2.240903	0.880325	0.511438	0.916167	0.250000	0.862809	0.053151
2.250845	0.880325	0.511438	0.916167	0.250000	0.862809	0.053151
2.260891	0.880325	0.511438	0.916167	0.250000	0.862809	0.053151
2.270764	0.888154	0.518617	0.962819	0.250000	0.787763	0.053128
2.280790	0.888154	0.518617	0.962819	0.250000	0.787763	0.053128
2.290823	0.888154	0.518617	0.962819	0.250000	0.787763	0.053128
2.300999	0.888154	0.518617	0.962819	0.250000	0.787763	0.053128
2.310849	0.888154	0.518617	0.962819	0.250000	0.787763	0.053128
2.320776	0.896095	0.528248	1.007392	0.250000	0.718978	0.051488
2.331233	0.896095	0.528248	1.007392	0.250000	0.718978	0.051488
2.341172	0.896095	0.528248	1.007392	0.250000	0.718978	0.051488
2.350937	0.896095	0.528248	1.007392	0.250000	0.718978	0.051488
2.361576	0.896095	0.528248	1.007392	0.250000	0.718978	0.051488
2.371290	0.896095	0.528248	1.007392	0.250000	0.718978	0.051488
2.381092	0.896095	0.528248	1.007392	0.250000	0.718978	0.051488
2.390823	0.896095	0.528248	1.007392	0.250000	0.718978	0.051488
2.402468	0.896095	0.528248	1.007392	0.250000	0.718978	0.051488
2.411308	0.896095	0.528248	1.007392	0.250000	0.718978	0.051488
2.421178	0.896095	0.528248	1.007392	0.250000	0.718978	0.051488
2.430902	0.905009	0.546183	1.066413	0.250000	0.612552	0.044897
2.441618	0.905009	0.546183	1.066413	0.250000	0.612552	0.044897
2.451308	0.905009	0.546183	1.066413	0.250000	0.612552	0.044897
2.461087	0.905009	0.546183	1.066413	0.250000	0.612552	0.044897
2.470860	0.905009	0.546183	1.066413	0.250000	0.612552	0.044897
2.481627	0.905009	0.546183	1.066413	0.250000	0.612552	0.044897
2.491355	0.911035	0.559802	1.126083	0.250000	0.512587	0.037676
2.501015	0.911035	0.559802	1.126083	0.250000	0.512587	0.037676
2.510895	0.911035	0.559802	1.126083	0.250000	0.512587	0.037676
2.520883	0.911035	0.559802	1.126083	0.250000	0.512587	0.037676
2.530868	0.911035	0.559802	1.126083	0.250000	0.512587	0.037676
2.541028	0.917961	0.577368	1.186919	0.250000	0.439034	0.030418
2.550885	0.917961	0.577368	1.186919	0.250000	0.439034	0.030418
2.560854	0.917961	0.577368	1.186919	0.250000	0.439034	0.030418
2.571449	0.917961	0.577368	1.186919	0.250000	0.439034	0.030418
2.581177	0.917961	0.577368	1.186919	0.250000	0.439034	0.030418
2.590836	0.917961	0.577368	1.186919	0.250000	0.439034	0.030418
2.601589	0.920903	0.587133	1.228437	0.250000	0.380684	0.025084
2.611825	0.920903	0.587133	1.228437	0.250000	0.380684	0.025084
2.621569	0.920903	0.587133	1.228437	0.250000	0.380684	0.025084
2.630888	0.920903	0.587133	1.228437	0.250000	0.380684	0.025084
2.640894	0.920903	0.587133	1.228437	0.250000	0.380684	0.025084
2.650834	0.920903	0.587133	1.228437	0.250000	0.380684	0.025084
2.660910	0.920903	0.587133	1.228437	0.250000	0.380684	0.025084
2.670915	0.920903	0.587133	1.228437	0.250000	0.380684	0.025084
2.681673	0.920903	0.587133	1.228437	0.250000	0.380684	0.025084
2.691473	0.920903	0.587133	1.228437	0.250000	0.380684	0.025084
2.701182	0.920903	0.587133	1.228437	0.250000	0.380684	0.025084
2.710884	0.920903	0.587133	1.228437	0.250000	0.380684	0.025084
2.720827	0.924737	0.606878	1.271269	0.250000	0.342215	0.018879
2.731490	0.924737	0.606878	1.271269	0.250000	0.342215	0.018879
2.741233	0.924737	0.606878	1.271269	0.250000	0.342215	0.018879
2.751015	0.924737	0.606878	1.271269	0.250000	0.342215	0.018879
2.760904	0.924737	0.606878	1.271269	0.250000	0.342215	0.018879
2.771088	0.928036	0.624810	1.321298	0.250000	0.270956	0.012478
2.781256	0.928036	0.624810	1.321298	0.250000	0.270956	0.012478
2.790997	0.928036	0.624810	1.321298	0.250000	0.270956	0.012478
2.800714	0.928036	0.624810	1.321298	0.250000	0.270956	0.012478
2.811470	0.928036	0.624810	1.321298	0.250000	0.270956	0.012478
2.821355	0.928036	0.624810	1.321298	0.250000	0.270956	0.012478
2.831054	0.928036	0.624810	1.321298	0.250000	0.270956	0.012478
2.840796	0.933002	0.644229	1.367120	0.250000	0.239998	0.009312
2.851519	0.933002	0.644229	1.367120	0.250000	0.239998	0.009312
2.861229	0.933002	0.644229	1.367120	0.250000	0.239998	0.009312
2.870823	0.933002	0.644229	1.367120	0.250000	0.239998	0.009312
2.882136	0.933002	0.644229	1.367120	0.250000	0.239998	0.009312
2.890832	0.933002	0.644229	1.367120	0.250000	0.239998	0.009312
2.901352	0.933002	0.644229	1.367120	0.250000	0.239998	0.009312
2.911047	0.933002	0.644229	1.367120	0.250000	0.239998	0.009312
2.920805	0.933002	0.644229	1.367120	0.250000	0.239998	0.009312
2.931508	0.933002	0.644229	1.367120	0.250000	0.239998	0.009312
2.941257	0.935975	0.661227	1.412504	0.250000	0.178030	0.005083
2.951120	0.935975	0.661227	1.412504	0.250000	0.178030	0.005083
2.960881	0.935975	0.661227	1.412504	0.250000	0.178030	0.005083
2.971503	0.935975	0.661227	1.412504	0.250000	0.178030	0.005083
2.981406	0.935975	0.661227	1.412504	0.250000	0.178030	0.005083
2.991077	0.935975	0.661227	1.412504	0.250000	0.178030	0.005083
3.000844	0.935975	0.661227	1.412504	0.250000	0.178030	0.005083
3.011576	0.935975	0.661227	1.412504	0.250000	0.178030	0.005083
3.021338	0.935975	0.661227	1.412504	0.250000	0.178030	0.005083
3.030852	0.935975	0.661227	1.412504	0.250000	0.178030	0.005083
3.041873	0.935975	0.661227	1.412504	0.250000	0.178030	0.005083
3.050828	0.939505	0.681575	1.464233	0.250000	0.106180	0.001003
3.061356	0.939505	0.681575	1.464233	0.250000	0.106180	0.001003
3.071082	0.939505	0.681575	1.464233	0.250000	0.106180	0.001003
3.081075	0.939505	0.681575	1.464233	0.250000	0.106180	0.001003
3.090871	0.939505	0.681575	1.464233	0.250000	0.106180	0.001003
3.101430	0.939505	0.681575	1.464233	0.250000	0.106180	0.001003
3.111106	0.938546	0.702915	1.581657	0.250000	-0.198437	-0.016124
3.120889	0.938546	0.702915	1.581657	0.250000	-0.198437	-0.016124
3.131616	0.938546	0.702915	1.581657	0.250000	-0.198437	-0.016124
3.142525	0.938546	0.702915	1.581657	0.250000	-0.198437	-0.016124
3.150844	0.938546	0.702915	1.581657	0.250000	-0.198437	-0.016124
3.160953	0.938546	0.702915	1.581657	0.250000	-0.198437	-0.016124
3.171581	0.940238	0.723462	1.623464	0.250000	-0.278212	-0.019984
3.182462	0.940238	0.723462	1.623464	0.250000	-0.278212	-0.019984
3.191204	0.940238	0.723462	1.623464	0.250000	-0.278212	-0.019984
3.200940	0.940238	0.723462	1.623464	0.250000	-0.278212	-0.019984
3.211752	0.940238	0.723462	1.623464	0.250000	-0.278212	-0.019984
3.221416	0.940238	0.723462	1.623464	0.250000	-0.278212	-0.019984
3.231323	0.940238	0.723462	1.623464	0.250000	-0.278212	-0.019984
3.240921	0.940238	0.723462	1.623464	0.250000	-0.278212	-0.019984
3.251658	0.940238	0.723462	1.623464	0.250000	-0.278212	-0.019984
3.261465	0.940238	0.723462	1.623464	0.250000	-0.278212	-0.019984
3.271163	0.940345	0.745498	1.647358	0.250000	-0.323870	-0.022738
3.281133	0.940345	0.745498	1.647358	0.250000	-0.323870	-0.022738
3.291790	0.940345	0.745498	1.647358	0.250000	-0.323870	-0.022738
3.301414	0.940345	0.745498	1.647358	0.250000	-0.323870	-0.022738
3.310787	0.940345	0.745498	1.647358	0.250000	-0.323870	-0.022738
3.320971	0.940345	0.745498	1.647358	0.250000	-0.323870	-0.022738
3.330822	0.940345	0.745498	1.647358	0.250000	-0.323870	-0.022738
3.340807	0.940345	0.745498	1.647358	0.250000	-0.323870	-0.022738
3.350882	0.940345	0.745498	1.647358	0.250000	-0.323870	-0.022738
3.361062	0.940345	0.745498	1.647358	0.250000	-0.323870	-0.022738
3.371619	0.942084	0.766603	1.595434	0.250000	-0.149057	-0.013433
3.381491	0.942084	0.766603	1.595434	0.250000	-0.149057	-0.013433
3.391236	0.942084	0.766603	1.595434	0.250000	-0.149057	-0.013433
3.400965	0.942084	0.766603	1.595434	0.250000	-0.149057	-0.013433
3.410823	0.942084	0.766603	1.595434	0.250000	-0.149057	-0.013433
3.420943	0.942084	0.766603	1.595434	0.250000	-0.149057	-0.013433
3.431009	0.942084	0.766603	1.595434	0.250000	-0.149057	-0.013433
3.441004	0.942582	0.787438	1.586691	0.250000	-0.090532	-0.010789
3.450748	0.942582	0.787438	1.586691	0.250000	-0.090532	-0.010789
3.461438	0.942582	0.787438	1.586691	0.250000	-0.090532	-0.010789
3.470824	0.942582	0.787438	1.586691	0.250000	-0.090532	-0.010789
3.480942	0.942582	0.787438	1.586691	0.250000	-0.090532	-0.010789
3.490787	0.942582	0.787438	1.586691	0.250000	-0.090532	-0.010789
3.501059	0.942582	0.787438	1.586691	0.250000	-0.090532	-0.010789
3.511290	0.942582	0.787438	1.586691	0.250000	-0.090532	-0.010789
3.521124	0.942582	0.787438	1.586691	0.250000	-0.090532	-0.010789
3.530826	0.942582	0.787438	1.586691	0.250000	-0.090532	-0.010789
3.540835	0.940155	0.801539	1.558142	0.250000	-0.018542	-0.008375
3.550829	0.940155	0.801539	1.558142	0.250000	-0.018542	-0.008375
3.561206	0.940155	0.801539	1.558142	0.250000	-0.018542	-0.008375
3.570825	0.940155	0.801539	1.558142	0.250000	-0.018542	-0.008375
3.581591	0.940155	0.801539	1.558142	0.250000	-0.018542	-0.008375
3.591330	0.940155	0.801539	1.558142	0.250000	-0.018542	-0.008375
3.601068	0.939537	0.820952	1.528180	0.250000	0.090972	-0.003486
3.610854	0.939537	0.820952	1.528180	0.250000	0.090972	-0.003486
3.622043	0.939537	0.820952	1.528180	0.250000	0.090972	-0.003486
3.630885	0.939537	0.820952	1.528180	0.250000	0.090972	-0.003486
3.640893	0.939537	0.820952	1.528180	0.250000	0.090972	-0.003486
3.650867	0.939537	0.820952	1.528180	0.250000	0.090972	-0.003486
3.661571	0.939537	0.820952	1.528180	0.250000	0.090972	-0.003486
3.671301	0.939537	0.820952	1.528180	0.250000	0.090972	-0.003486
3.681134	0.939537	0.820952	1.528180	0.250000	0.090972	-0.003486
3.690834	0.939537	0.820952	1.528180	0.250000	0.090972	-0.003486
3.701048	0.939537	0.820952	1.528180	0.250000	0.090972	-0.003486
3.710866	0.940490	0.844065	1.495532	0.250000	0.243125	0.004042
3.720939	0.940490	0.844065	1.495532	0.250000	0.243125	0.004042
3.730806	0.940490	0.844065	1.495532	0.250000	0.243125	0.004042
3.741046	0.940490	0.844065	1.495532	0.250000	0.243125	0.004042
3.750831	0.940490	0.844065	1.495532	0.250000	0.243125	0.004042
3.761218	0.940490	0.844065	1.495532	0.250000	0.243125	0.004042
3.770989	0.942493	0.867275	1.479867	0.250000	0.373385	0.010882
3.781690	0.942493	0.867275	1.479867	0.250000	0.373385	0.010882
3.791472	0.942493	0.867275	1.479867	0.250000	0.373385	0.010882
3.801176	0.942493	0.867275	1.479867	0.250000	0.373385	0.010882
3.810935	0.942493	0.867275	1.479867	0.250000	0.373385	0.010882
3.821665	0.942493	0.867275	1.479867	0.250000	0.373385	0.010882
3.831370	0.942493	0.867275	1.479867	0.250000	0.373385	0.010882
3.841202	0.944876	0.893134	1.468573	0.250000	0.522629	0.019010
3.850943	0.944876	0.893134	1.468573	0.250000	0.522629	0.019010
3.861837	0.944876	0.893134	1.468573	0.250000	0.522629	0.019010
3.871417	0.944876	0.893134	1.468573	0.250000	0.522629	0.019010
3.881194	0.944876	0.893134	1.468573	0.250000	0.522629	0.019010
3.890877	0.944876	0.893134	1.468573	0.250000	0.522629	0.019010
3.901745	0.944876	0.893134	1.468573	0.250000	0.522629	0.019010
3.911462	0.944876	0.893134	1.468573	0.250000	0.522629	0.019010
3.921193	0.944876	0.893134	1.468573	0.250000	0.522629	0.019010
3.930929	0.944876	0.893134	1.468573	0.250000	0.522629	0.019010
3.940947	0.945812	0.913906	1.465262	0.250000	0.614414	0.023895
3.951474	0.945812	0.913906	1.465262	0.250000	0.614414	0.023895
3.961338	0.945812	0.913906	1.465262	0.250000	0.614414	0.023895
3.971030	0.945812	0.913906	1.465262	0.250000	0.614414	0.023895
3.981740	0.945812	0.913906	1.465262	0.250000	0.614414	0.023895
3.991497	0.945812	0.913906	1.465262	0.250000	0.614414	0.023895
4.001206	0.945812	0.913906	1.465262	0.250000	0.614414	0.023895
4.010868	0.947549	0.936967	1.472698	0.250000	0.702490	0.029866
4.020777	0.947549	0.936967	1.472698	0.250000	0.702490	0.029866
4.031431	0.947549	0.936967	1.472698	0.250000	0.702490	0.029866
4.041196	0.947549	0.936967	1.472698	0.250000	0.702490	0.029866
4.051018	0.947549	0.936967	1.472698	0.250000	0.702490	0.029866
4.060875	0.947441	0.953211	1.497948	0.250000	0.694679	0.030332
4.071728	0.947441	0.953211	1.497948	0.250000	0.694679	0.030332
4.081296	0.947441	0.953211	1.497948	0.250000	0.694679	0.030332
4.090967	0.947441	0.953211	1.497948	0.250000	0.694679	0.030332
4.100735	0.947441	0.953211	1.497948	0.250000	0.694679	0.030332
4.111553	0.947441	0.953211	1.497948	0.250000	0.694679	0.030332
4.121344	0.947441	0.953211	1.497948	0.250000	0.694679	0.030332
4.131033	0.947720	0.964866	1.535699	0.250000	0.660269	0.030051
4.142736	0.947720	0.964866	1.535699	0.250000	0.660269	0.030051
4.151507	0.947720	0.964866	1.535699	0.250000	0.660269	0.030051
4.161402	0.947720	0.964866	1.535699	0.250000	0.660269	0.030051
4.171101	0.947720	0.964866	1.535699	0.250000	0.660269	0.030051
4.180851	0.947720	0.964866	1.535699	0.250000	0.660269	0.030051
4.191563	0.947720	0.964866	1.535699	0.250000	0.660269	0.030051
4.201303	0.947720	0.964866	1.535699	0.250000	0.660269	0.030051
4.210885	0.947720	0.964866	1.535699	0.250000	0.660269	0.030051
4.220865	0.947720	0.964866	1.535699	0.250000	0.660269	0.030051
4.231524	0.947720	0.964866	1.535699	0.250000	0.660269	0.030051
4.241302	0.948833	0.985031	1.589413	0.250000	0.608300	0.030395
4.251581	0.948833	0.985031	1.589413	0.250000	0.608300	0.030395
4.261043	0.948833	0.985031	1.589413	0.250000	0.608300	0.030395
4.271653	0.948833	0.985031	1.589413	0.250000	0.608300	0.030395
4.281381	0.948833	0.985031	1.589413	0.250000	0.608300	0.030395
4.291103	0.948833	0.985031	1.589413	0.250000	0.608300	0.030395
4.300812	0.949383	1.006184	1.636422	0.250000	0.544733	0.029968
4.311621	0.949383	1.006184	1.636422	0.250000	0.544733	0.029968
4.321398	0.949383	1.006184	1.636422	0.250000	0.544733	0.029968
4.330836	0.949383	1.006184	1.636422	0.250000	0.544733	0.029968
4.341000	0.949383	1.006184	1.636422	0.250000	0.544733	0.029968
4.350866	0.949383	1.006184	1.636422	0.250000	0.544733	0.029968
4.360853	0.949383	1.006184	1.636422	0.250000	0.544733	0.029968
4.370854	0.945548	1.025212	1.688602	0.250000	0.407318	0.024611
4.380915	0.945548	1.025212	1.688602	0.250000	0.407318	0.024611
4.390813	0.945548	1.025212	1.688602	0.250000	0.407318	0.024611
4.400770	0.945548	1.025212	1.688602	0.250000	0.407318	0.024611
4.410836	0.945548	1.025212	1.688602	0.250000	0.407318	0.024611
4.421221	0.945548	1.025212	1.688602	0.250000	0.407318	0.024611
4.431724	0.945548	1.025212	1.688602	0.250000	0.407318	0.024611
4.441677	0.945548	1.025212	1.688602	0.250000	0.407318	0.024611
4.451408	0.945548	1.025212	1.688602	0.250000	0.407318	0.024611
4.460963	0.945548	1.025212	1.688602	0.250000	0.407318	0.024611
4.471637	0.942564	1.038224	1.730574	0.250000	0.277277	0.019090
4.481449	0.942564	1.038224	1.730574	0.250000	0.277277	0.019090
4.491203	0.942564	1.038224	1.730574	0.250000	0.277277	0.019090
4.501157	0.942564	1.038224	1.730574	0.250000	0.277277	0.019090
4.511697	0.942564	1.038224	1.730574	0.250000	0.277277	0.019090
4.521459	0.942564	1.038224	1.730574	0.250000	0.277277	0.019090
4.531197	0.942564	1.038224	1.730574	0.250000	0.277277	0.019090
4.542902	0.942564	1.038224	1.730574	0.250000	0.277277	0.019090
4.551694	0.942564	1.038224	1.730574	0.250000	0.277277	0.019090
4.561400	0.942564	1.038224	1.730574	0.250000	0.277277	0.019090
4.571205	0.942564	1.038224	1.730574	0.250000	0.277277	0.019090
4.580957	0.942564	1.038224	1.730574	0.250000	0.277277	0.019090
4.591705	0.935917	1.051054	1.784264	0.250000	0.058482	0.007751
4.601574	0.935917	1.051054	1.784264	0.250000	0.058482	0.007751
4.611355	0.935917	1.051054	1.784264	0.250000	0.058482	0.007751
4.621043	0.935917	1.051054	1.784264	0.250000	0.058482	0.007751
4.631093	0.935917	1.051054	1.784264	0.250000	0.058482	0.007751
4.641525	0.935917	1.051054	1.784264	0.250000	0.058482	0.007751
4.651283	0.935917	1.051054	1.784264	0.250000	0.058482	0.007751
4.661041	0.935917	1.051054	1.784264	0.250000	0.058482	0.007751
4.670753	0.935917	1.051054	1.784264	0.250000	0.058482	0.007751
4.680845	0.935917	1.051054	1.784264	0.250000	0.058482	0.007751
4.690833	0.935917	1.051054	1.784264	0.250000	0.058482	0.007751
4.701016	0.931752	1.077807	1.948672	0.250000	-0.423818	-0.013747
4.710840	0.931752	1.077807	1.948672	0.250000	-0.423818	-0.013747
4.721621	0.931752	1.077807	1.948672	0.250000	-0.423818	-0.013747
4.731330	0.931752	1.077807	1.948672	0.250000	-0.423818	-0.013747
4.741075	0.931752	1.077807	1.948672	0.250000	-0.423818	-0.013747
4.750792	0.931752	1.077807	1.948672	0.250000	-0.423818	-0.013747
4.761473	0.931752	1.077807	1.948672	0.250000	-0.423818	-0.013747
4.771292	0.931752	1.077807	1.948672	0.250000	-0.423818	-0.013747
4.781070	0.931752	1.077807	1.948672	0.250000	-0.423818	-0.013747
4.790815	0.931752	1.077807	1.948672	0.250000	-0.423818	-0.013747
4.801528	0.923211	1.106416	2.111804	0.250000	-0.905193	-0.037063
4.811307	0.923211	1.106416	2.111804	0.250000	-0.905193	-0.037063
4.821166	0.923211	1.106416	2.111804	0.250000	-0.905193	-0.037063
4.830857	0.923211	1.106416	2.111804	0.250000	-0.905193	-0.037063
4.841582	0.923211	1.106416	2.111804	0.250000	-0.905193	-0.037063
4.851317	0.923211	1.106416	2.111804	0.250000	-0.905193	-0.037063
4.861019	0.923211	1.106416	2.111804	0.250000	-0.905193	-0.037063
4.870868	0.923211	1.106416	2.111804	0.250000	-0.905193	-0.037063
4.880868	0.923211	1.106416	2.111804	0.250000	-0.905193	-0.037063
4.890808	0.923211	1.106416	2.111804	0.250000	-0.905193	-0.037063
4.901104	0.923211	1.106416	2.111804	0.250000	-0.905193	-0.037063
4.910852	0.923211	1.106416	2.111804	0.250000	-0.905193	-0.037063
4.920745	0.914476	1.140429	2.150446	0.250000	-1.093261	-0.045622
4.930815	0.914476	1.140429	2.150446	0.250000	-1.093261	-0.045622
4.942298	0.914476	1.140429	2.150446	0.250000	-1.093261	-0.045622
4.950852	0.914476	1.140429	2.150446	0.250000	-1.093261	-0.045622
4.961684	0.914476	1.140429	2.150446	0.250000	-1.093261	-0.045622
4.971431	0.914476	1.140429	2.150446	0.250000	-1.093261	-0.045622
4.981156	0.914476	1.140429	2.150446	0.250000	-1.093261	-0.045622
4.990839	0.914476	1.140429	2.150446	0.250000	-1.093261	-0.045622
5.000766	0.914476	1.140429	2.150446	0.250000	-1.093261	-0.045622
5.010804	0.914476	1.140429	2.150446	0.250000	-1.093261	-0.045622
5.020906	0.901028	1.165711	2.165400	0.250000	-1.243439	-0.056918
5.031322	0.901028	1.165711	2.165400	0.250000	-1.243439	-0.056918
5.042404	0.901028	1.165711	2.165400	0.250000	-1.243439	-0.056918
5.050810	0.901028	1.165711	2.165400	0.250000	-1.243439	-0.056918
5.061201	0.901028	1.165711	2.165400	0.250000	-1.243439	-0.056918
5.070729	0.901028	1.165711	2.165400	0.250000	-1.243439	-0.056918
5.080833	0.891643	1.190563	2.042102	0.250000	-1.148769	-0.056588
5.091396	0.891643	1.190563	2.042102	0.250000	-1.148769	-0.056588
5.101120	0.891643	1.190563	2.042102	0.250000	-1.148769	-0.056588
5.110934	0.891643	1.190563	2.042102	0.250000	-1.148769	-0.056588
5.121804	0.891643	1.190563	2.042102	0.250000	-1.148769	-0.056588
5.131764	0.891643	1.190563	2.042102	0.250000	-1.148769	-0.056588
5.142574	0.885791	1.201866	2.001440	0.250000	-1.145228	-0.060197
5.150935	0.885791	1.201866	2.001440	0.250000	-1.145228	-0.060197
5.160883	0.885791	1.201866	2.001440	0.250000	-1.145228	-0.060197
5.171485	0.885791	1.201866	2.001440	0.250000	-1.145228	-0.060197
5.181242	0.885791	1.201866	2.001440	0.250000	-1.145228	-0.060197
5.191003	0.885791	1.201866	2.001440	0.250000	-1.145228	-0.060197
5.201738	0.885791	1.201866	2.001440	0.250000	-1.145228	-0.060197
5.211477	0.885791	1.201866	2.001440	0.250000	-1.145228	-0.060197
5.221269	0.885791	1.201866	2.001440	0.250000	-1.145228	-0.060197
5.231063	0.885791	1.201866	2.001440	0.250000	-1.145228	-0.060197
5.240780	0.885791	1.201866	2.001440	0.250000	-1.145228	-0.060197
5.251502	0.881747	1.211814	1.839874	0.250000	-0.905887	-0.050496
5.261216	0.881747	1.211814	1.839874	0.250000	-0.905887	-0.050496
5.270992	0.881747	1.211814	1.839874	0.250000	-0.905887	-0.050496
5.280785	0.881747	1.211814	1.839874	0.250000	-0.905887	-0.050496
5.291444	0.873812	1.216594	1.922401	0.250000	-1.112186	-0.065826
5.301242	0.873812	1.216594	1.922401	0.250000	-1.112186	-0.065826
5.310879	0.873812	1.216594	1.922401	0.250000	-1.112186	-0.065826
5.320902	0.873812	1.216594	1.922401	0.250000	-1.112186	-0.065826
5.330865	0.873812	1.216594	1.922401	0.250000	-1.112186	-0.065826
5.342384	0.873812	1.216594	1.922401	0.250000	-1.112186	-0.065826
5.350863	0.873812	1.216594	1.922401	0.250000	-1.112186	-0.065826
5.360857	0.873812	1.216594	1.922401	0.250000	-1.112186	-0.065826
5.370825	0.873812	1.216594	1.922401	0.250000	-1.112186	-0.065826
5.381375	0.873812	1.216594	1.922401	0.250000	-1.112186	-0.065826
5.391171	0.873812	1.216594	1.922401	0.250000	-1.112186	-0.065826
5.400964	0.867794	1.232950	1.881356	0.250000	-1.091031	-0.069238
5.411585	0.867794	1.232950	1.881356	0.250000	-1.091031	-0.069238
5.421336	0.867794	1.232950	1.881356	0.250000	-1.091031	-0.069238
5.431057	0.867794	1.232950	1.881356	0.250000	-1.091031	-0.069238
5.440787	0.867794	1.232950	1.881356	0.250000	-1.091031	-0.069238
5.451609	0.867794	1.232950	1.881356	0.250000	-1.091031	-0.069238
5.460920	0.867794	1.232950	1.881356	0.250000	-1.091031	-0.069238
5.471179	0.867794	1.232950	1.881356	0.250000	-1.091031	-0.069238
5.480898	0.867794	1.232950	1.881356	0.250000	-1.091031	-0.069238
5.491387	0.867794	1.232950	1.881356	0.250000	-1.091031	-0.069238
5.501490	0.867794	1.232950	1.881356	0.250000	-1.091031	-0.069238
5.512291	0.867794	1.232950	1.881356	0.250000	-1.091031	-0.069238
5.520884	0.867794	1.232950	1.881356	0.250000	-1.091031	-0.069238
5.530803	0.866115	1.255311	1.842393	0.250000	-1.032610	-0.069310
5.540935	0.866115	1.255311	1.842393	0.250000	-1.032610	-0.069310
5.550851	0.866115	1.255311	1.842393	0.250000	-1.032610	-0.069310
5.560977	0.866115	1.255311	1.842393	0.250000	-1.032610	-0.069310
5.571112	0.866115	1.255311	1.842393	0.250000	-1.032610	-0.069310
5.581115	0.866115	1.255311	1.842393	0.250000	-1.032610	-0.069310
5.590949	0.865141	1.274099	1.654915	0.250000	-0.653266	-0.050382
5.601075	0.865141	1.274099	1.654915	0.250000	-0.653266	-0.050382
5.612338	0.865141	1.274099	1.654915	0.250000	-0.653266	-0.050382
5.621524	0.865141	1.274099	1.654915	0.250000	-0.653266	-0.050382
5.631279	0.865141	1.274099	1.654915	0.250000	-0.653266	-0.050382
5.642049	0.865141	1.274099	1.654915	0.250000	-0.653266	-0.050382
5.651051	0.865141	1.274099	1.654915	0.250000	-0.653266	-0.050382
5.661354	0.865141	1.274099	1.654915	0.250000	-0.653266	-0.050382
5.671224	0.862528	1.282625	1.591702	0.250000	-0.523983	-0.044596
5.680922	0.862528	1.282625	1.591702	0.250000	-0.523983	-0.044596
5.691354	0.862528	1.282625	1.591702	0.250000	-0.523983	-0.044596
5.701399	0.862528	1.282625	1.591702	0.250000	-0.523983	-0.044596
5.711044	0.862528	1.282625	1.591702	0.250000	-0.523983	-0.044596
5.720978	0.862528	1.282625	1.591702	0.250000	-0.523983	-0.044596
5.730828	0.862528	1.282625	1.591702	0.250000	-0.523983	-0.044596
5.740951	0.862528	1.282625	1.591702	0.250000	-0.523983	-0.044596
5.750930	0.862528	1.282625	1.591702	0.250000	-0.523983	-0.044596
5.761082	0.862528	1.282625	1.591702	0.250000	-0.523983	-0.044596
5.771351	0.862528	1.282625	1.591702	0.250000	-0.523983	-0.044596
5.781465	0.862528	1.282625	1.591702	0.250000	-0.523983	-0.044596
5.791220	0.862528	1.282625	1.591702	0.250000	-0.523983	-0.044596
5.801121	0.859725	1.306236	1.533506	0.250000	-0.354612	-0.039027
5.812928	0.859725	1.306236	1.533506	0.250000	-0.354612	-0.039027
5.821495	0.859725	1.306236	1.533506	0.250000	-0.354612	-0.039027
5.831223	0.859725	1.306236	1.533506	0.250000	-0.354612	-0.039027
5.840943	0.859725	1.306236	1.533506	0.250000	-0.354612	-0.039027
5.850828	0.859725	1.306236	1.533506	0.250000	-0.354612	-0.039027
5.861533	0.859725	1.306236	1.533506	0.250000	-0.354612	-0.039027
5.871232	0.859725	1.306236	1.533506	0.250000	-0.354612	-0.039027
5.881029	0.859725	1.306236	1.533506	0.250000	-0.354612	-0.039027
5.890743	0.859725	1.306236	1.533506	0.250000	-0.354612	-0.039027
5.901486	0.859725	1.306236	1.533506	0.250000	-0.354612	-0.039027
5.910845	0.861500	1.337010	1.483267	0.250000	-0.084384	-0.027097
5.921187	0.861500	1.337010	1.483267	0.250000	-0.084384	-0.027097
5.931824	0.861500	1.337010	1.483267	0.250000	-0.084384	-0.027097
5.941535	0.861500	1.337010	1.483267	0.250000	-0.084384	-0.027097
5.951285	0.861500	1.337010	1.483267	0.250000	-0.084384	-0.027097
5.960989	0.861500	1.337010	1.483267	0.250000	-0.084384	-0.027097
5.970790	0.863802	1.370481	1.442589	0.250000	0.150385	-0.016631
