t	x(t)	y(t)	theta(t)	v(t)	gamma(t)	efa
0.003954	0.693871	0.155017	1.586259	0.250000	-0.624906	-0.017831
0.004328	0.693871	0.155017	1.586259	0.250000	-0.624906	-0.017831
0.014608	0.693871	0.155017	1.586259	0.250000	-0.624906	-0.017831
0.024576	0.693871	0.155017	1.586259	0.250000	-0.624906	-0.017831
0.034428	0.693871	0.155017	1.586259	0.250000	-0.624906	-0.017831
0.044930	0.693871	0.155017	1.586259	0.250000	-0.624906	-0.017831
0.054635	0.694010	0.158755	1.589014	0.250000	-0.629427	-0.017985
0.064594	0.694010	0.158755	1.589014	0.250000	-0.629427	-0.017985
0.074419	0.694010	0.158755	1.589014	0.250000	-0.629427	-0.017985
0.084954	0.694010	0.158755	1.589014	0.250000	-0.629427	-0.017985
0.094704	0.694010	0.158755	1.589014	0.250000	-0.629427	-0.017985
0.104483	0.694010	0.158755	1.589014	0.250000	-0.629427	-0.017985
0.115168	0.693871	0.155017	1.586259	0.250000	-0.624906	-0.017831
0.125084	0.693871	0.155017	1.586259	0.250000	-0.624906	-0.017831
0.134498	0.693871	0.155017	1.586259	0.250000	-0.624906	-0.017831
0.144437	0.693871	0.155017	1.586259	0.250000	-0.624906	-0.017831
0.154342	0.693871	0.155017	1.586259	0.250000	-0.624906	-0.017831
0.164972	0.693871	0.155017	1.586259	0.250000	-0.624906	-0.017831
0.176682	0.693871	0.155017	1.586259	0.250000	-0.624906	-0.017831
0.184526	0.693871	0.155017	1.586259	0.250000	-0.624906	-0.017831
0.195244	0.693871	0.155017	1.586259	0.250000	-0.624906	-0.017831
0.205007	0.693871	0.155017	1.586259	0.250000	-0.624906	-0.017831
0.214711	0.693871	0.155017	1.586259	0.250000	-0.624906	-0.017831
0.224553	0.694171	0.157093	1.584224	0.250000	-0.616043	-0.017237
0.234418	0.694171	0.157093	1.584224	0.250000	-0.616043	-0.017237
0.244426	0.694171	0.157093	1.584224	0.250000	-0.616043	-0.017237
0.254439	0.694171	0.157093	1.584224	0.250000	-0.616043	-0.017237
0.264509	0.694171	0.157093	1.584224	0.250000	-0.616043	-0.017237
0.274442	0.694171	0.157093	1.584224	0.250000	-0.616043	-0.017237
0.284455	0.693847	0.159257	1.569366	0.250000	-0.614670	-0.016926
0.294410	0.693847	0.159257	1.569366	0.250000	-0.614670	-0.016926
0.304519	0.693847	0.159257	1.569366	0.250000	-0.614670	-0.016926
0.315252	0.693847	0.159257	1.569366	0.250000	-0.614670	-0.016926
0.324997	0.694449	0.166198	1.551852	0.250000	-0.629602	-0.016807
0.334876	0.694449	0.166198	1.551852	0.250000	-0.629602	-0.016807
0.344594	0.694449	0.166198	1.551852	0.250000	-0.629602	-0.016807
0.355229	0.694449	0.166198	1.551852	0.250000	-0.629602	-0.016807
0.364371	0.694449	0.166198	1.551852	0.250000	-0.629602	-0.016807
0.374815	0.694449	0.166198	1.551852	0.250000	-0.629602	-0.016807
0.384504	0.694449	0.166198	1.551852	0.250000	-0.629602	-0.016807
0.395916	0.695642	0.178547	1.525655	0.250000	-0.688292	-0.018454
0.405607	0.695642	0.178547	1.525655	0.250000	-0.688292	-0.018454
0.414831	0.695642	0.178547	1.525655	0.250000	-0.688292	-0.018454
0.424539	0.695642	0.178547	1.525655	0.250000	-0.688292	-0.018454
0.434457	0.695642	0.178547	1.525655	0.250000	-0.688292	-0.018454
0.445144	0.695642	0.178547	1.525655	0.250000	-0.688292	-0.018454
0.454836	0.695642	0.178547	1.525655	0.250000	-0.688292	-0.018454
0.464616	0.695642	0.178547	1.525655	0.250000	-0.688292	-0.018454
0.475348	0.695642	0.178547	1.525655	0.250000	-0.688292	-0.018454
0.485071	0.695642	0.178547	1.525655	0.250000	-0.688292	-0.018454
0.494837	0.695642	0.178547	1.525655	0.250000	-0.688292	-0.018454
0.504579	0.696811	0.191609	1.495343	0.250000	-0.711604	-0.018972
0.514384	0.696811	0.191609	1.495343	0.250000	-0.711604	-0.018972
0.524818	0.696811	0.191609	1.495343	0.250000	-0.711604	-0.018972
0.534402	0.696811	0.191609	1.495343	0.250000	-0.711604	-0.018972
0.544631	0.696811	0.191609	1.495343	0.250000	-0.711604	-0.018972
0.554425	0.697722	0.208745	1.465761	0.250000	-0.786304	-0.022821
0.565155	0.697722	0.208745	1.465761	0.250000	-0.786304	-0.022821
0.574474	0.697722	0.208745	1.465761	0.250000	-0.786304	-0.022821
0.584673	0.697722	0.208745	1.465761	0.250000	-0.786304	-0.022821
0.594429	0.697722	0.208745	1.465761	0.250000	-0.786304	-0.022821
0.604437	0.697722	0.208745	1.465761	0.250000	-0.786304	-0.022821
0.614917	0.697722	0.208745	1.465761	0.250000	-0.786304	-0.022821
0.624657	0.697722	0.208745	1.465761	0.250000	-0.786304	-0.022821
0.634520	0.697722	0.208745	1.465761	0.250000	-0.786304	-0.022821
0.645168	0.697722	0.208745	1.465761	0.250000	-0.786304	-0.022821
0.654846	0.697722	0.208745	1.465761	0.250000	-0.786304	-0.022821
0.664722	0.699565	0.225599	1.420108	0.250000	-0.858234	-0.027047
0.674457	0.699565	0.225599	1.420108	0.250000	-0.858234	-0.027047
0.684414	0.699565	0.225599	1.420108	0.250000	-0.858234	-0.027047
0.694460	0.699565	0.225599	1.420108	0.250000	-0.858234	-0.027047
0.704721	0.699565	0.225599	1.420108	0.250000	-0.858234	-0.027047
0.714457	0.699565	0.225599	1.420108	0.250000	-0.858234	-0.027047
0.724378	0.699565	0.225599	1.420108	0.250000	-0.858234	-0.027047
0.734401	0.699565	0.225599	1.420108	0.250000	-0.858234	-0.027047
0.744709	0.699565	0.225599	1.420108	0.250000	-0.858234	-0.027047
0.754414	0.699565	0.225599	1.420108	0.250000	-0.858234	-0.027047
0.764421	0.702977	0.244097	1.367377	0.250000	-0.869813	-0.028701
0.774445	0.702977	0.244097	1.367377	0.250000	-0.869813	-0.028701
0.784735	0.702977	0.244097	1.367377	0.250000	-0.869813	-0.028701
0.794513	0.702977	0.244097	1.367377	0.250000	-0.869813	-0.028701
0.805244	0.702977	0.244097	1.367377	0.250000	-0.869813	-0.028701
0.814388	0.707826	0.262980	1.310073	0.250000	-0.886487	-0.031890
0.824726	0.707826	0.262980	1.310073	0.250000	-0.886487	-0.031890
0.834486	0.707826	0.262980	1.310073	0.250000	-0.886487	-0.031890
0.845223	0.707826	0.262980	1.310073	0.250000	-0.886487	-0.031890
0.854954	0.707826	0.262980	1.310073	0.250000	-0.886487	-0.031890
0.864696	0.711243	0.276328	1.271034	0.250000	-0.883887	-0.033859
0.874470	0.711243	0.276328	1.271034	0.250000	-0.883887	-0.033859
0.885230	0.711243	0.276328	1.271034	0.250000	-0.883887	-0.033859
0.895030	0.711243	0.276328	1.271034	0.250000	-0.883887	-0.033859
0.904791	0.711243	0.276328	1.271034	0.250000	-0.883887	-0.033859
0.914537	0.711243	0.276328	1.271034	0.250000	-0.883887	-0.033859
0.925211	0.714597	0.287317	1.241007	0.250000	-0.891858	-0.036552
0.935019	0.714597	0.287317	1.241007	0.250000	-0.891858	-0.036552
0.944826	0.714597	0.287317	1.241007	0.250000	-0.891858	-0.036552
0.954566	0.714597	0.287317	1.241007	0.250000	-0.891858	-0.036552
0.965299	0.714597	0.287317	1.241007	0.250000	-0.891858	-0.036552
0.975049	0.714597	0.287317	1.241007	0.250000	-0.891858	-0.036552
0.984801	0.714597	0.287317	1.241007	0.250000	-0.891858	-0.036552
0.995877	0.714597	0.287317	1.241007	0.250000	-0.891858	-0.036552
1.005317	0.714597	0.287317	1.241007	0.250000	-0.891858	-0.036552
1.015046	0.714597	0.287317	1.241007	0.250000	-0.891858	-0.036552
1.024819	0.718529	0.299304	1.208755	0.250000	-0.888638	-0.038916
1.035629	0.718529	0.299304	1.208755	0.250000	-0.888638	-0.038916
1.045349	0.718529	0.299304	1.208755	0.250000	-0.888638	-0.038916
1.055052	0.718529	0.299304	1.208755	0.250000	-0.888638	-0.038916
1.064806	0.718529	0.299304	1.208755	0.250000	-0.888638	-0.038916
1.074621	0.718529	0.299304	1.208755	0.250000	-0.888638	-0.038916
1.085329	0.718529	0.299304	1.208755	0.250000	-0.888638	-0.038916
1.094326	0.724269	0.313566	1.169959	0.250000	-0.875238	-0.041551
1.105299	0.724269	0.313566	1.169959	0.250000	-0.875238	-0.041551
1.114616	0.724269	0.313566	1.169959	0.250000	-0.875238	-0.041551
1.124401	0.724269	0.313566	1.169959	0.250000	-0.875238	-0.041551
1.135612	0.724269	0.313566	1.169959	0.250000	-0.875238	-0.041551
1.144892	0.724269	0.313566	1.169959	0.250000	-0.875238	-0.041551
1.154625	0.724269	0.313566	1.169959	0.250000	-0.875238	-0.041551
1.165893	0.724269	0.313566	1.169959	0.250000	-0.875238	-0.041551
1.174458	0.724269	0.313566	1.169959	0.250000	-0.875238	-0.041551
1.184928	0.724269	0.313566	1.169959	0.250000	-0.875238	-0.041551
1.194445	0.724269	0.313566	1.169959	0.250000	-0.875238	-0.041551
1.204425	0.724269	0.313566	1.169959	0.250000	-0.875238	-0.041551
1.215134	0.732255	0.330367	1.127300	0.250000	-0.833626	-0.042590
1.224836	0.732255	0.330367	1.127300	0.250000	-0.833626	-0.042590
1.234944	0.732255	0.330367	1.127300	0.250000	-0.833626	-0.042590
1.244410	0.732255	0.330367	1.127300	0.250000	-0.833626	-0.042590
1.255187	0.740321	0.345073	1.081224	0.250000	-0.769973	-0.043258
1.264925	0.740321	0.345073	1.081224	0.250000	-0.769973	-0.043258
1.274684	0.740321	0.345073	1.081224	0.250000	-0.769973	-0.043258
1.284445	0.740321	0.345073	1.081224	0.250000	-0.769973	-0.043258
1.294434	0.740321	0.345073	1.081224	0.250000	-0.769973	-0.043258
1.304944	0.740321	0.345073	1.081224	0.250000	-0.769973	-0.043258
1.314760	0.746701	0.356632	1.041952	0.250000	-0.693929	-0.042596
1.324468	0.746701	0.356632	1.041952	0.250000	-0.693929	-0.042596
1.334426	0.746701	0.356632	1.041952	0.250000	-0.693929	-0.042596
1.344957	0.746701	0.356632	1.041952	0.250000	-0.693929	-0.042596
1.354686	0.746701	0.356632	1.041952	0.250000	-0.693929	-0.042596
1.364463	0.746701	0.356632	1.041952	0.250000	-0.693929	-0.042596
1.375208	0.746701	0.356632	1.041952	0.250000	-0.693929	-0.042596
1.384903	0.746701	0.356632	1.041952	0.250000	-0.693929	-0.042596
1.395207	0.746701	0.356632	1.041952	0.250000	-0.693929	-0.042596
1.404506	0.746701	0.356632	1.041952	0.250000	-0.693929	-0.042596
1.414427	0.756004	0.371104	0.989975	0.250000	-0.551320	-0.038902
1.424457	0.756004	0.371104	0.989975	0.250000	-0.551320	-0.038902
1.434557	0.756004	0.371104	0.989975	0.250000	-0.551320	-0.038902
1.444524	0.756004	0.371104	0.989975	0.250000	-0.551320	-0.038902
1.455215	0.756004	0.371104	0.989975	0.250000	-0.551320	-0.038902
1.464994	0.756004	0.371104	0.989975	0.250000	-0.551320	-0.038902
1.474470	0.756004	0.371104	0.989975	0.250000	-0.551320	-0.038902
1.484547	0.756004	0.371104	0.989975	0.250000	-0.551320	-0.038902
1.494445	0.756004	0.371104	0.989975	0.250000	-0.551320	-0.038902
1.505043	0.756004	0.371104	0.989975	0.250000	-0.551320	-0.038902
1.514720	0.756004	0.371104	0.989975	0.250000	-0.551320	-0.038902
1.524619	0.767079	0.386154	0.928931	0.250000	-0.313592	-0.031031
1.534354	0.767079	0.386154	0.928931	0.250000	-0.313592	-0.031031
1.545091	0.767079	0.386154	0.928931	0.250000	-0.313592	-0.031031
1.554731	0.767079	0.386154	0.928931	0.250000	-0.313592	-0.031031
1.564496	0.767079	0.386154	0.928931	0.250000	-0.313592	-0.031031
1.574425	0.767079	0.386154	0.928931	0.250000	-0.313592	-0.031031
1.584473	0.767079	0.386154	0.928931	0.250000	-0.313592	-0.031031
1.594581	0.767079	0.386154	0.928931	0.250000	-0.313592	-0.031031
1.604583	0.767079	0.386154	0.928931	0.250000	-0.313592	-0.031031
1.614441	0.767079	0.386154	0.928931	0.250000	-0.313592	-0.031031
1.624431	0.782798	0.405887	0.853342	0.250000	0.088777	-0.016697
1.634867	0.782798	0.405887	0.853342	0.250000	0.088777	-0.016697
1.644663	0.782798	0.405887	0.853342	0.250000	0.088777	-0.016697
1.655334	0.782798	0.405887	0.853342	0.250000	0.088777	-0.016697
1.665083	0.782798	0.405887	0.853342	0.250000	0.088777	-0.016697
1.674468	0.782798	0.405887	0.853342	0.250000	0.088777	-0.016697
1.684624	0.782798	0.405887	0.853342	0.250000	0.088777	-0.016697
1.694377	0.782798	0.405887	0.853342	0.250000	0.088777	-0.016697
1.704514	0.782798	0.405887	0.853342	0.250000	0.088777	-0.016697
1.714429	0.782798	0.405887	0.853342	0.250000	0.088777	-0.016697
1.724558	0.782798	0.405887	0.853342	0.250000	0.088777	-0.016697
1.734420	0.782798	0.405887	0.853342	0.250000	0.088777	-0.016697
1.745115	0.797369	0.421005	0.778327	0.250000	0.530867	0.000406
1.754812	0.797369	0.421005	0.778327	0.250000	0.530867	0.000406
1.764675	0.797369	0.421005	0.778327	0.250000	0.530867	0.000406
1.774398	0.797369	0.421005	0.778327	0.250000	0.530867	0.000406
1.785097	0.797369	0.421005	0.778327	0.250000	0.530867	0.000406
1.794440	0.812686	0.436883	0.714880	0.250000	0.886899	0.014806
1.804661	0.812686	0.436883	0.714880	0.250000	0.886899	0.014806
1.814407	0.812686	0.436883	0.714880	0.250000	0.886899	0.014806
1.824739	0.812686	0.436883	0.714880	0.250000	0.886899	0.014806
1.834459	0.812686	0.436883	0.714880	0.250000	0.886899	0.014806
1.844709	0.812686	0.436883	0.714880	0.250000	0.886899	0.014806
1.854529	0.812686	0.436883	0.714880	0.250000	0.886899	0.014806
1.865201	0.812686	0.436883	0.714880	0.250000	0.886899	0.014806
1.874489	0.812686	0.436883	0.714880	0.250000	0.886899	0.014806
1.884637	0.812686	0.436883	0.714880	0.250000	0.886899	0.014806
1.894392	0.829084	0.451577	0.665298	0.250000	1.133576	0.026252
1.905180	0.829084	0.451577	0.665298	0.250000	1.133576	0.026252
1.914420	0.829084	0.451577	0.665298	0.250000	1.133576	0.026252
1.924626	0.829084	0.451577	0.665298	0.250000	1.133576	0.026252
1.934430	0.829084	0.451577	0.665298	0.250000	1.133576	0.026252
1.945228	0.829084	0.451577	0.665298	0.250000	1.133576	0.026252
1.955080	0.829084	0.451577	0.665298	0.250000	1.133576	0.026252
1.964795	0.829084	0.451577	0.665298	0.250000	1.133576	0.026252
1.974474	0.829084	0.451577	0.665298	0.250000	1.133576	0.026252
1.985163	0.829084	0.451577	0.665298	0.250000	1.133576	0.026252
1.995024	0.846873	0.467234	0.656543	0.250000	1.294415	0.035311
2.004738	0.846873	0.467234	0.656543	0.250000	1.294415	0.035311
2.014439	0.846873	0.467234	0.656543	0.250000	1.294415	0.035311
2.024383	0.846873	0.467234	0.656543	0.250000	1.294415	0.035311
2.034490	0.846873	0.467234	0.656543	0.250000	1.294415	0.035311
2.044745	0.846873	0.467234	0.656543	0.250000	1.294415	0.035311
2.054452	0.862564	0.482761	0.700894	0.250000	1.362875	0.046416
2.065202	0.862564	0.482761	0.700894	0.250000	1.362875	0.046416
2.074979	0.862564	0.482761	0.700894	0.250000	1.362875	0.046416
2.084754	0.862564	0.482761	0.700894	0.250000	1.362875	0.046416
2.095733	0.862564	0.482761	0.700894	0.250000	1.362875	0.046416
2.105280	0.862564	0.482761	0.700894	0.250000	1.362875	0.046416
2.115037	0.862564	0.482761	0.700894	0.250000	1.362875	0.046416
2.124736	0.862564	0.482761	0.700894	0.250000	1.362875	0.046416
2.134494	0.862564	0.482761	0.700894	0.250000	1.362875	0.046416
2.145293	0.862564	0.482761	0.700894	0.250000	1.362875	0.046416
2.155055	0.876209	0.495054	0.772221	0.250000	1.239037	0.061985
2.164874	0.876209	0.495054	0.772221	0.250000	1.239037	0.061985
2.174536	0.876209	0.495054	0.772221	0.250000	1.239037	0.061985
2.185294	0.876209	0.495054	0.772221	0.250000	1.239037	0.061985
2.194374	0.876209	0.495054	0.772221	0.250000	1.239037	0.061985
2.204816	0.876209	0.495054	0.772221	0.250000	1.239037	0.061985
2.214527	0.876209	0.495054	0.772221	0.250000	1.239037	0.061985
2.224357	0.876209	0.495054	0.772221	0.250000	1.239037	0.061985
2.234393	0.876209	0.495054	0.772221	0.250000	1.239037	0.061985
2.244894	0.876209	0.495054	0.772221	0.250000	1.239037	0.061985
2.254562	0.888319	0.507324	0.860079	0.250000	1.040376	0.067279
2.264516	0.888319	0.507324	0.860079	0.250000	1.040376	0.067279
2.275105	0.888319	0.507324	0.860079	0.250000	1.040376	0.067279
2.284827	0.888319	0.507324	0.860079	0.250000	1.040376	0.067279
2.294560	0.888319	0.507324	0.860079	0.250000	1.040376	0.067279
2.304401	0.888319	0.507324	0.860079	0.250000	1.040376	0.067279
2.314396	0.888319	0.507324	0.860079	0.250000	1.040376	0.067279
2.324927	0.896870	0.518126	0.916553	0.250000	0.936887	0.066078
2.334483	0.896870	0.518126	0.916553	0.250000	0.936887	0.066078
2.344433	0.896870	0.518126	0.916553	0.250000	0.936887	0.066078
2.354415	0.896870	0.518126	0.916553	0.250000	0.936887	0.066078
2.364906	0.908132	0.533635	0.970693	0.250000	0.862743	0.064544
2.374642	0.908132	0.533635	0.970693	0.250000	0.862743	0.064544
2.384449	0.908132	0.533635	0.970693	0.250000	0.862743	0.064544
2.394855	0.908132	0.533635	0.970693	0.250000	0.862743	0.064544
2.404901	0.908132	0.533635	0.970693	0.250000	0.862743	0.064544
2.414491	0.908132	0.533635	0.970693	0.250000	0.862743	0.064544
2.424413	0.908132	0.533635	0.970693	0.250000	0.862743	0.064544
2.434467	0.908132	0.533635	0.970693	0.250000	0.862743	0.064544
2.444931	0.908132	0.533635	0.970693	0.250000	0.862743	0.064544
2.454444	0.908132	0.533635	0.970693	0.250000	0.862743	0.064544
2.464380	0.908132	0.533635	0.970693	0.250000	0.862743	0.064544
2.475214	0.908132	0.533635	0.970693	0.250000	0.862743	0.064544
2.484949	0.908132	0.533635	0.970693	0.250000	0.862743	0.064544
2.494668	0.915547	0.547168	1.017008	0.250000	0.800006	0.060325
2.504453	0.915547	0.547168	1.017008	0.250000	0.800006	0.060325
2.515231	0.915547	0.547168	1.017008	0.250000	0.800006	0.060325
2.524969	0.915547	0.547168	1.017008	0.250000	0.800006	0.060325
2.534477	0.915547	0.547168	1.017008	0.250000	0.800006	0.060325
2.544597	0.915547	0.547168	1.017008	0.250000	0.800006	0.060325
2.555151	0.915547	0.547168	1.017008	0.250000	0.800006	0.060325
2.564920	0.915547	0.547168	1.017008	0.250000	0.800006	0.060325
2.574699	0.915547	0.547168	1.017008	0.250000	0.800006	0.060325
2.588373	0.915547	0.547168	1.017008	0.250000	0.800006	0.060325
2.595139	0.927508	0.563336	1.092600	0.250000	0.734782	0.056015
2.605672	0.927508	0.563336	1.092600	0.250000	0.734782	0.056015
2.614779	0.927508	0.563336	1.092600	0.250000	0.734782	0.056015
2.624539	0.927508	0.563336	1.092600	0.250000	0.734782	0.056015
2.635226	0.927508	0.563336	1.092600	0.250000	0.734782	0.056015
2.644999	0.927508	0.563336	1.092600	0.250000	0.734782	0.056015
2.654699	0.927508	0.563336	1.092600	0.250000	0.734782	0.056015
2.664462	0.927508	0.563336	1.092600	0.250000	0.734782	0.056015
2.674529	0.927508	0.563336	1.092600	0.250000	0.734782	0.056015
2.685049	0.927508	0.563336	1.092600	0.250000	0.734782	0.056015
2.696019	0.936457	0.583295	1.156315	0.250000	0.705168	0.050491
2.704532	0.936457	0.583295	1.156315	0.250000	0.705168	0.050491
2.714442	0.936457	0.583295	1.156315	0.250000	0.705168	0.050491
2.724378	0.936457	0.583295	1.156315	0.250000	0.705168	0.050491
2.734771	0.936457	0.583295	1.156315	0.250000	0.705168	0.050491
2.744518	0.936457	0.583295	1.156315	0.250000	0.705168	0.050491
2.754401	0.942134	0.603681	1.208431	0.250000	0.658263	0.044188
2.764430	0.942134	0.603681	1.208431	0.250000	0.658263	0.044188
2.774462	0.942134	0.603681	1.208431	0.250000	0.658263	0.044188
2.784557	0.942134	0.603681	1.208431	0.250000	0.658263	0.044188
2.795334	0.942134	0.603681	1.208431	0.250000	0.658263	0.044188
2.805065	0.942134	0.603681	1.208431	0.250000	0.658263	0.044188
2.814526	0.942134	0.603681	1.208431	0.250000	0.658263	0.044188
2.824544	0.942134	0.603681	1.208431	0.250000	0.658263	0.044188
2.834389	0.942134	0.603681	1.208431	0.250000	0.658263	0.044188
2.844415	0.942134	0.603681	1.208431	0.250000	0.658263	0.044188
2.854763	0.947706	0.618727	1.238569	0.250000	0.660447	0.042915
2.866075	0.947706	0.618727	1.238569	0.250000	0.660447	0.042915
2.874444	0.947706	0.618727	1.238569	0.250000	0.660447	0.042915
2.884399	0.947706	0.618727	1.238569	0.250000	0.660447	0.042915
2.894840	0.947706	0.618727	1.238569	0.250000	0.660447	0.042915
2.904549	0.947706	0.618727	1.238569	0.250000	0.660447	0.042915
2.914432	0.947706	0.618727	1.238569	0.250000	0.660447	0.042915
2.925129	0.947706	0.618727	1.238569	0.250000	0.660447	0.042915
2.934870	0.947706	0.618727	1.238569	0.250000	0.660447	0.042915
2.944639	0.947706	0.618727	1.238569	0.250000	0.660447	0.042915
2.954334	0.947706	0.618727	1.238569	0.250000	0.660447	0.042915
2.966180	0.952167	0.634071	1.281102	0.250000	0.639999	0.040233
2.974857	0.952167	0.634071	1.281102	0.250000	0.639999	0.040233
2.984600	0.952167	0.634071	1.281102	0.250000	0.639999	0.040233
2.994781	0.952167	0.634071	1.281102	0.250000	0.639999	0.040233
3.005139	0.952167	0.634071	1.281102	0.250000	0.639999	0.040233
3.014883	0.952167	0.634071	1.281102	0.250000	0.639999	0.040233
3.024536	0.952167	0.634071	1.281102	0.250000	0.639999	0.040233
3.034419	0.952167	0.634071	1.281102	0.250000	0.639999	0.040233
3.045160	0.952167	0.634071	1.281102	0.250000	0.639999	0.040233
3.054902	0.961679	0.655707	1.352231	0.250000	0.597243	0.038450
3.064689	0.961679	0.655707	1.352231	0.250000	0.597243	0.038450
3.074447	0.961679	0.655707	1.352231	0.250000	0.597243	0.038450
3.085172	0.961679	0.655707	1.352231	0.250000	0.597243	0.038450
3.094886	0.961679	0.655707	1.352231	0.250000	0.597243	0.038450
3.104706	0.961679	0.655707	1.352231	0.250000	0.597243	0.038450
3.114430	0.961679	0.655707	1.352231	0.250000	0.597243	0.038450
3.125139	0.961679	0.655707	1.352231	0.250000	0.597243	0.038450
3.134909	0.961679	0.655707	1.352231	0.250000	0.597243	0.038450
3.144696	0.961679	0.655707	1.352231	0.250000	0.597243	0.038450
3.154465	0.961679	0.655707	1.352231	0.250000	0.597243	0.038450
3.164443	0.966097	0.681444	1.426542	0.250000	0.503838	0.032514
3.175044	0.966097	0.681444	1.426542	0.250000	0.503838	0.032514
3.184750	0.966097	0.681444	1.426542	0.250000	0.503838	0.032514
3.194584	0.966097	0.681444	1.426542	0.250000	0.503838	0.032514
3.204450	0.966097	0.681444	1.426542	0.250000	0.503838	0.032514
3.215008	0.966097	0.681444	1.426542	0.250000	0.503838	0.032514
3.224754	0.966097	0.681444	1.426542	0.250000	0.503838	0.032514
3.234493	0.966097	0.681444	1.426542	0.250000	0.503838	0.032514
3.245222	0.966097	0.681444	1.426542	0.250000	0.503838	0.032514
3.254954	0.966097	0.681444	1.426542	0.250000	0.503838	0.032514
3.264466	0.966409	0.703028	1.500185	0.250000	0.341086	0.022787
3.274531	0.966409	0.703028	1.500185	0.250000	0.341086	0.022787
3.285217	0.966409	0.703028	1.500185	0.250000	0.341086	0.022787
3.295707	0.966409	0.703028	1.500185	0.250000	0.341086	0.022787
3.304777	0.966409	0.703028	1.500185	0.250000	0.341086	0.022787
3.314570	0.966409	0.703028	1.500185	0.250000	0.341086	0.022787
3.325291	0.965146	0.720639	1.550087	0.250000	0.206081	0.014877
3.334447	0.965146	0.720639	1.550087	0.250000	0.206081	0.014877
3.344725	0.965146	0.720639	1.550087	0.250000	0.206081	0.014877
3.354469	0.965146	0.720639	1.550087	0.250000	0.206081	0.014877
3.365251	0.965146	0.720639	1.550087	0.250000	0.206081	0.014877
3.375062	0.965146	0.720639	1.550087	0.250000	0.206081	0.014877
3.384786	0.964340	0.737165	1.604896	0.250000	0.062727	0.006793
3.394547	0.964340	0.737165	1.604896	0.250000	0.062727	0.006793
3.405289	0.964340	0.737165	1.604896	0.250000	0.062727	0.006793
3.415056	0.964340	0.737165	1.604896	0.250000	0.062727	0.006793
3.424765	0.964340	0.737165	1.604896	0.250000	0.062727	0.006793
3.434626	0.964340	0.737165	1.604896	0.250000	0.062727	0.006793
3.445320	0.964340	0.737165	1.604896	0.250000	0.062727	0.006793
3.455042	0.964471	0.750931	1.642677	0.250000	-0.024904	0.001988
3.464378	0.964471	0.750931	1.642677	0.250000	-0.024904	0.001988
3.474602	0.964471	0.750931	1.642677	0.250000	-0.024904	0.001988
3.485286	0.964471	0.750931	1.642677	0.250000	-0.024904	0.001988
3.494375	0.964471	0.750931	1.642677	0.250000	-0.024904	0.001988
3.504830	0.964471	0.750931	1.642677	0.250000	-0.024904	0.001988
3.514600	0.964471	0.750931	1.642677	0.250000	-0.024904	0.001988
3.525274	0.964471	0.750931	1.642677	0.250000	-0.024904	0.001988
3.535135	0.964471	0.750931	1.642677	0.250000	-0.024904	0.001988
3.544890	0.964471	0.750931	1.642677	0.250000	-0.024904	0.001988
3.554656	0.959798	0.769793	1.693983	0.250000	-0.195850	-0.009040
3.564388	0.959798	0.769793	1.693983	0.250000	-0.195850	-0.009040
3.575173	0.959798	0.769793	1.693983	0.250000	-0.195850	-0.009040
3.584925	0.959798	0.769793	1.693983	0.250000	-0.195850	-0.009040
3.594654	0.959798	0.769793	1.693983	0.250000	-0.195850	-0.009040
3.604419	0.959798	0.769793	1.693983	0.250000	-0.195850	-0.009040
3.615092	0.956998	0.786938	1.724167	0.250000	-0.283340	-0.015221
3.624876	0.956998	0.786938	1.724167	0.250000	-0.283340	-0.015221
3.634642	0.956998	0.786938	1.724167	0.250000	-0.283340	-0.015221
3.644378	0.956998	0.786938	1.724167	0.250000	-0.283340	-0.015221
3.655069	0.956998	0.786938	1.724167	0.250000	-0.283340	-0.015221
3.664339	0.956998	0.786938	1.724167	0.250000	-0.283340	-0.015221
3.674673	0.956998	0.786938	1.724167	0.250000	-0.283340	-0.015221
3.684508	0.956998	0.786938	1.724167	0.250000	-0.283340	-0.015221
3.694443	0.956998	0.786938	1.724167	0.250000	-0.283340	-0.015221
3.705032	0.956998	0.786938	1.724167	0.250000	-0.283340	-0.015221
3.714470	0.956998	0.786938	1.724167	0.250000	-0.283340	-0.015221
3.724607	0.952260	0.811318	1.758950	0.250000	-0.381408	-0.023095
3.735186	0.952260	0.811318	1.758950	0.250000	-0.381408	-0.023095
3.744973	0.952260	0.811318	1.758950	0.250000	-0.381408	-0.023095
3.754686	0.952260	0.811318	1.758950	0.250000	-0.381408	-0.023095
3.764699	0.952260	0.811318	1.758950	0.250000	-0.381408	-0.023095
3.774468	0.952260	0.811318	1.758950	0.250000	-0.381408	-0.023095
3.784991	0.950432	0.825046	1.828808	0.250000	-0.541629	-0.033127
3.794819	0.950432	0.825046	1.828808	0.250000	-0.541629	-0.033127
3.804482	0.950432	0.825046	1.828808	0.250000	-0.541629	-0.033127
3.815199	0.950432	0.825046	1.828808	0.250000	-0.541629	-0.033127
3.824391	0.947291	0.847002	1.822994	0.250000	-0.504175	-0.032960
3.834722	0.947291	0.847002	1.822994	0.250000	-0.504175	-0.032960
3.844453	0.947291	0.847002	1.822994	0.250000	-0.504175	-0.032960
3.855171	0.947291	0.847002	1.822994	0.250000	-0.504175	-0.032960
3.864305	0.947291	0.847002	1.822994	0.250000	-0.504175	-0.032960
3.874753	0.947291	0.847002	1.822994	0.250000	-0.504175	-0.032960
3.884454	0.947291	0.847002	1.822994	0.250000	-0.504175	-0.032960
3.895250	0.947291	0.847002	1.822994	0.250000	-0.504175	-0.032960
3.904428	0.947291	0.847002	1.822994	0.250000	-0.504175	-0.032960
3.914484	0.947291	0.847002	1.822994	0.250000	-0.504175	-0.032960
3.924556	0.944997	0.867068	1.801985	0.250000	-0.415488	-0.029742
3.934392	0.944997	0.867068	1.801985	0.250000	-0.415488	-0.029742
3.945047	0.944997	0.867068	1.801985	0.250000	-0.415488	-0.029742
3.954410	0.944997	0.867068	1.801985	0.250000	-0.415488	-0.029742
3.964506	0.944997	0.867068	1.801985	0.250000	-0.415488	-0.029742
3.974373	0.944504	0.885820	1.717463	0.250000	-0.133237	-0.015396
3.985022	0.944504	0.885820	1.717463	0.250000	-0.133237	-0.015396
3.994905	0.944504	0.885820	1.717463	0.250000	-0.133237	-0.015396
4.005391	0.944504	0.885820	1.717463	0.250000	-0.133237	-0.015396
4.014387	0.944504	0.885820	1.717463	0.250000	-0.133237	-0.015396
4.025024	0.941710	0.895587	1.763053	0.250000	-0.239187	-0.022452
4.036813	0.941710	0.895587	1.763053	0.250000	-0.239187	-0.022452
4.044580	0.941710	0.895587	1.763053	0.250000	-0.239187	-0.022452
4.054422	0.941710	0.895587	1.763053	0.250000	-0.239187	-0.022452
4.064442	0.941710	0.895587	1.763053	0.250000	-0.239187	-0.022452
4.074853	0.941710	0.895587	1.763053	0.250000	-0.239187	-0.022452
4.084598	0.941710	0.895587	1.763053	0.250000	-0.239187	-0.022452
4.095332	0.941515	0.905262	1.743441	0.250000	-0.154360	-0.017879
4.106329	0.941515	0.905262	1.743441	0.250000	-0.154360	-0.017879
4.114456	0.941515	0.905262	1.743441	0.250000	-0.154360	-0.017879
4.124609	0.941515	0.905262	1.743441	0.250000	-0.154360	-0.017879
4.134496	0.941515	0.905262	1.743441	0.250000	-0.154360	-0.017879
4.144471	0.941515	0.905262	1.743441	0.250000	-0.154360	-0.017879
4.154422	0.941515	0.905262	1.743441	0.250000	-0.154360	-0.017879
4.164393	0.941515	0.905262	1.743441	0.250000	-0.154360	-0.017879
4.174446	0.941515	0.905262	1.743441	0.250000	-0.154360	-0.017879
4.184345	0.941515	0.905262	1.743441	0.250000	-0.154360	-0.017879
4.194446	0.939060	0.922166	1.688293	0.250000	0.037960	-0.008420
4.204581	0.939060	0.922166	1.688293	0.250000	0.037960	-0.008420
4.214435	0.939060	0.922166	1.688293	0.250000	0.037960	-0.008420
4.224467	0.939060	0.922166	1.688293	0.250000	0.037960	-0.008420
4.234464	0.939263	0.939011	1.639731	0.250000	0.232233	0.002580
4.244682	0.939263	0.939011	1.639731	0.250000	0.232233	0.002580
4.254417	0.939263	0.939011	1.639731	0.250000	0.232233	0.002580
4.265200	0.939263	0.939011	1.639731	0.250000	0.232233	0.002580
4.274477	0.939263	0.939011	1.639731	0.250000	0.232233	0.002580
4.284698	0.939263	0.939011	1.639731	0.250000	0.232233	0.002580
4.294449	0.936343	0.948900	1.598271	0.250000	0.336298	0.007425
4.304445	0.936343	0.948900	1.598271	0.250000	0.336298	0.007425
4.314900	0.936343	0.948900	1.598271	0.250000	0.336298	0.007425
4.324647	0.936343	0.948900	1.598271	0.250000	0.336298	0.007425
4.334409	0.936343	0.948900	1.598271	0.250000	0.336298	0.007425
4.344406	0.936343	0.948900	1.598271	0.250000	0.336298	0.007425
4.354444	0.935840	0.959739	1.651219	0.250000	0.232959	0.002860
4.364503	0.935840	0.959739	1.651219	0.250000	0.232959	0.002860
4.374482	0.935840	0.959739	1.651219	0.250000	0.232959	0.002860
4.385189	0.935840	0.959739	1.651219	0.250000	0.232959	0.002860
4.394947	0.935840	0.959739	1.651219	0.250000	0.232959	0.002860
4.404723	0.935840	0.959739	1.651219	0.250000	0.232959	0.002860
4.414476	0.935840	0.959739	1.651219	0.250000	0.232959	0.002860
4.425140	0.935840	0.959739	1.651219	0.250000	0.232959	0.002860
4.435007	0.935840	0.959739	1.651219	0.250000	0.232959	0.002860
4.444757	0.935840	0.959739	1.651219	0.250000	0.232959	0.002860
4.454497	0.935840	0.959739	1.651219	0.250000	0.232959	0.002860
4.465267	0.935285	0.975131	1.648506	0.250000	0.283715	0.006857
4.474971	0.935285	0.975131	1.648506	0.250000	0.283715	0.006857
4.484713	0.935285	0.975131	1.648506	0.250000	0.283715	0.006857
4.494492	0.935285	0.975131	1.648506	0.250000	0.283715	0.006857
4.505234	0.935285	0.975131	1.648506	0.250000	0.283715	0.006857
4.514453	0.935285	0.975131	1.648506	0.250000	0.283715	0.006857
4.524824	0.935285	0.975131	1.648506	0.250000	0.283715	0.006857
4.534472	0.935285	0.975131	1.648506	0.250000	0.283715	0.006857
4.544444	0.935285	0.975131	1.648506	0.250000	0.283715	0.006857
4.554419	0.935285	0.975131	1.648506	0.250000	0.283715	0.006857
4.564792	0.935285	0.975131	1.648506	0.250000	0.283715	0.006857
4.575534	0.937662	0.999893	1.649923	0.250000	0.376167	0.016040
4.585278	0.937662	0.999893	1.649923	0.250000	0.376167	0.016040
4.595057	0.937662	0.999893	1.649923	0.250000	0.376167	0.016040
4.604857	0.937662	0.999893	1.649923	0.250000	0.376167	0.016040
4.614568	0.937662	0.999893	1.649923	0.250000	0.376167	0.016040
4.625055	0.937662	0.999893	1.649923	0.250000	0.376167	0.016040
4.635074	0.937662	0.999893	1.649923	0.250000	0.376167	0.016040
4.644832	0.937662	0.999893	1.649923	0.250000	0.376167	0.016040
4.654511	0.937662	0.999893	1.649923	0.250000	0.376167	0.016040
4.664375	0.937662	0.999893	1.649923	0.250000	0.376167	0.016040
4.675402	0.938019	1.023198	1.602824	0.250000	0.533852	0.028351
4.684864	0.938019	1.023198	1.602824	0.250000	0.533852	0.028351
4.694543	0.938019	1.023198	1.602824	0.250000	0.533852	0.028351
4.704431	0.938019	1.023198	1.602824	0.250000	0.533852	0.028351
4.714410	0.938019	1.023198	1.602824	0.250000	0.533852	0.028351
4.724785	0.938842	1.048436	1.635264	0.250000	0.472718	0.030343
4.734543	0.938842	1.048436	1.635264	0.250000	0.472718	0.030343
4.744447	0.938842	1.048436	1.635264	0.250000	0.472718	0.030343
4.754443	0.938842	1.048436	1.635264	0.250000	0.472718	0.030343
4.764821	0.938842	1.048436	1.635264	0.250000	0.472718	0.030343
4.774793	0.938842	1.048436	1.635264	0.250000	0.472718	0.030343
4.784446	0.938842	1.048436	1.635264	0.250000	0.472718	0.030343
4.795152	0.938842	1.048436	1.635264	0.250000	0.472718	0.030343
4.804897	0.938842	1.048436	1.635264	0.250000	0.472718	0.030343
4.814659	0.938842	1.048436	1.635264	0.250000	0.472718	0.030343
4.824384	0.938842	1.048436	1.635264	0.250000	0.472718	0.030343
4.834402	0.938102	1.067826	1.771538	0.250000	0.096313	0.014148
4.844912	0.938102	1.067826	1.771538	0.250000	0.096313	0.014148
4.854657	0.938102	1.067826	1.771538	0.250000	0.096313	0.014148
4.864360	0.938102	1.067826	1.771538	0.250000	0.096313	0.014148
4.874435	0.938102	1.067826	1.771538	0.250000	0.096313	0.014148
4.884934	0.938102	1.067826	1.771538	0.250000	0.096313	0.014148
4.894640	0.938953	1.091868	1.809583	0.250000	-0.028667	0.012256
4.904468	0.938953	1.091868	1.809583	0.250000	-0.028667	0.012256
4.915117	0.938953	1.091868	1.809583	0.250000	-0.028667	0.012256
4.924858	0.938953	1.091868	1.809583	0.250000	-0.028667	0.012256
4.934724	0.938953	1.091868	1.809583	0.250000	-0.028667	0.012256
4.944476	0.938953	1.091868	1.809583	0.250000	-0.028667	0.012256
4.954435	0.939034	1.115056	1.774527	0.250000	0.005826	0.017537
4.964957	0.939034	1.115056	1.774527	0.250000	0.005826	0.017537
4.974713	0.939034	1.115056	1.774527	0.250000	0.005826	0.017537
4.984397	0.939034	1.115056	1.774527	0.250000	0.005826	0.017537
4.994398	0.939034	1.115056	1.774527	0.250000	0.005826	0.017537
5.004947	0.939034	1.115056	1.774527	0.250000	0.005826	0.017537
5.014703	0.939034	1.115056	1.774527	0.250000	0.005826	0.017537
5.024421	0.939034	1.115056	1.774527	0.250000	0.005826	0.017537
5.035194	0.939034	1.115056	1.774527	0.250000	0.005826	0.017537
5.044966	0.939034	1.115056	1.774527	0.250000	0.005826	0.017537
5.054754	0.936340	1.130409	1.713919	0.250000	0.089493	0.022634
5.064608	0.936340	1.130409	1.713919	0.250000	0.089493	0.022634
5.075244	0.936340	1.130409	1.713919	0.250000	0.089493	0.022634
5.084473	0.936340	1.130409	1.713919	0.250000	0.089493	0.022634
5.094438	0.936340	1.130409	1.713919	0.250000	0.089493	0.022634
5.106537	0.932165	1.142687	1.747381	0.250000	-0.064206	0.013618
5.114439	0.932165	1.142687	1.747381	0.250000	-0.064206	0.013618
5.124403	0.932165	1.142687	1.747381	0.250000	-0.064206	0.013618
5.134465	0.932165	1.142687	1.747381	0.250000	-0.064206	0.013618
5.144537	0.932165	1.142687	1.747381	0.250000	-0.064206	0.013618
5.154411	0.932165	1.142687	1.747381	0.250000	-0.064206	0.013618
5.164433	0.926662	1.151656	1.765738	0.250000	-0.202376	0.004697
5.174901	0.926662	1.151656	1.765738	0.250000	-0.202376	0.004697
5.184577	0.926662	1.151656	1.765738	0.250000	-0.202376	0.004697
5.194415	0.926662	1.151656	1.765738	0.250000	-0.202376	0.004697
5.204445	0.926662	1.151656	1.765738	0.250000	-0.202376	0.004697
5.214515	0.926662	1.151656	1.765738	0.250000	-0.202376	0.004697
5.224629	0.924083	1.170686	1.890134	0.250000	-0.552617	-0.013301
5.235676	0.924083	1.170686	1.890134	0.250000	-0.552617	-0.013301
5.244443	0.924083	1.170686	1.890134	0.250000	-0.552617	-0.013301
5.254780	0.924083	1.170686	1.890134	0.250000	-0.552617	-0.013301
5.264436	0.924083	1.170686	1.890134	0.250000	-0.552617	-0.013301
5.275357	0.924083	1.170686	1.890134	0.250000	-0.552617	-0.013301
5.285131	0.924083	1.170686	1.890134	0.250000	-0.552617	-0.013301
5.294402	0.924083	1.170686	1.890134	0.250000	-0.552617	-0.013301
5.304579	0.924083	1.170686	1.890134	0.250000	-0.552617	-0.013301
5.314459	0.924083	1.170686	1.890134	0.250000	-0.552617	-0.013301
5.325083	0.919904	1.189486	1.881014	0.250000	-0.602087	-0.017276
5.334446	0.919904	1.189486	1.881014	0.250000	-0.602087	-0.017276
5.344625	0.919904	1.189486	1.881014	0.250000	-0.602087	-0.017276
5.354399	0.919904	1.189486	1.881014	0.250000	-0.602087	-0.017276
5.366402	0.919904	1.189486	1.881014	0.250000	-0.602087	-0.017276
5.374873	0.919904	1.189486	1.881014	0.250000	-0.602087	-0.017276
5.384571	0.917658	1.212583	1.886177	0.250000	-0.675771	-0.022947
5.394387	0.917658	1.212583	1.886177	0.250000	-0.675771	-0.022947
5.404466	0.917658	1.212583	1.886177	0.250000	-0.675771	-0.022947
5.414850	0.917658	1.212583	1.886177	0.250000	-0.675771	-0.022947
5.424570	0.917658	1.212583	1.886177	0.250000	-0.675771	-0.022947
5.434444	0.917658	1.212583	1.886177	0.250000	-0.675771	-0.022947
5.444394	0.912548	1.226601	1.891167	0.250000	-0.737330	-0.028373
5.454962	0.912548	1.226601	1.891167	0.250000	-0.737330	-0.028373
5.464759	0.912548	1.226601	1.891167	0.250000	-0.737330	-0.028373
5.474374	0.912548	1.226601	1.891167	0.250000	-0.737330	-0.028373
5.484450	0.912548	1.226601	1.891167	0.250000	-0.737330	-0.028373
5.494637	0.912548	1.226601	1.891167	0.250000	-0.737330	-0.028373
5.506148	0.909141	1.238027	1.882376	0.250000	-0.753312	-0.031240
5.514456	0.909141	1.238027	1.882376	0.250000	-0.753312	-0.031240
5.524397	0.909141	1.238027	1.882376	0.250000	-0.753312	-0.031240
5.534889	0.909141	1.238027	1.882376	0.250000	-0.753312	-0.031240
5.544671	0.909141	1.238027	1.882376	0.250000	-0.753312	-0.031240
5.554429	0.909141	1.238027	1.882376	0.250000	-0.753312	-0.031240
5.564401	0.909141	1.238027	1.882376	0.250000	-0.753312	-0.031240
5.574437	0.909141	1.238027	1.882376	0.250000	-0.753312	-0.031240
5.584728	0.909141	1.238027	1.882376	0.250000	-0.753312	-0.031240
5.594482	0.909141	1.238027	1.882376	0.250000	-0.753312	-0.031240
5.605203	0.909141	1.238027	1.882376	0.250000	-0.753312	-0.031240
5.614957	0.901890	1.248048	1.964005	0.250000	-0.986857	-0.047268
5.624707	0.901890	1.248048	1.964005	0.250000	-0.986857	-0.047268
5.634490	0.901890	1.248048	1.964005	0.250000	-0.986857	-0.047268
5.645204	0.901890	1.248048	1.964005	0.250000	-0.986857	-0.047268
5.654999	0.901890	1.248048	1.964005	0.250000	-0.986857	-0.047268
5.664718	0.901119	1.269774	1.882971	0.250000	-0.821103	-0.041296
5.674458	0.901119	1.269774	1.882971	0.250000	-0.821103	-0.041296
5.684458	0.901119	1.269774	1.882971	0.250000	-0.821103	-0.041296
5.694483	0.901119	1.269774	1.882971	0.250000	-0.821103	-0.041296
5.704787	0.901119	1.269774	1.882971	0.250000	-0.821103	-0.041296
5.714517	0.901119	1.269774	1.882971	0.250000	-0.821103	-0.041296
5.725234	0.901119	1.269774	1.882971	0.250000	-0.821103	-0.041296
5.734384	0.901119	1.269774	1.882971	0.250000	-0.821103	-0.041296
5.744751	0.901119	1.269774	1.882971	0.250000	-0.821103	-0.041296
5.754496	0.901119	1.269774	1.882971	0.250000	-0.821103	-0.041296
5.764386	0.901119	1.269774	1.882971	0.250000	-0.821103	-0.041296
5.775032	0.900846	1.292691	1.832616	0.250000	-0.683542	-0.037710
5.784787	0.900846	1.292691	1.832616	0.250000	-0.683542	-0.037710
5.794562	0.900846	1.292691	1.832616	0.250000	-0.683542	-0.037710
5.804397	0.900846	1.292691	1.832616	0.250000	-0.683542	-0.037710
5.815041	0.900846	1.292691	1.832616	0.250000	-0.683542	-0.037710
5.824808	0.900846	1.292691	1.832616	0.250000	-0.683542	-0.037710
5.834529	0.900846	1.292691	1.832616	0.250000	-0.683542	-0.037710
5.844460	0.900846	1.292691	1.832616	0.250000	-0.683542	-0.037710
5.854407	0.900846	1.292691	1.832616	0.250000	-0.683542	-0.037710
5.864838	0.900846	1.292691	1.832616	0.250000	-0.683542	-0.037710
5.874490	0.902014	1.310883	1.650033	0.250000	-0.172205	-0.012472
5.885334	0.902014	1.310883	1.650033	0.250000	-0.172205	-0.012472
5.894998	0.902014	1.310883	1.650033	0.250000	-0.172205	-0.012472
5.904809	0.902014	1.310883	1.650033	0.250000	-0.172205	-0.012472
5.914484	0.902014	1.310883	1.650033	0.250000	-0.172205	-0.012472
5.925199	0.902014	1.310883	1.650033	0.250000	-0.172205	-0.012472
5.935108	0.901804	1.329160	1.507978	0.250000	0.267292	0.008090
5.944848	0.901804	1.329160	1.507978	0.250000	0.267292	0.008090
5.954589	0.901804	1.329160	1.507978	0.250000	0.267292	0.008090
5.967711	0.901804	1.329160	1.507978	0.250000	0.267292	0.008090
5.975152	0.901804	1.329160	1.507978	0.250000	0.267292	0.008090
5.984901	0.901804	1.329160	1.507978	0.250000	0.267292	0.008090
5.994601	0.901804	1.329160	1.507978	0.250000	0.267292	0.008090
6.004389	0.901804	1.329160	1.507978	0.250000	0.267292	0.008090
6.015130	0.901804	1.329160	1.507978	0.250000	0.267292	0.008090
6.024877	0.901804	1.329160	1.507978	0.250000	0.267292	0.008090
6.034653	0.904001	1.351001	1.450761	0.250000	0.522887	0.020026
6.044428	0.904001	1.351001	1.450761	0.250000	0.522887	0.020026
6.055091	0.904001	1.351001	1.450761	0.250000	0.522887	0.020026
6.064856	0.904001	1.351001	1.450761	0.250000	0.522887	0.020026
6.074581	0.904001	1.351001	1.450761	0.250000	0.522887	0.020026
6.084412	0.904001	1.351001	1.450761	0.250000	0.522887	0.020026
6.094441	0.909832	1.379181	1.415938	0.250000	0.729972	0.030982
