t	x(t)	y(t)	theta(t)	v(t)	gamma(t)	efa
0.006737	0.693733	0.151280	1.583504	0.250000	-0.588448	-0.016395
0.010944	0.693733	0.151280	1.583504	0.250000	-0.588448	-0.016395
0.017198	0.693733	0.151280	1.583504	0.250000	-0.588448	-0.016395
0.027267	0.693733	0.151280	1.583504	0.250000	-0.588448	-0.016395
0.037217	0.693733	0.151280	1.583504	0.250000	-0.588448	-0.016395
0.048084	0.693733	0.151280	1.583504	0.250000	-0.588448	-0.016395
0.057795	0.693733	0.151280	1.583504	0.250000	-0.588448	-0.016395
0.067543	0.693733	0.151280	1.583504	0.250000	-0.588448	-0.016395
0.077257	0.693733	0.151280	1.583504	0.250000	-0.588448	-0.016395
0.087996	0.693733	0.151280	1.583504	0.250000	-0.588448	-0.016395
0.097753	0.693733	0.151280	1.583504	0.250000	-0.588448	-0.016395
0.107678	0.693733	0.151280	1.583504	0.250000	-0.588448	-0.016395
0.117286	0.693733	0.151280	1.583504	0.250000	-0.588448	-0.016395
0.127968	0.693733	0.151280	1.583504	0.250000	-0.588448	-0.016395
0.137674	0.693733	0.151280	1.583504	0.250000	-0.588448	-0.016395
0.147505	0.693733	0.151280	1.583504	0.250000	-0.588448	-0.016395
0.159095	0.693733	0.151280	1.583504	0.250000	-0.588448	-0.016395
0.168013	0.693733	0.151280	1.583504	0.250000	-0.588448	-0.016395
0.177746	0.693733	0.151280	1.583504	0.250000	-0.588448	-0.016395
0.187547	0.693733	0.151280	1.583504	0.250000	-0.588448	-0.016395
0.197295	0.693733	0.151280	1.583504	0.250000	-0.588448	-0.016395
0.208035	0.693733	0.151280	1.583504	0.250000	-0.588448	-0.016395
0.217822	0.693733	0.151280	1.583504	0.250000	-0.588448	-0.016395
0.227583	0.693733	0.151280	1.583504	0.250000	-0.588448	-0.016395
0.237276	0.693733	0.151280	1.583504	0.250000	-0.588448	-0.016395
0.248103	0.693733	0.151280	1.583504	0.250000	-0.588448	-0.016395
0.257791	0.693733	0.151280	1.583504	0.250000	-0.588448	-0.016395
0.267536	0.693733	0.151280	1.583504	0.250000	-0.588448	-0.016395
0.277302	0.693971	0.154298	1.579831	0.250000	-0.576104	-0.015646
0.288033	0.693971	0.154298	1.579831	0.250000	-0.576104	-0.015646
0.297820	0.693971	0.154298	1.579831	0.250000	-0.576104	-0.015646
0.307923	0.693971	0.154298	1.579831	0.250000	-0.576104	-0.015646
0.317351	0.693971	0.154298	1.579831	0.250000	-0.576104	-0.015646
0.328069	0.693971	0.154298	1.579831	0.250000	-0.576104	-0.015646
0.337149	0.694157	0.160859	1.564094	0.250000	-0.598017	-0.015941
0.347536	0.694157	0.160859	1.564094	0.250000	-0.598017	-0.015941
0.357358	0.694157	0.160859	1.564094	0.250000	-0.598017	-0.015941
0.368144	0.694157	0.160859	1.564094	0.250000	-0.598017	-0.015941
0.377891	0.694157	0.160859	1.564094	0.250000	-0.598017	-0.015941
0.387633	0.694157	0.160859	1.564094	0.250000	-0.598017	-0.015941
0.397365	0.694157	0.160859	1.564094	0.250000	-0.598017	-0.015941
0.407130	0.694157	0.160859	1.564094	0.250000	-0.598017	-0.015941
0.417872	0.694157	0.160859	1.564094	0.250000	-0.598017	-0.015941
0.427608	0.694157	0.160859	1.564094	0.250000	-0.598017	-0.015941
0.437329	0.694959	0.176927	1.523524	0.250000	-0.656435	-0.017280
0.447082	0.694959	0.176927	1.523524	0.250000	-0.656435	-0.017280
0.457874	0.694959	0.176927	1.523524	0.250000	-0.656435	-0.017280
0.467688	0.694959	0.176927	1.523524	0.250000	-0.656435	-0.017280
0.477418	0.694959	0.176927	1.523524	0.250000	-0.656435	-0.017280
0.487208	0.694959	0.176927	1.523524	0.250000	-0.656435	-0.017280
0.497867	0.694959	0.176927	1.523524	0.250000	-0.656435	-0.017280
0.507639	0.694959	0.176927	1.523524	0.250000	-0.656435	-0.017280
0.517407	0.694959	0.176927	1.523524	0.250000	-0.656435	-0.017280
0.527439	0.694959	0.176927	1.523524	0.250000	-0.656435	-0.017280
0.537865	0.696272	0.196409	1.477589	0.250000	-0.713439	-0.019329
0.547260	0.696272	0.196409	1.477589	0.250000	-0.713439	-0.019329
0.557436	0.696272	0.196409	1.477589	0.250000	-0.713439	-0.019329
0.567140	0.696272	0.196409	1.477589	0.250000	-0.713439	-0.019329
0.577163	0.696272	0.196409	1.477589	0.250000	-0.713439	-0.019329
0.587689	0.696272	0.196409	1.477589	0.250000	-0.713439	-0.019329
0.598158	0.696272	0.196409	1.477589	0.250000	-0.713439	-0.019329
0.607213	0.696272	0.196409	1.477589	0.250000	-0.713439	-0.019329
0.618001	0.696272	0.196409	1.477589	0.250000	-0.713439	-0.019329
0.627728	0.696272	0.196409	1.477589	0.250000	-0.713439	-0.019329
0.637422	0.696272	0.196409	1.477589	0.250000	-0.713439	-0.019329
0.647181	0.699391	0.221263	1.416883	0.250000	-0.810246	-0.024216
0.657955	0.699391	0.221263	1.416883	0.250000	-0.810246	-0.024216
0.667713	0.699391	0.221263	1.416883	0.250000	-0.810246	-0.024216
0.678130	0.699391	0.221263	1.416883	0.250000	-0.810246	-0.024216
0.687248	0.699391	0.221263	1.416883	0.250000	-0.810246	-0.024216
0.698001	0.702556	0.240914	1.370801	0.250000	-0.875228	-0.028886
0.707731	0.702556	0.240914	1.370801	0.250000	-0.875228	-0.028886
0.717506	0.702556	0.240914	1.370801	0.250000	-0.875228	-0.028886
0.727277	0.702556	0.240914	1.370801	0.250000	-0.875228	-0.028886
0.737174	0.702556	0.240914	1.370801	0.250000	-0.875228	-0.028886
0.747349	0.702556	0.240914	1.370801	0.250000	-0.875228	-0.028886
0.757521	0.702556	0.240914	1.370801	0.250000	-0.875228	-0.028886
0.767235	0.705400	0.255874	1.325263	0.250000	-0.869264	-0.030135
0.778063	0.705400	0.255874	1.325263	0.250000	-0.869264	-0.030135
0.787219	0.705400	0.255874	1.325263	0.250000	-0.869264	-0.030135
0.797213	0.705400	0.255874	1.325263	0.250000	-0.869264	-0.030135
0.807338	0.708456	0.267419	1.297307	0.250000	-0.891371	-0.033012
0.817424	0.708456	0.267419	1.297307	0.250000	-0.891371	-0.033012
0.827795	0.708456	0.267419	1.297307	0.250000	-0.891371	-0.033012
0.837491	0.708456	0.267419	1.297307	0.250000	-0.891371	-0.033012
0.847340	0.708456	0.267419	1.297307	0.250000	-0.891371	-0.033012
0.858017	0.708456	0.267419	1.297307	0.250000	-0.891371	-0.033012
0.867793	0.708456	0.267419	1.297307	0.250000	-0.891371	-0.033012
0.877516	0.708456	0.267419	1.297307	0.250000	-0.891371	-0.033012
0.887347	0.708456	0.267419	1.297307	0.250000	-0.891371	-0.033012
0.898781	0.708456	0.267419	1.297307	0.250000	-0.891371	-0.033012
0.907797	0.712935	0.280207	1.260416	0.250000	-0.880724	-0.034185
0.917969	0.712935	0.280207	1.260416	0.250000	-0.880724	-0.034185
0.927362	0.712935	0.280207	1.260416	0.250000	-0.880724	-0.034185
0.937062	0.712935	0.280207	1.260416	0.250000	-0.880724	-0.034185
0.947792	0.712935	0.280207	1.260416	0.250000	-0.880724	-0.034185
0.957218	0.712935	0.280207	1.260416	0.250000	-0.880724	-0.034185
0.967332	0.712935	0.280207	1.260416	0.250000	-0.880724	-0.034185
0.977162	0.717638	0.294634	1.215729	0.250000	-0.875707	-0.037042
0.987287	0.717638	0.294634	1.215729	0.250000	-0.875707	-0.037042
0.997619	0.717638	0.294634	1.215729	0.250000	-0.875707	-0.037042
1.007345	0.717638	0.294634	1.215729	0.250000	-0.875707	-0.037042
1.017173	0.717638	0.294634	1.215729	0.250000	-0.875707	-0.037042
1.027908	0.717638	0.294634	1.215729	0.250000	-0.875707	-0.037042
1.037644	0.717638	0.294634	1.215729	0.250000	-0.875707	-0.037042
1.047483	0.717638	0.294634	1.215729	0.250000	-0.875707	-0.037042
1.057229	0.717638	0.294634	1.215729	0.250000	-0.875707	-0.037042
1.067215	0.717638	0.294634	1.215729	0.250000	-0.875707	-0.037042
1.077642	0.723721	0.310263	1.170777	0.250000	-0.853358	-0.039127
1.087437	0.723721	0.310263	1.170777	0.250000	-0.853358	-0.039127
1.097266	0.723721	0.310263	1.170777	0.250000	-0.853358	-0.039127
1.107172	0.723721	0.310263	1.170777	0.250000	-0.853358	-0.039127
1.117193	0.723721	0.310263	1.170777	0.250000	-0.853358	-0.039127
1.127435	0.723721	0.310263	1.170777	0.250000	-0.853358	-0.039127
1.137184	0.729225	0.322834	1.127798	0.250000	-0.818332	-0.040629
1.147677	0.729225	0.322834	1.127798	0.250000	-0.818332	-0.040629
1.157369	0.729225	0.322834	1.127798	0.250000	-0.818332	-0.040629
1.167558	0.729225	0.322834	1.127798	0.250000	-0.818332	-0.040629
1.177252	0.729225	0.322834	1.127798	0.250000	-0.818332	-0.040629
1.187971	0.729225	0.322834	1.127798	0.250000	-0.818332	-0.040629
1.197717	0.729225	0.322834	1.127798	0.250000	-0.818332	-0.040629
1.207446	0.729225	0.322834	1.127798	0.250000	-0.818332	-0.040629
1.217198	0.729225	0.322834	1.127798	0.250000	-0.818332	-0.040629
1.227673	0.729225	0.322834	1.127798	0.250000	-0.818332	-0.040629
1.237215	0.729225	0.322834	1.127798	0.250000	-0.818332	-0.040629
1.247454	0.737155	0.338067	1.085105	0.250000	-0.761286	-0.040758
1.257252	0.737155	0.338067	1.085105	0.250000	-0.761286	-0.040758
1.267200	0.737155	0.338067	1.085105	0.250000	-0.761286	-0.040758
1.277694	0.737155	0.338067	1.085105	0.250000	-0.761286	-0.040758
1.287496	0.737155	0.338067	1.085105	0.250000	-0.761286	-0.040758
1.297433	0.737155	0.338067	1.085105	0.250000	-0.761286	-0.040758
1.307642	0.737155	0.338067	1.085105	0.250000	-0.761286	-0.040758
1.317235	0.737155	0.338067	1.085105	0.250000	-0.761286	-0.040758
1.327522	0.737155	0.338067	1.085105	0.250000	-0.761286	-0.040758
1.337203	0.737155	0.338067	1.085105	0.250000	-0.761286	-0.040758
1.347129	0.746245	0.352392	1.036358	0.250000	-0.664211	-0.039207
1.357224	0.746245	0.352392	1.036358	0.250000	-0.664211	-0.039207
1.367523	0.746245	0.352392	1.036358	0.250000	-0.664211	-0.039207
1.377210	0.746245	0.352392	1.036358	0.250000	-0.664211	-0.039207
1.387194	0.746245	0.352392	1.036358	0.250000	-0.664211	-0.039207
1.397221	0.746245	0.352392	1.036358	0.250000	-0.664211	-0.039207
1.407544	0.755402	0.367505	0.983895	0.250000	-0.530351	-0.036144
1.417409	0.755402	0.367505	0.983895	0.250000	-0.530351	-0.036144
1.427246	0.755402	0.367505	0.983895	0.250000	-0.530351	-0.036144
1.437184	0.755402	0.367505	0.983895	0.250000	-0.530351	-0.036144
1.447529	0.755402	0.367505	0.983895	0.250000	-0.530351	-0.036144
1.457322	0.755402	0.367505	0.983895	0.250000	-0.530351	-0.036144
1.468059	0.755402	0.367505	0.983895	0.250000	-0.530351	-0.036144
1.477742	0.755402	0.367505	0.983895	0.250000	-0.530351	-0.036144
1.487576	0.755402	0.367505	0.983895	0.250000	-0.530351	-0.036144
1.497286	0.755402	0.367505	0.983895	0.250000	-0.530351	-0.036144
1.508124	0.766671	0.382960	0.925286	0.250000	-0.307812	-0.029063
1.518788	0.766671	0.382960	0.925286	0.250000	-0.307812	-0.029063
1.527250	0.766671	0.382960	0.925286	0.250000	-0.307812	-0.029063
1.537368	0.766671	0.382960	0.925286	0.250000	-0.307812	-0.029063
1.547161	0.766671	0.382960	0.925286	0.250000	-0.307812	-0.029063
1.557657	0.766671	0.382960	0.925286	0.250000	-0.307812	-0.029063
1.567630	0.766671	0.382960	0.925286	0.250000	-0.307812	-0.029063
1.577368	0.766671	0.382960	0.925286	0.250000	-0.307812	-0.029063
1.588087	0.766671	0.382960	0.925286	0.250000	-0.307812	-0.029063
1.597873	0.766671	0.382960	0.925286	0.250000	-0.307812	-0.029063
1.607601	0.779446	0.398816	0.862720	0.250000	0.013214	-0.017658
1.617359	0.779446	0.398816	0.862720	0.250000	0.013214	-0.017658
1.627149	0.779446	0.398816	0.862720	0.250000	0.013214	-0.017658
1.637824	0.779446	0.398816	0.862720	0.250000	0.013214	-0.017658
1.647579	0.779446	0.398816	0.862720	0.250000	0.013214	-0.017658
1.657401	0.779446	0.398816	0.862720	0.250000	0.013214	-0.017658
1.667211	0.779446	0.398816	0.862720	0.250000	0.013214	-0.017658
1.677916	0.794274	0.414800	0.789218	0.250000	0.422339	-0.001903
1.687648	0.794274	0.414800	0.789218	0.250000	0.422339	-0.001903
1.697369	0.794274	0.414800	0.789218	0.250000	0.422339	-0.001903
1.707125	0.794274	0.414800	0.789218	0.250000	0.422339	-0.001903
1.717821	0.805578	0.425844	0.735445	0.250000	0.720791	0.009918
1.727763	0.805578	0.425844	0.735445	0.250000	0.720791	0.009918
1.738343	0.805578	0.425844	0.735445	0.250000	0.720791	0.009918
1.747197	0.805578	0.425844	0.735445	0.250000	0.720791	0.009918
1.757252	0.805578	0.425844	0.735445	0.250000	0.720791	0.009918
1.767688	0.805578	0.425844	0.735445	0.250000	0.720791	0.009918
1.777230	0.805578	0.425844	0.735445	0.250000	0.720791	0.009918
1.787213	0.816011	0.436418	0.688805	0.250000	0.978286	0.020495
1.797925	0.816011	0.436418	0.688805	0.250000	0.978286	0.020495
1.807645	0.816011	0.436418	0.688805	0.250000	0.978286	0.020495
1.817437	0.816011	0.436418	0.688805	0.250000	0.978286	0.020495
1.827299	0.816011	0.436418	0.688805	0.250000	0.978286	0.020495
1.837143	0.824298	0.443729	0.671955	0.250000	1.061115	0.024160
1.847800	0.824298	0.443729	0.671955	0.250000	1.061115	0.024160
1.857496	0.824298	0.443729	0.671955	0.250000	1.061115	0.024160
1.867254	0.824298	0.443729	0.671955	0.250000	1.061115	0.024160
1.877983	0.824298	0.443729	0.671955	0.250000	1.061115	0.024160
1.887727	0.824298	0.443729	0.671955	0.250000	1.061115	0.024160
1.897487	0.824298	0.443729	0.671955	0.250000	1.061115	0.024160
1.907220	0.833350	0.451158	0.657015	0.250000	1.183057	0.030077
1.918016	0.833350	0.451158	0.657015	0.250000	1.183057	0.030077
1.927705	0.833350	0.451158	0.657015	0.250000	1.183057	0.030077
1.937442	0.833350	0.451158	0.657015	0.250000	1.183057	0.030077
1.947216	0.833350	0.451158	0.657015	0.250000	1.183057	0.030077
1.957153	0.842289	0.458003	0.648007	0.250000	1.284117	0.035755
1.967695	0.842289	0.458003	0.648007	0.250000	1.284117	0.035755
1.977454	0.842289	0.458003	0.648007	0.250000	1.284117	0.035755
1.987389	0.842289	0.458003	0.648007	0.250000	1.284117	0.035755
1.997977	0.851776	0.465877	0.659787	0.250000	1.328992	0.039091
2.011662	0.851776	0.465877	0.659787	0.250000	1.328992	0.039091
2.017576	0.851776	0.465877	0.659787	0.250000	1.328992	0.039091
2.027401	0.851776	0.465877	0.659787	0.250000	1.328992	0.039091
2.037967	0.851776	0.465877	0.659787	0.250000	1.328992	0.039091
2.047712	0.851776	0.465877	0.659787	0.250000	1.328992	0.039091
2.057547	0.851776	0.465877	0.659787	0.250000	1.328992	0.039091
2.067312	0.851776	0.465877	0.659787	0.250000	1.328992	0.039091
2.077831	0.851776	0.465877	0.659787	0.250000	1.328992	0.039091
2.087821	0.851776	0.465877	0.659787	0.250000	1.328992	0.039091
2.097549	0.851776	0.465877	0.659787	0.250000	1.328992	0.039091
2.107319	0.863003	0.476065	0.702221	0.250000	1.355117	0.044415
2.118074	0.863003	0.476065	0.702221	0.250000	1.355117	0.044415
2.127808	0.863003	0.476065	0.702221	0.250000	1.355117	0.044415
2.137554	0.863003	0.476065	0.702221	0.250000	1.355117	0.044415
2.147250	0.863003	0.476065	0.702221	0.250000	1.355117	0.044415
2.158234	0.863003	0.476065	0.702221	0.250000	1.355117	0.044415
2.167822	0.863003	0.476065	0.702221	0.250000	1.355117	0.044415
2.177594	0.863003	0.476065	0.702221	0.250000	1.355117	0.044415
2.187676	0.863003	0.476065	0.702221	0.250000	1.355117	0.044415
2.198112	0.863003	0.476065	0.702221	0.250000	1.355117	0.044415
2.207831	0.863003	0.476065	0.702221	0.250000	1.355117	0.044415
2.217610	0.873983	0.486029	0.767603	0.250000	1.323246	0.055116
2.227376	0.873983	0.486029	0.767603	0.250000	1.323246	0.055116
2.237125	0.873983	0.486029	0.767603	0.250000	1.323246	0.055116
2.247131	0.873983	0.486029	0.767603	0.250000	1.323246	0.055116
2.257231	0.873983	0.486029	0.767603	0.250000	1.323246	0.055116
2.267362	0.885891	0.498063	0.835855	0.250000	1.128665	0.068825
2.277165	0.885891	0.498063	0.835855	0.250000	1.128665	0.068825
2.287910	0.885891	0.498063	0.835855	0.250000	1.128665	0.068825
2.297642	0.885891	0.498063	0.835855	0.250000	1.128665	0.068825
2.307438	0.885891	0.498063	0.835855	0.250000	1.128665	0.068825
2.317137	0.885891	0.498063	0.835855	0.250000	1.128665	0.068825
2.327988	0.885891	0.498063	0.835855	0.250000	1.128665	0.068825
2.337701	0.885891	0.498063	0.835855	0.250000	1.128665	0.068825
2.347357	0.885891	0.498063	0.835855	0.250000	1.128665	0.068825
2.357180	0.885891	0.498063	0.835855	0.250000	1.128665	0.068825
2.367891	0.885891	0.498063	0.835855	0.250000	1.128665	0.068825
2.377651	0.899561	0.514343	0.895596	0.250000	1.005120	0.071974
2.387496	0.899561	0.514343	0.895596	0.250000	1.005120	0.071974
2.397175	0.899561	0.514343	0.895596	0.250000	1.005120	0.071974
2.407902	0.899561	0.514343	0.895596	0.250000	1.005120	0.071974
2.417929	0.899561	0.514343	0.895596	0.250000	1.005120	0.071974
2.427482	0.899561	0.514343	0.895596	0.250000	1.005120	0.071974
2.437200	0.899561	0.514343	0.895596	0.250000	1.005120	0.071974
2.447908	0.899561	0.514343	0.895596	0.250000	1.005120	0.071974
2.457178	0.899561	0.514343	0.895596	0.250000	1.005120	0.071974
2.467396	0.899561	0.514343	0.895596	0.250000	1.005120	0.071974
2.477190	0.912587	0.532461	0.966034	0.250000	0.903167	0.069450
2.487291	0.912587	0.532461	0.966034	0.250000	0.903167	0.069450
2.497233	0.912587	0.532461	0.966034	0.250000	0.903167	0.069450
2.507761	0.912587	0.532461	0.966034	0.250000	0.903167	0.069450
2.517270	0.912587	0.532461	0.966034	0.250000	0.903167	0.069450
2.527993	0.912587	0.532461	0.966034	0.250000	0.903167	0.069450
2.537690	0.912587	0.532461	0.966034	0.250000	0.903167	0.069450
2.548245	0.912587	0.532461	0.966034	0.250000	0.903167	0.069450
2.557240	0.912587	0.532461	0.966034	0.250000	0.903167	0.069450
2.568009	0.912587	0.532461	0.966034	0.250000	0.903167	0.069450
2.577907	0.923920	0.552363	1.035670	0.250000	0.822018	0.063698
2.587550	0.923920	0.552363	1.035670	0.250000	0.822018	0.063698
2.597314	0.923920	0.552363	1.035670	0.250000	0.822018	0.063698
2.608006	0.923920	0.552363	1.035670	0.250000	0.822018	0.063698
2.618830	0.923920	0.552363	1.035670	0.250000	0.822018	0.063698
2.627651	0.923920	0.552363	1.035670	0.250000	0.822018	0.063698
2.637283	0.932556	0.569725	1.096254	0.250000	0.775267	0.058199
2.648003	0.932556	0.569725	1.096254	0.250000	0.775267	0.058199
2.657807	0.932556	0.569725	1.096254	0.250000	0.775267	0.058199
2.667472	0.932556	0.569725	1.096254	0.250000	0.775267	0.058199
2.677232	0.932556	0.569725	1.096254	0.250000	0.775267	0.058199
2.688087	0.932556	0.569725	1.096254	0.250000	0.775267	0.058199
2.697172	0.937573	0.582466	1.141267	0.250000	0.748702	0.053794
2.707559	0.937573	0.582466	1.141267	0.250000	0.748702	0.053794
2.718869	0.937573	0.582466	1.141267	0.250000	0.748702	0.053794
2.727297	0.937573	0.582466	1.141267	0.250000	0.748702	0.053794
2.737802	0.937573	0.582466	1.141267	0.250000	0.748702	0.053794
2.747553	0.937573	0.582466	1.141267	0.250000	0.748702	0.053794
2.757406	0.937573	0.582466	1.141267	0.250000	0.748702	0.053794
2.768066	0.937573	0.582466	1.141267	0.250000	0.748702	0.053794
2.777188	0.937573	0.582466	1.141267	0.250000	0.748702	0.053794
2.787614	0.937573	0.582466	1.141267	0.250000	0.748702	0.053794
2.797358	0.937573	0.582466	1.141267	0.250000	0.748702	0.053794
2.808204	0.942298	0.594934	1.180954	0.250000	0.713489	0.049882
2.817602	0.942298	0.594934	1.180954	0.250000	0.713489	0.049882
2.827611	0.942298	0.594934	1.180954	0.250000	0.713489	0.049882
2.839287	0.942298	0.594934	1.180954	0.250000	0.713489	0.049882
2.847067	0.942298	0.594934	1.180954	0.250000	0.713489	0.049882
2.857914	0.946639	0.608181	1.227379	0.250000	0.675303	0.045605
2.867655	0.946639	0.608181	1.227379	0.250000	0.675303	0.045605
2.877278	0.946639	0.608181	1.227379	0.250000	0.675303	0.045605
2.887329	0.946639	0.608181	1.227379	0.250000	0.675303	0.045605
2.897208	0.946639	0.608181	1.227379	0.250000	0.675303	0.045605
2.907375	0.951844	0.624157	1.275433	0.250000	0.631855	0.041668
2.917417	0.951844	0.624157	1.275433	0.250000	0.631855	0.041668
2.927169	0.951844	0.624157	1.275433	0.250000	0.631855	0.041668
2.937890	0.951844	0.624157	1.275433	0.250000	0.631855	0.041668
2.947629	0.951844	0.624157	1.275433	0.250000	0.631855	0.041668
2.957160	0.951844	0.624157	1.275433	0.250000	0.631855	0.041668
2.967211	0.955989	0.637498	1.315361	0.250000	0.603627	0.039145
2.977157	0.955989	0.637498	1.315361	0.250000	0.603627	0.039145
2.987700	0.955989	0.637498	1.315361	0.250000	0.603627	0.039145
2.997447	0.955989	0.637498	1.315361	0.250000	0.603627	0.039145
3.007339	0.955989	0.637498	1.315361	0.250000	0.603627	0.039145
3.017246	0.955989	0.637498	1.315361	0.250000	0.603627	0.039145
3.027650	0.959412	0.649946	1.352968	0.250000	0.573632	0.036833
3.037409	0.959412	0.649946	1.352968	0.250000	0.573632	0.036833
3.047128	0.959412	0.649946	1.352968	0.250000	0.573632	0.036833
3.057220	0.959412	0.649946	1.352968	0.250000	0.573632	0.036833
3.067638	0.959412	0.649946	1.352968	0.250000	0.573632	0.036833
3.077727	0.959412	0.649946	1.352968	0.250000	0.573632	0.036833
3.087233	0.959412	0.649946	1.352968	0.250000	0.573632	0.036833
3.097965	0.959412	0.649946	1.352968	0.250000	0.573632	0.036833
3.107718	0.959412	0.649946	1.352968	0.250000	0.573632	0.036833
3.117523	0.962535	0.663980	1.386631	0.250000	0.543642	0.034740
3.127332	0.962535	0.663980	1.386631	0.250000	0.543642	0.034740
3.138017	0.962535	0.663980	1.386631	0.250000	0.543642	0.034740
3.147752	0.962535	0.663980	1.386631	0.250000	0.543642	0.034740
3.157542	0.962535	0.663980	1.386631	0.250000	0.543642	0.034740
3.167240	0.962535	0.663980	1.386631	0.250000	0.543642	0.034740
3.177153	0.962535	0.663980	1.386631	0.250000	0.543642	0.034740
3.187741	0.964950	0.678921	1.431598	0.250000	0.475008	0.030621
3.197518	0.964950	0.678921	1.431598	0.250000	0.475008	0.030621
3.207250	0.964950	0.678921	1.431598	0.250000	0.475008	0.030621
3.217154	0.964950	0.678921	1.431598	0.250000	0.475008	0.030621
3.227894	0.964950	0.678921	1.431598	0.250000	0.475008	0.030621
3.237666	0.964950	0.678921	1.431598	0.250000	0.475008	0.030621
3.247262	0.964950	0.678921	1.431598	0.250000	0.475008	0.030621
3.257190	0.964950	0.678921	1.431598	0.250000	0.475008	0.030621
3.267792	0.964950	0.678921	1.431598	0.250000	0.475008	0.030621
3.277285	0.964950	0.678921	1.431598	0.250000	0.475008	0.030621
3.287352	0.967889	0.700509	1.481573	0.250000	0.400763	0.026673
3.298081	0.967889	0.700509	1.481573	0.250000	0.400763	0.026673
3.307343	0.967889	0.700509	1.481573	0.250000	0.400763	0.026673
3.317302	0.967889	0.700509	1.481573	0.250000	0.400763	0.026673
3.327286	0.967889	0.700509	1.481573	0.250000	0.400763	0.026673
3.337106	0.967889	0.700509	1.481573	0.250000	0.400763	0.026673
3.347821	0.968123	0.718284	1.547980	0.250000	0.246465	0.018193
3.357643	0.968123	0.718284	1.547980	0.250000	0.246465	0.018193
3.367294	0.968123	0.718284	1.547980	0.250000	0.246465	0.018193
3.377206	0.968123	0.718284	1.547980	0.250000	0.246465	0.018193
3.387877	0.968123	0.718284	1.547980	0.250000	0.246465	0.018193
3.397626	0.968123	0.718284	1.547980	0.250000	0.246465	0.018193
3.407367	0.969184	0.738961	1.659137	0.250000	-0.020929	0.004331
3.418744	0.969184	0.738961	1.659137	0.250000	-0.020929	0.004331
3.427868	0.969184	0.738961	1.659137	0.250000	-0.020929	0.004331
3.437581	0.969184	0.738961	1.659137	0.250000	-0.020929	0.004331
3.447315	0.969184	0.738961	1.659137	0.250000	-0.020929	0.004331
3.457176	0.969184	0.738961	1.659137	0.250000	-0.020929	0.004331
3.467120	0.969184	0.738961	1.659137	0.250000	-0.020929	0.004331
3.477192	0.969184	0.738961	1.659137	0.250000	-0.020929	0.004331
3.487404	0.969184	0.738961	1.659137	0.250000	-0.020929	0.004331
3.497139	0.966170	0.754239	1.714901	0.250000	-0.193138	-0.006209
3.507896	0.966170	0.754239	1.714901	0.250000	-0.193138	-0.006209
3.517735	0.966170	0.754239	1.714901	0.250000	-0.193138	-0.006209
3.527464	0.966170	0.754239	1.714901	0.250000	-0.193138	-0.006209
3.537201	0.966170	0.754239	1.714901	0.250000	-0.193138	-0.006209
3.547971	0.966170	0.754239	1.714901	0.250000	-0.193138	-0.006209
3.557664	0.966170	0.754239	1.714901	0.250000	-0.193138	-0.006209
3.567396	0.966170	0.754239	1.714901	0.250000	-0.193138	-0.006209
3.577083	0.966170	0.754239	1.714901	0.250000	-0.193138	-0.006209
3.587216	0.966170	0.754239	1.714901	0.250000	-0.193138	-0.006209
3.597668	0.966170	0.754239	1.714901	0.250000	-0.193138	-0.006209
3.607433	0.962847	0.773011	1.761292	0.250000	-0.331322	-0.015082
3.617305	0.962847	0.773011	1.761292	0.250000	-0.331322	-0.015082
3.627219	0.962847	0.773011	1.761292	0.250000	-0.331322	-0.015082
3.637709	0.962847	0.773011	1.761292	0.250000	-0.331322	-0.015082
3.647436	0.962847	0.773011	1.761292	0.250000	-0.331322	-0.015082
3.657233	0.962847	0.773011	1.761292	0.250000	-0.331322	-0.015082
3.668077	0.962847	0.773011	1.761292	0.250000	-0.331322	-0.015082
3.677758	0.962847	0.773011	1.761292	0.250000	-0.331322	-0.015082
3.687465	0.962847	0.773011	1.761292	0.250000	-0.331322	-0.015082
3.697220	0.962847	0.773011	1.761292	0.250000	-0.331322	-0.015082
3.707132	0.958989	0.796746	1.740892	0.250000	-0.287690	-0.015069
3.717149	0.958989	0.796746	1.740892	0.250000	-0.287690	-0.015069
3.727462	0.958989	0.796746	1.740892	0.250000	-0.287690	-0.015069
3.737242	0.958989	0.796746	1.740892	0.250000	-0.287690	-0.015069
3.747174	0.958989	0.796746	1.740892	0.250000	-0.287690	-0.015069
3.757234	0.958989	0.796746	1.740892	0.250000	-0.287690	-0.015069
3.767518	0.958989	0.796746	1.740892	0.250000	-0.287690	-0.015069
3.777209	0.958989	0.796746	1.740892	0.250000	-0.287690	-0.015069
3.787978	0.958989	0.796746	1.740892	0.250000	-0.287690	-0.015069
3.797764	0.958989	0.796746	1.740892	0.250000	-0.287690	-0.015069
3.807549	0.958989	0.796746	1.740892	0.250000	-0.287690	-0.015069
3.817290	0.954542	0.821908	1.738171	0.250000	-0.280399	-0.017170
3.828014	0.954542	0.821908	1.738171	0.250000	-0.280399	-0.017170
3.837202	0.954542	0.821908	1.738171	0.250000	-0.280399	-0.017170
3.847546	0.954542	0.821908	1.738171	0.250000	-0.280399	-0.017170
3.857299	0.954542	0.821908	1.738171	0.250000	-0.280399	-0.017170
3.868020	0.954542	0.821908	1.738171	0.250000	-0.280399	-0.017170
3.877718	0.954542	0.821908	1.738171	0.250000	-0.280399	-0.017170
3.887525	0.954542	0.821908	1.738171	0.250000	-0.280399	-0.017170
3.897293	0.954542	0.821908	1.738171	0.250000	-0.280399	-0.017170
3.908052	0.951917	0.851605	1.719182	0.250000	-0.178871	-0.013962
3.917984	0.951917	0.851605	1.719182	0.250000	-0.178871	-0.013962
3.927570	0.951917	0.851605	1.719182	0.250000	-0.178871	-0.013962
3.937333	0.951917	0.851605	1.719182	0.250000	-0.178871	-0.013962
3.947253	0.951917	0.851605	1.719182	0.250000	-0.178871	-0.013962
3.957200	0.951917	0.851605	1.719182	0.250000	-0.178871	-0.013962
3.967574	0.951917	0.851605	1.719182	0.250000	-0.178871	-0.013962
3.977286	0.951917	0.851605	1.719182	0.250000	-0.178871	-0.013962
3.988044	0.951917	0.851605	1.719182	0.250000	-0.178871	-0.013962
3.997844	0.951917	0.851605	1.719182	0.250000	-0.178871	-0.013962
4.007548	0.951917	0.851605	1.719182	0.250000	-0.178871	-0.013962
4.017399	0.945695	0.870692	1.688643	0.250000	-0.109210	-0.013097
4.028107	0.945695	0.870692	1.688643	0.250000	-0.109210	-0.013097
4.037805	0.945695	0.870692	1.688643	0.250000	-0.109210	-0.013097
4.047629	0.945695	0.870692	1.688643	0.250000	-0.109210	-0.013097
4.057411	0.945695	0.870692	1.688643	0.250000	-0.109210	-0.013097
4.067154	0.945695	0.870692	1.688643	0.250000	-0.109210	-0.013097
4.077885	0.945695	0.870692	1.688643	0.250000	-0.109210	-0.013097
4.087625	0.945695	0.870692	1.688643	0.250000	-0.109210	-0.013097
4.097364	0.945695	0.870692	1.688643	0.250000	-0.109210	-0.013097
4.107181	0.945695	0.870692	1.688643	0.250000	-0.109210	-0.013097
4.117170	0.942973	0.893823	1.731444	0.250000	-0.155507	-0.017266
4.127701	0.942973	0.893823	1.731444	0.250000	-0.155507	-0.017266
4.137358	0.942973	0.893823	1.731444	0.250000	-0.155507	-0.017266
4.147184	0.942973	0.893823	1.731444	0.250000	-0.155507	-0.017266
4.157496	0.942973	0.893823	1.731444	0.250000	-0.155507	-0.017266
4.167644	0.939681	0.910794	1.768352	0.250000	-0.211154	-0.021728
4.178458	0.939681	0.910794	1.768352	0.250000	-0.211154	-0.021728
4.187222	0.939681	0.910794	1.768352	0.250000	-0.211154	-0.021728
4.197931	0.939681	0.910794	1.768352	0.250000	-0.211154	-0.021728
4.207676	0.939681	0.910794	1.768352	0.250000	-0.211154	-0.021728
4.217399	0.939681	0.910794	1.768352	0.250000	-0.211154	-0.021728
4.227236	0.939681	0.910794	1.768352	0.250000	-0.211154	-0.021728
4.237261	0.939923	0.932610	1.808518	0.250000	-0.222948	-0.021502
4.247698	0.939923	0.932610	1.808518	0.250000	-0.222948	-0.021502
4.257673	0.939923	0.932610	1.808518	0.250000	-0.222948	-0.021502
4.267298	0.939923	0.932610	1.808518	0.250000	-0.222948	-0.021502
4.278082	0.939923	0.932610	1.808518	0.250000	-0.222948	-0.021502
4.287734	0.939923	0.932610	1.808518	0.250000	-0.222948	-0.021502
4.297521	0.939923	0.932610	1.808518	0.250000	-0.222948	-0.021502
4.308995	0.939923	0.932610	1.808518	0.250000	-0.222948	-0.021502
4.317338	0.939923	0.932610	1.808518	0.250000	-0.222948	-0.021502
4.327813	0.938848	0.948497	1.777032	0.250000	-0.095383	-0.013947
4.337515	0.938848	0.948497	1.777032	0.250000	-0.095383	-0.013947
4.347257	0.938848	0.948497	1.777032	0.250000	-0.095383	-0.013947
4.357185	0.938848	0.948497	1.777032	0.250000	-0.095383	-0.013947
4.367702	0.938848	0.948497	1.777032	0.250000	-0.095383	-0.013947
4.377496	0.940030	0.968006	1.683385	0.250000	0.232914	0.005481
4.387257	0.940030	0.968006	1.683385	0.250000	0.232914	0.005481
4.397922	0.940030	0.968006	1.683385	0.250000	0.232914	0.005481
4.408460	0.940030	0.968006	1.683385	0.250000	0.232914	0.005481
4.417822	0.940030	0.968006	1.683385	0.250000	0.232914	0.005481
4.427380	0.940030	0.968006	1.683385	0.250000	0.232914	0.005481
4.437160	0.940474	0.984129	1.646815	0.250000	0.372723	0.014439
4.447770	0.940474	0.984129	1.646815	0.250000	0.372723	0.014439
4.457532	0.940474	0.984129	1.646815	0.250000	0.372723	0.014439
4.469342	0.940474	0.984129	1.646815	0.250000	0.372723	0.014439
4.478052	0.940474	0.984129	1.646815	0.250000	0.372723	0.014439
4.487805	0.940474	0.984129	1.646815	0.250000	0.372723	0.014439
4.497512	0.940474	0.984129	1.646815	0.250000	0.372723	0.014439
4.507186	0.940474	0.984129	1.646815	0.250000	0.372723	0.014439
4.517201	0.940474	0.984129	1.646815	0.250000	0.372723	0.014439
4.527203	0.940474	0.984129	1.646815	0.250000	0.372723	0.014439
4.537159	0.942301	1.004316	1.559129	0.250000	0.651738	0.032795
4.548692	0.942301	1.004316	1.559129	0.250000	0.651738	0.032795
4.557165	0.942301	1.004316	1.559129	0.250000	0.651738	0.032795
4.568852	0.942301	1.004316	1.559129	0.250000	0.651738	0.032795
4.577717	0.942301	1.004316	1.559129	0.250000	0.651738	0.032795
4.587352	0.942301	1.004316	1.559129	0.250000	0.651738	0.032795
4.598086	0.942301	1.004316	1.559129	0.250000	0.651738	0.032795
4.607764	0.942301	1.004316	1.559129	0.250000	0.651738	0.032795
4.617728	0.942301	1.004316	1.559129	0.250000	0.651738	0.032795
4.627416	0.942301	1.004316	1.559129	0.250000	0.651738	0.032795
4.637166	0.942386	1.019796	1.586342	0.250000	0.611864	0.033171
4.647870	0.942386	1.019796	1.586342	0.250000	0.611864	0.033171
4.657633	0.942386	1.019796	1.586342	0.250000	0.611864	0.033171
4.667608	0.942386	1.019796	1.586342	0.250000	0.611864	0.033171
4.678107	0.942386	1.019796	1.586342	0.250000	0.611864	0.033171
4.687947	0.942386	1.019796	1.586342	0.250000	0.611864	0.033171
4.697647	0.946130	1.044150	1.504691	0.250000	0.837089	0.052144
4.707427	0.946130	1.044150	1.504691	0.250000	0.837089	0.052144
4.717138	0.946130	1.044150	1.504691	0.250000	0.837089	0.052144
4.727150	0.946130	1.044150	1.504691	0.250000	0.837089	0.052144
4.737572	0.946130	1.044150	1.504691	0.250000	0.837089	0.052144
4.747252	0.948673	1.061262	1.479110	0.250000	0.896168	0.061335
4.757166	0.948673	1.061262	1.479110	0.250000	0.896168	0.061335
4.767856	0.948673	1.061262	1.479110	0.250000	0.896168	0.061335
4.777592	0.948673	1.061262	1.479110	0.250000	0.896168	0.061335
4.787364	0.948673	1.061262	1.479110	0.250000	0.896168	0.061335
4.797183	0.948673	1.061262	1.479110	0.250000	0.896168	0.061335
4.807422	0.948673	1.061262	1.479110	0.250000	0.896168	0.061335
4.817242	0.948673	1.061262	1.479110	0.250000	0.896168	0.061335
4.827417	0.948673	1.061262	1.479110	0.250000	0.896168	0.061335
4.837186	0.948673	1.061262	1.479110	0.250000	0.896168	0.061335
4.848757	0.951635	1.079555	1.405107	0.250000	1.019704	0.075553
4.857705	0.951635	1.079555	1.405107	0.250000	1.019704	0.075553
4.867439	0.951635	1.079555	1.405107	0.250000	1.019704	0.075553
4.877136	0.951635	1.079555	1.405107	0.250000	1.019704	0.075553
4.887169	0.951635	1.079555	1.405107	0.250000	1.019704	0.075553
4.897165	0.951635	1.079555	1.405107	0.250000	1.019704	0.075553
4.907477	0.951226	1.089849	1.416753	0.250000	0.966362	0.075806
4.917326	0.951226	1.089849	1.416753	0.250000	0.966362	0.075806
4.927209	0.951226	1.089849	1.416753	0.250000	0.966362	0.075806
4.937689	0.951226	1.089849	1.416753	0.250000	0.966362	0.075806
4.947446	0.951226	1.089849	1.416753	0.250000	0.966362	0.075806
4.957238	0.951226	1.089849	1.416753	0.250000	0.966362	0.075806
4.967981	0.951226	1.089849	1.416753	0.250000	0.966362	0.075806
4.977785	0.951226	1.089849	1.416753	0.250000	0.966362	0.075806
4.988629	0.951226	1.089849	1.416753	0.250000	0.966362	0.075806
4.997251	0.951226	1.089849	1.416753	0.250000	0.966362	0.075806
5.007984	0.950957	1.102362	1.455717	0.250000	0.856891	0.072356
5.017763	0.950957	1.102362	1.455717	0.250000	0.856891	0.072356
5.027565	0.950957	1.102362	1.455717	0.250000	0.856891	0.072356
5.037298	0.950957	1.102362	1.455717	0.250000	0.856891	0.072356
5.047109	0.950957	1.102362	1.455717	0.250000	0.856891	0.072356
5.057208	0.951416	1.117875	1.513481	0.250000	0.711354	0.065582
5.067515	0.951416	1.117875	1.513481	0.250000	0.711354	0.065582
5.077217	0.951416	1.117875	1.513481	0.250000	0.711354	0.065582
5.088167	0.951416	1.117875	1.513481	0.250000	0.711354	0.065582
5.097730	0.951416	1.117875	1.513481	0.250000	0.711354	0.065582
5.107538	0.953039	1.138330	1.566424	0.250000	0.573415	0.059322
5.117395	0.953039	1.138330	1.566424	0.250000	0.573415	0.059322
5.127298	0.953039	1.138330	1.566424	0.250000	0.573415	0.059322
5.137779	0.953039	1.138330	1.566424	0.250000	0.573415	0.059322
5.147589	0.953039	1.138330	1.566424	0.250000	0.573415	0.059322
5.165238	0.953039	1.138330	1.566424	0.250000	0.573415	0.059322
5.168087	0.953039	1.138330	1.566424	0.250000	0.573415	0.059322
5.177208	0.953039	1.138330	1.566424	0.250000	0.573415	0.059322
5.187236	0.953039	1.138330	1.566424	0.250000	0.573415	0.059322
5.197354	0.953039	1.138330	1.566424	0.250000	0.573415	0.059322
5.207343	0.953039	1.138330	1.566424	0.250000	0.573415	0.059322
5.217152	0.953039	1.138330	1.566424	0.250000	0.573415	0.059322
5.227595	0.953039	1.138330	1.566424	0.250000	0.573415	0.059322
5.237310	0.953223	1.157175	1.608833	0.250000	0.445667	0.052096
5.248035	0.953223	1.157175	1.608833	0.250000	0.445667	0.052096
5.257879	0.953223	1.157175	1.608833	0.250000	0.445667	0.052096
5.267625	0.953223	1.157175	1.608833	0.250000	0.445667	0.052096
5.277401	0.953223	1.157175	1.608833	0.250000	0.445667	0.052096
5.288119	0.953223	1.157175	1.608833	0.250000	0.445667	0.052096
5.297785	0.953223	1.157175	1.608833	0.250000	0.445667	0.052096
5.308029	0.953223	1.157175	1.608833	0.250000	0.445667	0.052096
5.317420	0.953223	1.157175	1.608833	0.250000	0.445667	0.052096
5.327286	0.953223	1.157175	1.608833	0.250000	0.445667	0.052096
5.337224	0.952091	1.184896	1.675605	0.250000	0.246577	0.039397
5.347632	0.952091	1.184896	1.675605	0.250000	0.246577	0.039397
5.357413	0.952091	1.184896	1.675605	0.250000	0.246577	0.039397
5.367195	0.952091	1.184896	1.675605	0.250000	0.246577	0.039397
5.377864	0.952091	1.184896	1.675605	0.250000	0.246577	0.039397
5.387654	0.952091	1.184896	1.675605	0.250000	0.246577	0.039397
5.397349	0.952091	1.184896	1.675605	0.250000	0.246577	0.039397
5.407138	0.952091	1.184896	1.675605	0.250000	0.246577	0.039397
5.417253	0.952091	1.184896	1.675605	0.250000	0.246577	0.039397
5.427235	0.952091	1.184896	1.675605	0.250000	0.246577	0.039397
5.437462	0.952091	1.184896	1.675605	0.250000	0.246577	0.039397
5.447186	0.949663	1.209916	1.723063	0.250000	0.079395	0.027776
5.457944	0.949663	1.209916	1.723063	0.250000	0.079395	0.027776
5.467661	0.949663	1.209916	1.723063	0.250000	0.079395	0.027776
5.477404	0.949663	1.209916	1.723063	0.250000	0.079395	0.027776
5.487221	0.945110	1.229799	1.780784	0.250000	-0.117496	0.014783
5.497204	0.945110	1.229799	1.780784	0.250000	-0.117496	0.014783
5.507660	0.945110	1.229799	1.780784	0.250000	-0.117496	0.014783
5.517430	0.945110	1.229799	1.780784	0.250000	-0.117496	0.014783
5.527235	0.945110	1.229799	1.780784	0.250000	-0.117496	0.014783
5.537924	0.941758	1.245921	1.818084	0.250000	-0.251112	0.005609
5.547737	0.941758	1.245921	1.818084	0.250000	-0.251112	0.005609
5.557530	0.941758	1.245921	1.818084	0.250000	-0.251112	0.005609
5.567259	0.941758	1.245921	1.818084	0.250000	-0.251112	0.005609
5.577909	0.941758	1.245921	1.818084	0.250000	-0.251112	0.005609
5.587700	0.941758	1.245921	1.818084	0.250000	-0.251112	0.005609
5.597509	0.941758	1.245921	1.818084	0.250000	-0.251112	0.005609
5.607194	0.941758	1.245921	1.818084	0.250000	-0.251112	0.005609
5.617136	0.941758	1.245921	1.818084	0.250000	-0.251112	0.005609
5.627216	0.941758	1.245921	1.818084	0.250000	-0.251112	0.005609
5.637457	0.935442	1.259835	1.874390	0.250000	-0.457408	-0.007952
5.647378	0.935442	1.259835	1.874390	0.250000	-0.457408	-0.007952
5.657793	0.935442	1.259835	1.874390	0.250000	-0.457408	-0.007952
5.667771	0.935442	1.259835	1.874390	0.250000	-0.457408	-0.007952
5.677261	0.935442	1.259835	1.874390	0.250000	-0.457408	-0.007952
5.687320	0.935442	1.259835	1.874390	0.250000	-0.457408	-0.007952
5.698054	0.935442	1.259835	1.874390	0.250000	-0.457408	-0.007952
5.707763	0.935442	1.259835	1.874390	0.250000	-0.457408	-0.007952
5.717553	0.935442	1.259835	1.874390	0.250000	-0.457408	-0.007952
5.727323	0.935442	1.259835	1.874390	0.250000	-0.457408	-0.007952
5.738015	0.935442	1.259835	1.874390	0.250000	-0.457408	-0.007952
5.747226	0.932135	1.291165	1.942069	0.250000	-0.620029	-0.020133
5.757540	0.932135	1.291165	1.942069	0.250000	-0.620029	-0.020133
5.767312	0.932135	1.291165	1.942069	0.250000	-0.620029	-0.020133
5.777106	0.932135	1.291165	1.942069	0.250000	-0.620029	-0.020133
5.787596	0.932135	1.291165	1.942069	0.250000	-0.620029	-0.020133
5.797598	0.932135	1.291165	1.942069	0.250000	-0.620029	-0.020133
5.807299	0.932135	1.291165	1.942069	0.250000	-0.620029	-0.020133
5.817162	0.932135	1.291165	1.942069	0.250000	-0.620029	-0.020133
5.828210	0.932135	1.291165	1.942069	0.250000	-0.620029	-0.020133
5.837644	0.923027	1.310398	1.996759	0.250000	-0.793630	-0.034808
5.847482	0.923027	1.310398	1.996759	0.250000	-0.793630	-0.034808
5.858101	0.923027	1.310398	1.996759	0.250000	-0.793630	-0.034808
5.867877	0.923027	1.310398	1.996759	0.250000	-0.793630	-0.034808
5.877570	0.923027	1.310398	1.996759	0.250000	-0.793630	-0.034808
5.887370	0.923027	1.310398	1.996759	0.250000	-0.793630	-0.034808
5.898055	0.923027	1.310398	1.996759	0.250000	-0.793630	-0.034808
5.907819	0.923027	1.310398	1.996759	0.250000	-0.793630	-0.034808
5.917556	0.923027	1.310398	1.996759	0.250000	-0.793630	-0.034808
5.927510	0.923027	1.310398	1.996759	0.250000	-0.793630	-0.034808
5.937217	0.923027	1.310398	1.996759	0.250000	-0.793630	-0.034808
5.947875	0.923027	1.310398	1.996759	0.250000	-0.793630	-0.034808
5.957614	0.913039	1.325582	2.049803	0.250000	-0.946691	-0.049174
5.967427	0.913039	1.325582	2.049803	0.250000	-0.946691	-0.049174
5.977106	0.913039	1.325582	2.049803	0.250000	-0.946691	-0.049174
5.987224	0.913039	1.325582	2.049803	0.250000	-0.946691	-0.049174
5.997226	0.913039	1.325582	2.049803	0.250000	-0.946691	-0.049174
6.007599	0.913039	1.325582	2.049803	0.250000	-0.946691	-0.049174
6.017241	0.913039	1.325582	2.049803	0.250000	-0.946691	-0.049174
6.027191	0.913039	1.325582	2.049803	0.250000	-0.946691	-0.049174
6.037194	0.913039	1.325582	2.049803	0.250000	-0.946691	-0.049174
6.047459	0.913039	1.325582	2.049803	0.250000	-0.946691	-0.049174
6.057225	0.898737	1.332716	2.080941	0.250000	-1.085016	-0.064787
6.071083	0.898737	1.332716	2.080941	0.250000	-1.085016	-0.064787
6.077613	0.898737	1.332716	2.080941	0.250000	-1.085016	-0.064787
6.087456	0.898737	1.332716	2.080941	0.250000	-1.085016	-0.064787
6.097171	0.898737	1.332716	2.080941	0.250000	-1.085016	-0.064787
6.107895	0.889272	1.355744	2.221019	0.250000	-1.283458	-0.083742
6.117654	0.889272	1.355744	2.221019	0.250000	-1.283458	-0.083742
6.127457	0.889272	1.355744	2.221019	0.250000	-1.283458	-0.083742
6.137191	0.889272	1.355744	2.221019	0.250000	-1.283458	-0.083742
6.148005	0.889272	1.355744	2.221019	0.250000	-1.283458	-0.083742
6.158428	0.889272	1.355744	2.221019	0.250000	-1.283458	-0.083742
6.167497	0.889272	1.355744	2.221019	0.250000	-1.283458	-0.083742
6.177271	0.889272	1.355744	2.221019	0.250000	-1.283458	-0.083742
6.187165	0.889272	1.355744	2.221019	0.250000	-1.283458	-0.083742
6.197212	0.889272	1.355744	2.221019	0.250000	-1.283458	-0.083742
6.208444	0.882289	1.386514	2.212613	0.250000	-1.176336	-0.078208
