x(i)	y(i)	theta(i)
0.708293	0.159576	2.172929
0.706122	0.162828	2.145718
0.704085	0.166070	2.117726
0.702179	0.169302	2.088971
0.700404	0.172525	2.059481
0.698757	0.175739	2.029290
0.697236	0.178943	1.998442
0.695839	0.182139	1.966985
0.694565	0.185325	1.934975
0.693413	0.188503	1.902479
0.692379	0.191672	1.869567
0.691462	0.194833	1.836315
0.690661	0.197986	1.802808
0.689974	0.201131	1.769130
0.689398	0.204268	1.735373
0.688932	0.207397	1.701627
0.688575	0.210519	1.667985
0.688324	0.213633	1.634536
0.688177	0.216740	1.601370
0.688133	0.219841	1.568570
0.688190	0.222934	1.536216
0.688347	0.226020	1.504383
0.688600	0.229100	1.473138
0.688949	0.232174	1.442541
0.689391	0.235241	1.412646
0.689926	0.238302	1.383498
0.690550	0.241358	1.355136
0.691262	0.244407	1.327589
0.692061	0.247451	1.300882
0.692945	0.250490	1.275033
0.693911	0.253523	1.250051
0.694958	0.256551	1.225942
0.696084	0.259575	1.202708
0.697287	0.262593	1.180345
0.698566	0.265607	1.158844
0.699919	0.268617	1.138196
0.701343	0.271622	1.118387
0.702837	0.274623	1.099400
0.704400	0.277620	1.081220
0.706029	0.280614	1.063827
0.707722	0.283603	1.047201
0.709478	0.286590	1.031322
0.711295	0.289573	1.016170
0.713172	0.292553	1.001722
0.715105	0.295529	0.987959
0.717094	0.298504	0.974859
0.719137	0.301475	0.962401
0.721231	0.304444	0.950567
0.723375	0.307411	0.939336
0.725568	0.310375	0.928690
0.727807	0.313337	0.918610
0.730091	0.316298	0.909079
0.732417	0.319257	0.900080
0.734784	0.322214	0.891597
0.737191	0.325171	0.883615
0.739634	0.328126	0.876120
0.742113	0.331079	0.869097
0.744626	0.334032	0.862535
0.747171	0.336985	0.856421
0.749745	0.339937	0.850744
0.752348	0.342888	0.845494
0.754977	0.345839	0.840653
0.757631	0.348791	0.836212
0.760308	0.351742	0.832161
0.763005	0.354693	0.828494
0.765722	0.357644	0.825202
0.768456	0.360596	0.822281
0.771205	0.363549	0.819724
0.773968	0.366501	0.817526
0.776743	0.369455	0.815684
0.779528	0.372409	0.814192
0.782321	0.375365	0.813050
0.785121	0.378321	0.812253
0.787925	0.381278	0.811800
0.790732	0.384237	0.811690
0.793539	0.387197	0.811922
0.796346	0.390158	0.812496
0.799151	0.393121	0.813413
0.801950	0.396086	0.814674
0.804744	0.399053	0.816280
0.807529	0.402021	0.818234
0.810304	0.404992	0.820538
0.813068	0.407964	0.823197
0.815818	0.410939	0.826213
0.818552	0.413916	0.829593
0.821269	0.416896	0.833341
0.823968	0.419878	0.837462
0.826645	0.422863	0.841965
0.829300	0.425851	0.846855
0.831930	0.428842	0.852142
0.834534	0.431836	0.857832
0.837109	0.434833	0.863936
0.839655	0.437833	0.870463
0.842169	0.440837	0.877425
0.844650	0.443844	0.884831
0.847095	0.446854	0.892695
0.849502	0.449869	0.901028
0.851871	0.452887	0.909845
0.854199	0.455909	0.919159
0.856484	0.458935	0.928984
0.858725	0.461966	0.939337
0.860919	0.465000	0.950234
0.863065	0.468039	0.961690
0.865162	0.471083	0.973723
0.867206	0.474131	0.986350
0.869197	0.477184	0.999590
0.871133	0.480242	1.013461
0.873011	0.483305	1.027982
0.874830	0.486372	1.043170
0.876589	0.489445	1.059045
0.878284	0.492523	1.075624
0.879916	0.495607	1.092926
0.881481	0.498696	1.110967
0.882978	0.501791	1.129764
0.884405	0.504891	1.149331
0.885760	0.507998	1.169680
0.887041	0.511110	1.190823
0.888248	0.514228	1.212768
0.889377	0.517353	1.235037
0.890431	0.520484	1.256776
0.891413	0.523620	1.277925
0.892326	0.526763	1.298442
0.893172	0.529912	1.318286
0.893953	0.533067	1.337424
0.894674	0.536228	1.355824
0.895336	0.539394	1.373459
0.895942	0.542567	1.390305
0.896496	0.545745	1.406341
0.896999	0.548929	1.421551
0.897455	0.552118	1.435921
0.897866	0.555314	1.449439
0.898236	0.558514	1.462096
0.898566	0.561721	1.473886
0.898861	0.564933	1.484804
0.899121	0.568150	1.494848
0.899352	0.571372	1.504016
0.899554	0.574600	1.512308
0.899731	0.577833	1.519724
0.899885	0.581072	1.526266
0.900021	0.584315	1.531937
0.900139	0.587564	1.536740
0.900243	0.590818	1.540677
0.900336	0.594076	1.543752
0.900420	0.597340	1.545968
0.900499	0.600609	1.547330
0.900575	0.603882	1.547840
0.900650	0.607161	1.547504
0.900729	0.610444	1.546323
0.900812	0.613732	1.544303
0.900904	0.617024	1.541447
0.901007	0.620321	1.537759
0.901123	0.623623	1.533242
0.901256	0.626929	1.527902
0.901408	0.630240	1.521742
0.901582	0.633555	1.514767
0.901781	0.636875	1.506984
0.902007	0.640199	1.498397
0.902264	0.643527	1.489014
0.902554	0.646860	1.478843
0.902880	0.650196	1.467892
0.903245	0.653537	1.456172
0.903651	0.656882	1.443695
0.904101	0.660231	1.430473
0.904598	0.663584	1.416522
0.905146	0.666940	1.401858
0.905745	0.670301	1.386501
0.906400	0.673666	1.370472
0.907113	0.677034	1.353793
0.907887	0.680406	1.336492
0.908725	0.683782	1.318595
0.909629	0.687161	1.300135
0.910602	0.690544	1.281143
0.911647	0.693931	1.262245
0.912760	0.697321	1.244999
0.913937	0.700714	1.229443
0.915171	0.704111	1.215527
0.916457	0.707512	1.203205
0.917789	0.710915	1.192434
0.919162	0.714322	1.183174
0.920570	0.717732	1.175389
0.922008	0.721145	1.169049
0.923470	0.724561	1.164126
0.924950	0.727981	1.160601
0.926443	0.731403	1.158457
0.927943	0.734828	1.157682
0.929445	0.738256	1.158269
0.930943	0.741687	1.160219
0.932432	0.745121	1.163533
0.933905	0.748558	1.168221
0.935358	0.751997	1.174297
0.936784	0.755439	1.181777
0.938179	0.758883	1.190684
0.939536	0.762330	1.201045
0.940850	0.765780	1.212889
0.942115	0.769232	1.226250
0.943327	0.772686	1.241163
0.944478	0.776143	1.257666
0.945564	0.779602	1.275799
0.946579	0.783064	1.295599
0.947517	0.786527	1.317105
0.948374	0.789993	1.340348
0.949142	0.793461	1.365359
0.949818	0.796931	1.392159
0.950394	0.800403	1.420759
0.950866	0.803876	1.451152
0.951231	0.807352	1.480827
0.951496	0.810830	1.507703
0.951674	0.814309	1.531710
0.951772	0.817791	1.552804
0.951802	0.821274	1.570959
0.951774	0.824758	1.586166
0.951698	0.828245	1.598425
0.951585	0.831732	1.607740
0.951444	0.835222	1.614120
0.951286	0.838713	1.617571
0.951121	0.842205	1.618101
0.950958	0.845698	1.615714
0.950810	0.849193	1.610410
0.950685	0.852690	1.602645
0.950587	0.856187	1.594905
0.950515	0.859686	1.587570
0.950469	0.863186	1.580639
0.950446	0.866687	1.574113
0.950445	0.870189	1.567992
0.950465	0.873693	1.562276
0.950504	0.877197	1.556965
0.950562	0.880703	1.552059
0.950635	0.884210	1.547557
0.950724	0.887719	1.543459
0.950827	0.891228	1.539764
0.950942	0.894739	1.536472
0.951067	0.898250	1.533582
0.951203	0.901763	1.531093
0.951346	0.905277	1.529005
0.951496	0.908792	1.527318
0.951652	0.912308	1.526030
0.951811	0.915825	1.525142
0.951973	0.919343	1.524652
0.952135	0.922863	1.524560
0.952298	0.926383	1.524867
0.952459	0.929905	1.525571
0.952616	0.933427	1.526672
0.952769	0.936951	1.528171
0.952916	0.940475	1.530066
0.953056	0.944001	1.532359
0.953187	0.947527	1.535048
0.953308	0.951055	1.538133
0.953417	0.954583	1.541615
0.953513	0.958113	1.545493
0.953595	0.961643	1.549768
0.953661	0.965175	1.554438
0.953710	0.968707	1.559504
0.953741	0.972240	1.564965
0.953751	0.975774	1.570821
0.953740	0.979310	1.577071
0.953706	0.982846	1.583714
0.953648	0.986383	1.590750
0.953565	0.989920	1.598177
0.953454	0.993459	1.605994
0.953315	0.996999	1.614198
0.953146	1.000539	1.622789
0.952946	1.004081	1.631763
0.952713	1.007623	1.641117
0.952446	1.011166	1.650849
0.952144	1.014709	1.660954
0.951805	1.018254	1.671428
0.951428	1.021800	1.682268
0.951011	1.025346	1.693466
0.950553	1.028893	1.705018
0.950052	1.032441	1.716916
0.949508	1.035989	1.729154
0.948918	1.039538	1.741724
0.948282	1.043089	1.754545
0.947599	1.046639	1.766922
0.946872	1.050191	1.778689
0.946101	1.053743	1.789852
0.945291	1.057296	1.800416
0.944441	1.060850	1.810389
0.943555	1.064404	1.819775
0.942634	1.067959	1.828582
0.941681	1.071515	1.836817
0.940697	1.075071	1.844486
0.939684	1.078628	1.851596
0.938645	1.082186	1.858151
0.937582	1.085744	1.864160
0.936496	1.089303	1.869627
0.935390	1.092863	1.874557
0.934265	1.096423	1.878956
0.933124	1.099984	1.882828
0.931968	1.103545	1.886176
0.930800	1.107107	1.889005
0.929622	1.110670	1.891318
0.928436	1.114233	1.893117
0.927243	1.117797	1.894404
0.926046	1.121361	1.895182
0.924846	1.124926	1.895450
0.923646	1.128491	1.895209
0.922449	1.132057	1.894460
0.921255	1.135623	1.893201
0.920066	1.139190	1.891433
0.918886	1.142757	1.889152
0.917716	1.146325	1.886358
0.916557	1.149893	1.883047
0.915412	1.153462	1.879216
0.914284	1.157031	1.874862
0.913173	1.160601	1.869981
0.912082	1.164171	1.864569
0.911013	1.167741	1.858621
0.909969	1.171312	1.852131
0.908950	1.174883	1.845094
0.907959	1.178455	1.837505
0.906999	1.182027	1.829359
0.906071	1.185599	1.820648
0.905176	1.189172	1.811367
0.904318	1.192745	1.801509
0.903498	1.196319	1.791070
0.902718	1.199893	1.780044
0.901981	1.203467	1.768424
0.901288	1.207041	1.756222
0.900640	1.210616	1.743993
0.900036	1.214191	1.732017
0.899477	1.217767	1.720302
0.898959	1.221342	1.708854
0.898482	1.224918	1.697679
0.898046	1.228495	1.686781
0.897649	1.232071	1.676166
0.897289	1.235648	1.665838
0.896966	1.239225	1.655801
0.896679	1.242802	1.646059
0.896427	1.246379	1.636614
0.896207	1.249957	1.627470
0.896020	1.253535	1.618628
0.895864	1.257113	1.610091
0.895739	1.260691	1.601861
0.895642	1.264269	1.593939
0.895573	1.267848	1.586327
0.895530	1.271427	1.579026
0.895513	1.275005	1.572036
0.895521	1.278584	1.565358
0.895552	1.282164	1.558993
0.895605	1.285743	1.552941
0.895679	1.289322	1.547201
0.895774	1.292901	1.541776
0.895887	1.296481	1.536663
0.896018	1.300061	1.531864
0.896165	1.303640	1.527377
0.896328	1.307220	1.523204
0.896506	1.310800	1.519343
0.896697	1.314379	1.515794
0.896900	1.317959	1.512557
0.897114	1.321539	1.509632
0.897338	1.325119	1.507018
0.897571	1.328699	1.504715
0.897811	1.332279	1.502722
0.898058	1.335859	1.501041
0.898311	1.339438	1.499669
0.898568	1.343018	1.498608
0.898828	1.346598	1.497857
0.899091	1.350178	1.497415
0.899354	1.353757	1.497284
0.899618	1.357337	1.497462
0.899880	1.360916	1.497950
0.900140	1.364496	1.498748
0.900396	1.368075	1.499857
0.900648	1.371654	1.501275
0.900894	1.375233	1.503004
0.901134	1.378812	1.505044
0.901365	1.382391	1.507395
0.901588	1.385970	1.510057
0.901800	1.389548	1.513031
0.902001	1.393126	1.516317
0.902190	1.396705	1.519915
0.902365	1.400283	1.523826
0.902526	1.403860	1.528051
0.902671	1.407438	1.532588
0.902799	1.411015	1.537439
0.902909	1.414593	1.542604
0.903001	1.418169	1.548082
0.903071	1.421746	1.553875
0.903121	1.425323	1.559981
0.903148	1.428899	1.566401
0.903152	1.432475	1.573135
0.903131	1.436050	1.580181
0.903085	1.439626	1.587540
0.903011	1.443201	1.595210
0.902910	1.446776	1.603190
0.902779	1.450350	1.611479
0.902618	1.453924	1.620076
0.902426	1.457498	1.628978
0.902202	1.461071	1.638184
0.901944	1.464645	1.647690
0.901651	1.468217	1.657495
0.901322	1.471790	1.667595
0.900957	1.475362	1.677987
0.900553	1.478933	1.688666
0.900111	1.482504	1.699627
0.899628	1.486075	1.710868
0.899103	1.489646	1.722380
0.898536	1.493216	1.734160
0.897926	1.496785	1.746201
