t	x(t)	y(t)	theta(t)	v(t)	gamma(t)	efa
0.000347	0.685293	0.177058	1.594538	0.250000	-0.561321	-0.014583
0.007595	0.685293	0.177058	1.594538	0.250000	-0.561321	-0.014583
0.010810	0.685293	0.177058	1.594538	0.250000	-0.561321	-0.014583
0.021071	0.685293	0.177058	1.594538	0.250000	-0.561321	-0.014583
0.030874	0.685293	0.177058	1.594538	0.250000	-0.561321	-0.014583
0.040911	0.685293	0.177058	1.594538	0.250000	-0.561321	-0.014583
0.050826	0.685293	0.177058	1.594538	0.250000	-0.561321	-0.014583
0.060795	0.685293	0.177058	1.594538	0.250000	-0.561321	-0.014583
0.071338	0.685293	0.177058	1.594538	0.250000	-0.561321	-0.014583
0.081154	0.685293	0.177058	1.594538	0.250000	-0.561321	-0.014583
0.090921	0.685293	0.177058	1.594538	0.250000	-0.561321	-0.014583
0.101597	0.685293	0.177058	1.594538	0.250000	-0.561321	-0.014583
0.111521	0.685293	0.177058	1.594538	0.250000	-0.561321	-0.014583
0.121168	0.685293	0.177058	1.594538	0.250000	-0.561321	-0.014583
0.130865	0.685293	0.177058	1.594538	0.250000	-0.561321	-0.014583
0.141641	0.685293	0.177058	1.594538	0.250000	-0.561321	-0.014583
0.151382	0.685293	0.177058	1.594538	0.250000	-0.561321	-0.014583
0.161290	0.685293	0.177058	1.594538	0.250000	-0.561321	-0.014583
0.171203	0.685293	0.177058	1.594538	0.250000	-0.561321	-0.014583
0.181668	0.685293	0.177058	1.594538	0.250000	-0.561321	-0.014583
0.191445	0.685293	0.177058	1.594538	0.250000	-0.561321	-0.014583
0.201154	0.685293	0.177058	1.594538	0.250000	-0.561321	-0.014583
0.210917	0.685293	0.177058	1.594538	0.250000	-0.561321	-0.014583
0.221675	0.685293	0.177058	1.594538	0.250000	-0.561321	-0.014583
0.231662	0.688325	0.171806	1.592228	0.250000	-0.507846	-0.010224
0.241169	0.688325	0.171806	1.592228	0.250000	-0.507846	-0.010224
0.250932	0.688325	0.171806	1.592228	0.250000	-0.507846	-0.010224
0.261045	0.688325	0.171806	1.592228	0.250000	-0.507846	-0.010224
0.271487	0.688325	0.171806	1.592228	0.250000	-0.507846	-0.010224
0.281011	0.688325	0.171806	1.592228	0.250000	-0.507846	-0.010224
0.290953	0.688325	0.171806	1.592228	0.250000	-0.507846	-0.010224
0.300838	0.689174	0.177088	1.590128	0.250000	-0.504547	-0.010122
0.310796	0.689174	0.177088	1.590128	0.250000	-0.504547	-0.010122
0.320875	0.689174	0.177088	1.590128	0.250000	-0.504547	-0.010122
0.330846	0.689174	0.177088	1.590128	0.250000	-0.504547	-0.010122
0.340782	0.687023	0.192919	1.572959	0.250000	-0.657712	-0.016402
0.350794	0.687023	0.192919	1.572959	0.250000	-0.657712	-0.016402
0.360806	0.687023	0.192919	1.572959	0.250000	-0.657712	-0.016402
0.371439	0.687023	0.192919	1.572959	0.250000	-0.657712	-0.016402
0.380881	0.687023	0.192919	1.572959	0.250000	-0.657712	-0.016402
0.391522	0.687023	0.192919	1.572959	0.250000	-0.657712	-0.016402
0.401294	0.687023	0.192919	1.572959	0.250000	-0.657712	-0.016402
0.410981	0.687023	0.192919	1.572959	0.250000	-0.657712	-0.016402
0.420773	0.687023	0.192919	1.572959	0.250000	-0.657712	-0.016402
0.432206	0.687023	0.192919	1.572959	0.250000	-0.657712	-0.016402
0.441348	0.687023	0.192919	1.572959	0.250000	-0.657712	-0.016402
0.453777	0.688350	0.209715	1.535372	0.250000	-0.719540	-0.018188
0.460841	0.688350	0.209715	1.535372	0.250000	-0.719540	-0.018188
0.470810	0.688350	0.209715	1.535372	0.250000	-0.719540	-0.018188
0.481020	0.688350	0.209715	1.535372	0.250000	-0.719540	-0.018188
0.490864	0.688350	0.209715	1.535372	0.250000	-0.719540	-0.018188
0.500824	0.688350	0.209715	1.535372	0.250000	-0.719540	-0.018188
0.510799	0.688350	0.209715	1.535372	0.250000	-0.719540	-0.018188
0.520821	0.688350	0.209715	1.535372	0.250000	-0.719540	-0.018188
0.531281	0.688350	0.209715	1.535372	0.250000	-0.719540	-0.018188
0.540920	0.688350	0.209715	1.535372	0.250000	-0.719540	-0.018188
0.550852	0.690212	0.229476	1.475706	0.250000	-0.725227	-0.018392
0.560855	0.690212	0.229476	1.475706	0.250000	-0.725227	-0.018392
0.570855	0.690212	0.229476	1.475706	0.250000	-0.725227	-0.018392
0.580761	0.690212	0.229476	1.475706	0.250000	-0.725227	-0.018392
0.590810	0.690212	0.229476	1.475706	0.250000	-0.725227	-0.018392
0.601321	0.690212	0.229476	1.475706	0.250000	-0.725227	-0.018392
0.611941	0.690212	0.229476	1.475706	0.250000	-0.725227	-0.018392
0.620861	0.690212	0.229476	1.475706	0.250000	-0.725227	-0.018392
0.631582	0.690212	0.229476	1.475706	0.250000	-0.725227	-0.018392
0.641321	0.695213	0.245792	1.411078	0.250000	-0.710515	-0.017709
0.651122	0.695213	0.245792	1.411078	0.250000	-0.710515	-0.017709
0.660929	0.695213	0.245792	1.411078	0.250000	-0.710515	-0.017709
0.671652	0.695213	0.245792	1.411078	0.250000	-0.710515	-0.017709
0.681388	0.695213	0.245792	1.411078	0.250000	-0.710515	-0.017709
0.691344	0.695213	0.245792	1.411078	0.250000	-0.710515	-0.017709
0.700897	0.695213	0.245792	1.411078	0.250000	-0.710515	-0.017709
0.711615	0.699643	0.265183	1.370503	0.250000	-0.737427	-0.020523
0.720827	0.699643	0.265183	1.370503	0.250000	-0.737427	-0.020523
0.731125	0.699643	0.265183	1.370503	0.250000	-0.737427	-0.020523
0.740883	0.699643	0.265183	1.370503	0.250000	-0.737427	-0.020523
0.751631	0.699643	0.265183	1.370503	0.250000	-0.737427	-0.020523
0.761605	0.699643	0.265183	1.370503	0.250000	-0.737427	-0.020523
0.771224	0.699643	0.265183	1.370503	0.250000	-0.737427	-0.020523
0.780945	0.699643	0.265183	1.370503	0.250000	-0.737427	-0.020523
0.791677	0.699643	0.265183	1.370503	0.250000	-0.737427	-0.020523
0.801456	0.699643	0.265183	1.370503	0.250000	-0.737427	-0.020523
0.811192	0.705331	0.286028	1.329990	0.250000	-0.778613	-0.025208
0.820970	0.705331	0.286028	1.329990	0.250000	-0.778613	-0.025208
0.830800	0.705331	0.286028	1.329990	0.250000	-0.778613	-0.025208
0.841447	0.705331	0.286028	1.329990	0.250000	-0.778613	-0.025208
0.852151	0.705331	0.286028	1.329990	0.250000	-0.778613	-0.025208
0.860785	0.705331	0.286028	1.329990	0.250000	-0.778613	-0.025208
0.870768	0.710925	0.301346	1.307465	0.250000	-0.798654	-0.027960
0.880777	0.710925	0.301346	1.307465	0.250000	-0.798654	-0.027960
0.890865	0.710925	0.301346	1.307465	0.250000	-0.798654	-0.027960
0.900960	0.710925	0.301346	1.307465	0.250000	-0.798654	-0.027960
0.910784	0.715080	0.315966	1.290360	0.250000	-0.840830	-0.032858
0.921486	0.715080	0.315966	1.290360	0.250000	-0.840830	-0.032858
0.931222	0.715080	0.315966	1.290360	0.250000	-0.840830	-0.032858
0.940987	0.715080	0.315966	1.290360	0.250000	-0.840830	-0.032858
0.950836	0.715080	0.315966	1.290360	0.250000	-0.840830	-0.032858
0.960821	0.715080	0.315966	1.290360	0.250000	-0.840830	-0.032858
0.971282	0.715080	0.315966	1.290360	0.250000	-0.840830	-0.032858
0.985338	0.718781	0.327614	1.260687	0.250000	-0.827669	-0.034236
0.990746	0.718781	0.327614	1.260687	0.250000	-0.827669	-0.034236
1.001531	0.718781	0.327614	1.260687	0.250000	-0.827669	-0.034236
1.011163	0.718781	0.327614	1.260687	0.250000	-0.827669	-0.034236
1.020840	0.718781	0.327614	1.260687	0.250000	-0.827669	-0.034236
1.030837	0.718781	0.327614	1.260687	0.250000	-0.827669	-0.034236
1.041480	0.718781	0.327614	1.260687	0.250000	-0.827669	-0.034236
1.050771	0.718781	0.327614	1.260687	0.250000	-0.827669	-0.034236
1.060840	0.718781	0.327614	1.260687	0.250000	-0.827669	-0.034236
1.070797	0.722389	0.349089	1.210400	0.250000	-0.829966	-0.039710
1.080916	0.722389	0.349089	1.210400	0.250000	-0.829966	-0.039710
1.091335	0.722389	0.349089	1.210400	0.250000	-0.829966	-0.039710
1.101090	0.722389	0.349089	1.210400	0.250000	-0.829966	-0.039710
1.111907	0.722389	0.349089	1.210400	0.250000	-0.829966	-0.039710
1.120833	0.722389	0.349089	1.210400	0.250000	-0.829966	-0.039710
1.131314	0.730143	0.366074	1.148076	0.250000	-0.751756	-0.039412
1.141061	0.730143	0.366074	1.148076	0.250000	-0.751756	-0.039412
1.150801	0.730143	0.366074	1.148076	0.250000	-0.751756	-0.039412
1.160817	0.730143	0.366074	1.148076	0.250000	-0.751756	-0.039412
1.170836	0.730143	0.366074	1.148076	0.250000	-0.751756	-0.039412
1.181073	0.730143	0.366074	1.148076	0.250000	-0.751756	-0.039412
1.190846	0.730143	0.366074	1.148076	0.250000	-0.751756	-0.039412
1.200810	0.730143	0.366074	1.148076	0.250000	-0.751756	-0.039412
1.211388	0.730143	0.366074	1.148076	0.250000	-0.751756	-0.039412
1.221293	0.730143	0.366074	1.148076	0.250000	-0.751756	-0.039412
1.230865	0.730143	0.366074	1.148076	0.250000	-0.751756	-0.039412
1.241599	0.736607	0.380646	1.106018	0.250000	-0.689129	-0.038857
1.251197	0.736607	0.380646	1.106018	0.250000	-0.689129	-0.038857
1.261116	0.736607	0.380646	1.106018	0.250000	-0.689129	-0.038857
1.270830	0.736607	0.380646	1.106018	0.250000	-0.689129	-0.038857
1.280748	0.736607	0.380646	1.106018	0.250000	-0.689129	-0.038857
1.291348	0.747834	0.389199	1.074451	0.250000	-0.570083	-0.032276
1.300920	0.747834	0.389199	1.074451	0.250000	-0.570083	-0.032276
1.310934	0.747834	0.389199	1.074451	0.250000	-0.570083	-0.032276
1.321650	0.747834	0.389199	1.074451	0.250000	-0.570083	-0.032276
1.331358	0.747834	0.389199	1.074451	0.250000	-0.570083	-0.032276
1.341141	0.747834	0.389199	1.074451	0.250000	-0.570083	-0.032276
1.350867	0.750412	0.404193	1.029132	0.250000	-0.516453	-0.034053
1.360843	0.750412	0.404193	1.029132	0.250000	-0.516453	-0.034053
1.370931	0.750412	0.404193	1.029132	0.250000	-0.516453	-0.034053
1.380877	0.750412	0.404193	1.029132	0.250000	-0.516453	-0.034053
1.390923	0.750412	0.404193	1.029132	0.250000	-0.516453	-0.034053
1.400804	0.750412	0.404193	1.029132	0.250000	-0.516453	-0.034053
1.411887	0.756766	0.414180	0.984517	0.250000	-0.389746	-0.029407
1.421202	0.756766	0.414180	0.984517	0.250000	-0.389746	-0.029407
1.430874	0.756766	0.414180	0.984517	0.250000	-0.389746	-0.029407
1.441610	0.756766	0.414180	0.984517	0.250000	-0.389746	-0.029407
1.451203	0.756766	0.414180	0.984517	0.250000	-0.389746	-0.029407
1.461300	0.756766	0.414180	0.984517	0.250000	-0.389746	-0.029407
1.471010	0.756766	0.414180	0.984517	0.250000	-0.389746	-0.029407
1.480822	0.756766	0.414180	0.984517	0.250000	-0.389746	-0.029407
1.491654	0.756766	0.414180	0.984517	0.250000	-0.389746	-0.029407
1.501197	0.766396	0.427856	0.936191	0.250000	-0.216717	-0.022782
1.511055	0.766396	0.427856	0.936191	0.250000	-0.216717	-0.022782
1.521738	0.766396	0.427856	0.936191	0.250000	-0.216717	-0.022782
1.531474	0.766396	0.427856	0.936191	0.250000	-0.216717	-0.022782
1.541184	0.766396	0.427856	0.936191	0.250000	-0.216717	-0.022782
1.550810	0.766396	0.427856	0.936191	0.250000	-0.216717	-0.022782
1.560819	0.766396	0.427856	0.936191	0.250000	-0.216717	-0.022782
1.570795	0.766396	0.427856	0.936191	0.250000	-0.216717	-0.022782
1.580765	0.766396	0.427856	0.936191	0.250000	-0.216717	-0.022782
1.590879	0.766396	0.427856	0.936191	0.250000	-0.216717	-0.022782
1.600867	0.781448	0.438660	0.881990	0.250000	0.072216	-0.008183
1.611952	0.781448	0.438660	0.881990	0.250000	0.072216	-0.008183
1.620852	0.781448	0.438660	0.881990	0.250000	0.072216	-0.008183
1.630853	0.781448	0.438660	0.881990	0.250000	0.072216	-0.008183
1.640771	0.781448	0.438660	0.881990	0.250000	0.072216	-0.008183
1.650798	0.781448	0.438660	0.881990	0.250000	0.072216	-0.008183
1.660841	0.792899	0.459460	0.833949	0.250000	0.327612	-0.000737
1.671126	0.792899	0.459460	0.833949	0.250000	0.327612	-0.000737
1.680797	0.792899	0.459460	0.833949	0.250000	0.327612	-0.000737
1.690847	0.792899	0.459460	0.833949	0.250000	0.327612	-0.000737
1.701307	0.792899	0.459460	0.833949	0.250000	0.327612	-0.000737
1.711030	0.792899	0.459460	0.833949	0.250000	0.327612	-0.000737
1.720830	0.808785	0.475552	0.808101	0.250000	0.606841	0.010994
1.731546	0.808785	0.475552	0.808101	0.250000	0.606841	0.010994
1.741288	0.808785	0.475552	0.808101	0.250000	0.606841	0.010994
1.750825	0.808785	0.475552	0.808101	0.250000	0.606841	0.010994
1.760948	0.808785	0.475552	0.808101	0.250000	0.606841	0.010994
1.771589	0.808785	0.475552	0.808101	0.250000	0.606841	0.010994
1.781341	0.814801	0.488572	0.783948	0.250000	0.712731	0.013917
1.790890	0.814801	0.488572	0.783948	0.250000	0.712731	0.013917
1.800819	0.814801	0.488572	0.783948	0.250000	0.712731	0.013917
1.811311	0.814801	0.488572	0.783948	0.250000	0.712731	0.013917
1.821364	0.814801	0.488572	0.783948	0.250000	0.712731	0.013917
1.831137	0.814801	0.488572	0.783948	0.250000	0.712731	0.013917
1.840886	0.814801	0.488572	0.783948	0.250000	0.712731	0.013917
1.851614	0.814801	0.488572	0.783948	0.250000	0.712731	0.013917
1.861388	0.814801	0.488572	0.783948	0.250000	0.712731	0.013917
1.871209	0.814801	0.488572	0.783948	0.250000	0.712731	0.013917
1.880913	0.814801	0.488572	0.783948	0.250000	0.712731	0.013917
1.890829	0.828935	0.500415	0.757498	0.250000	0.920965	0.025400
1.904316	0.828935	0.500415	0.757498	0.250000	0.920965	0.025400
1.911084	0.828935	0.500415	0.757498	0.250000	0.920965	0.025400
1.920911	0.828935	0.500415	0.757498	0.250000	0.920965	0.025400
1.930799	0.828935	0.500415	0.757498	0.250000	0.920965	0.025400
1.941342	0.836678	0.507637	0.747110	0.250000	1.004818	0.030321
1.951143	0.836678	0.507637	0.747110	0.250000	1.004818	0.030321
1.960954	0.836678	0.507637	0.747110	0.250000	1.004818	0.030321
1.971712	0.836678	0.507637	0.747110	0.250000	1.004818	0.030321
1.981410	0.836678	0.507637	0.747110	0.250000	1.004818	0.030321
1.991180	0.836678	0.507637	0.747110	0.250000	1.004818	0.030321
2.000989	0.836678	0.507637	0.747110	0.250000	1.004818	0.030321
2.010875	0.836678	0.507637	0.747110	0.250000	1.004818	0.030321
2.020920	0.836678	0.507637	0.747110	0.250000	1.004818	0.030321
2.031255	0.836678	0.507637	0.747110	0.250000	1.004818	0.030321
2.040968	0.836678	0.507637	0.747110	0.250000	1.004818	0.030321
2.050815	0.855284	0.517816	0.770054	0.250000	1.142000	0.042787
2.060786	0.855284	0.517816	0.770054	0.250000	1.142000	0.042787
2.071185	0.855284	0.517816	0.770054	0.250000	1.142000	0.042787
2.080926	0.855284	0.517816	0.770054	0.250000	1.142000	0.042787
2.091797	0.855284	0.517816	0.770054	0.250000	1.142000	0.042787
2.101463	0.855284	0.517816	0.770054	0.250000	1.142000	0.042787
2.111130	0.855284	0.517816	0.770054	0.250000	1.142000	0.042787
2.120939	0.855284	0.517816	0.770054	0.250000	1.142000	0.042787
2.130822	0.855284	0.517816	0.770054	0.250000	1.142000	0.042787
2.141494	0.855284	0.517816	0.770054	0.250000	1.142000	0.042787
2.152158	0.871689	0.529293	0.836474	0.250000	1.145248	0.049110
2.161010	0.871689	0.529293	0.836474	0.250000	1.145248	0.049110
2.170797	0.871689	0.529293	0.836474	0.250000	1.145248	0.049110
2.181465	0.871689	0.529293	0.836474	0.250000	1.145248	0.049110
2.190963	0.871689	0.529293	0.836474	0.250000	1.145248	0.049110
2.201045	0.871689	0.529293	0.836474	0.250000	1.145248	0.049110
2.210844	0.871689	0.529293	0.836474	0.250000	1.145248	0.049110
2.221496	0.871689	0.529293	0.836474	0.250000	1.145248	0.049110
2.231290	0.871689	0.529293	0.836474	0.250000	1.145248	0.049110
2.240950	0.871689	0.529293	0.836474	0.250000	1.145248	0.049110
2.250962	0.887006	0.547740	0.909493	0.250000	1.099463	0.056611
2.260834	0.887006	0.547740	0.909493	0.250000	1.099463	0.056611
2.270845	0.887006	0.547740	0.909493	0.250000	1.099463	0.056611
2.281128	0.887006	0.547740	0.909493	0.250000	1.099463	0.056611
2.290873	0.887006	0.547740	0.909493	0.250000	1.099463	0.056611
2.301576	0.887006	0.547740	0.909493	0.250000	1.099463	0.056611
2.312378	0.897013	0.568738	0.991553	0.250000	0.887206	0.057213
2.321094	0.897013	0.568738	0.991553	0.250000	0.887206	0.057213
2.330810	0.897013	0.568738	0.991553	0.250000	0.887206	0.057213
2.341500	0.897013	0.568738	0.991553	0.250000	0.887206	0.057213
2.350797	0.897013	0.568738	0.991553	0.250000	0.887206	0.057213
2.360823	0.902764	0.587416	1.049326	0.250000	0.705692	0.050927
2.370840	0.902764	0.587416	1.049326	0.250000	0.705692	0.050927
2.382010	0.902764	0.587416	1.049326	0.250000	0.705692	0.050927
2.391363	0.902764	0.587416	1.049326	0.250000	0.705692	0.050927
2.401127	0.902764	0.587416	1.049326	0.250000	0.705692	0.050927
2.410905	0.902764	0.587416	1.049326	0.250000	0.705692	0.050927
2.420834	0.902764	0.587416	1.049326	0.250000	0.705692	0.050927
2.430804	0.902764	0.587416	1.049326	0.250000	0.705692	0.050927
2.441089	0.902764	0.587416	1.049326	0.250000	0.705692	0.050927
2.450794	0.902764	0.587416	1.049326	0.250000	0.705692	0.050927
2.460801	0.910609	0.603766	1.100005	0.250000	0.596691	0.045579
2.472371	0.910609	0.603766	1.100005	0.250000	0.596691	0.045579
2.482338	0.910609	0.603766	1.100005	0.250000	0.596691	0.045579
2.490901	0.910609	0.603766	1.100005	0.250000	0.596691	0.045579
2.501665	0.910609	0.603766	1.100005	0.250000	0.596691	0.045579
2.510805	0.910609	0.603766	1.100005	0.250000	0.596691	0.045579
2.520873	0.921136	0.615636	1.142015	0.250000	0.570208	0.045703
2.530859	0.921136	0.615636	1.142015	0.250000	0.570208	0.045703
2.540776	0.921136	0.615636	1.142015	0.250000	0.570208	0.045703
2.551753	0.921136	0.615636	1.142015	0.250000	0.570208	0.045703
2.560845	0.921136	0.615636	1.142015	0.250000	0.570208	0.045703
2.570882	0.929231	0.625776	1.184565	0.250000	0.532152	0.043973
2.580764	0.929231	0.625776	1.184565	0.250000	0.532152	0.043973
2.591408	0.929231	0.625776	1.184565	0.250000	0.532152	0.043973
2.601165	0.929231	0.625776	1.184565	0.250000	0.532152	0.043973
2.610873	0.929231	0.625776	1.184565	0.250000	0.532152	0.043973
2.620828	0.929231	0.625776	1.184565	0.250000	0.532152	0.043973
2.631427	0.929231	0.625776	1.184565	0.250000	0.532152	0.043973
2.641270	0.929231	0.625776	1.184565	0.250000	0.532152	0.043973
2.651953	0.929231	0.625776	1.184565	0.250000	0.532152	0.043973
2.660917	0.929231	0.625776	1.184565	0.250000	0.532152	0.043973
2.671443	0.933020	0.643156	1.230533	0.250000	0.463250	0.035960
2.681157	0.933020	0.643156	1.230533	0.250000	0.463250	0.035960
2.690977	0.933020	0.643156	1.230533	0.250000	0.463250	0.035960
2.701651	0.933020	0.643156	1.230533	0.250000	0.463250	0.035960
2.711424	0.933020	0.643156	1.230533	0.250000	0.463250	0.035960
2.721254	0.933020	0.643156	1.230533	0.250000	0.463250	0.035960
2.731008	0.933020	0.643156	1.230533	0.250000	0.463250	0.035960
2.741054	0.933020	0.643156	1.230533	0.250000	0.463250	0.035960
2.751756	0.933020	0.643156	1.230533	0.250000	0.463250	0.035960
2.761487	0.933020	0.643156	1.230533	0.250000	0.463250	0.035960
2.770872	0.933020	0.643156	1.230533	0.250000	0.463250	0.035960
2.780990	0.933924	0.657374	1.280377	0.250000	0.377393	0.026435
2.791855	0.933924	0.657374	1.280377	0.250000	0.377393	0.026435
2.800875	0.933924	0.657374	1.280377	0.250000	0.377393	0.026435
2.810893	0.933924	0.657374	1.280377	0.250000	0.377393	0.026435
2.820911	0.933924	0.657374	1.280377	0.250000	0.377393	0.026435
2.830797	0.933924	0.657374	1.280377	0.250000	0.377393	0.026435
2.840805	0.933924	0.657374	1.280377	0.250000	0.377393	0.026435
2.850865	0.933924	0.657374	1.280377	0.250000	0.377393	0.026435
2.860873	0.933924	0.657374	1.280377	0.250000	0.377393	0.026435
2.870875	0.933924	0.657374	1.280377	0.250000	0.377393	0.026435
2.880800	0.933924	0.657374	1.280377	0.250000	0.377393	0.026435
2.890901	0.933924	0.657374	1.280377	0.250000	0.377393	0.026435
2.900770	0.937245	0.675972	1.345852	0.250000	0.306244	0.017389
2.910867	0.937245	0.675972	1.345852	0.250000	0.306244	0.017389
2.921488	0.937245	0.675972	1.345852	0.250000	0.306244	0.017389
2.931240	0.937245	0.675972	1.345852	0.250000	0.306244	0.017389
2.940970	0.937245	0.675972	1.345852	0.250000	0.306244	0.017389
2.951480	0.938783	0.693914	1.393715	0.250000	0.244948	0.010662
2.961043	0.938783	0.693914	1.393715	0.250000	0.244948	0.010662
2.970888	0.938783	0.693914	1.393715	0.250000	0.244948	0.010662
2.980996	0.938783	0.693914	1.393715	0.250000	0.244948	0.010662
2.991041	0.938783	0.693914	1.393715	0.250000	0.244948	0.010662
3.001532	0.938783	0.693914	1.393715	0.250000	0.244948	0.010662
3.011227	0.938783	0.693914	1.393715	0.250000	0.244948	0.010662
3.021039	0.944072	0.714013	1.525807	0.250000	-0.019515	-0.002753
3.030851	0.944072	0.714013	1.525807	0.250000	-0.019515	-0.002753
3.040811	0.944072	0.714013	1.525807	0.250000	-0.019515	-0.002753
3.050882	0.944072	0.714013	1.525807	0.250000	-0.019515	-0.002753
3.060936	0.944072	0.714013	1.525807	0.250000	-0.019515	-0.002753
3.070792	0.947577	0.731798	1.567130	0.250000	-0.089930	-0.005471
3.081617	0.947577	0.731798	1.567130	0.250000	-0.089930	-0.005471
3.091327	0.947577	0.731798	1.567130	0.250000	-0.089930	-0.005471
3.101078	0.947577	0.731798	1.567130	0.250000	-0.089930	-0.005471
3.110793	0.947577	0.731798	1.567130	0.250000	-0.089930	-0.005471
3.121552	0.947577	0.731798	1.567130	0.250000	-0.089930	-0.005471
3.131274	0.947577	0.731798	1.567130	0.250000	-0.089930	-0.005471
3.141004	0.947577	0.731798	1.567130	0.250000	-0.089930	-0.005471
3.150786	0.947577	0.731798	1.567130	0.250000	-0.089930	-0.005471
3.160780	0.947577	0.731798	1.567130	0.250000	-0.089930	-0.005471
3.171341	0.950178	0.746423	1.696452	0.250000	-0.390190	-0.020680
3.181172	0.950178	0.746423	1.696452	0.250000	-0.390190	-0.020680
3.190914	0.950178	0.746423	1.696452	0.250000	-0.390190	-0.020680
3.201621	0.950178	0.746423	1.696452	0.250000	-0.390190	-0.020680
3.211323	0.950178	0.746423	1.696452	0.250000	-0.390190	-0.020680
3.221112	0.950178	0.746423	1.696452	0.250000	-0.390190	-0.020680
3.230866	0.950178	0.746423	1.696452	0.250000	-0.390190	-0.020680
3.241580	0.950178	0.746423	1.696452	0.250000	-0.390190	-0.020680
3.251322	0.950178	0.746423	1.696452	0.250000	-0.390190	-0.020680
3.261119	0.950178	0.746423	1.696452	0.250000	-0.390190	-0.020680
3.270837	0.950178	0.746423	1.696452	0.250000	-0.390190	-0.020680
3.280812	0.951897	0.770152	1.657829	0.250000	-0.254805	-0.014026
3.290823	0.951897	0.770152	1.657829	0.250000	-0.254805	-0.014026
3.301643	0.951897	0.770152	1.657829	0.250000	-0.254805	-0.014026
3.310807	0.951897	0.770152	1.657829	0.250000	-0.254805	-0.014026
3.323000	0.951897	0.770152	1.657829	0.250000	-0.254805	-0.014026
3.330945	0.951897	0.770152	1.657829	0.250000	-0.254805	-0.014026
3.340919	0.951897	0.770152	1.657829	0.250000	-0.254805	-0.014026
3.351008	0.951897	0.770152	1.657829	0.250000	-0.254805	-0.014026
3.360834	0.951897	0.770152	1.657829	0.250000	-0.254805	-0.014026
3.371403	0.951897	0.770152	1.657829	0.250000	-0.254805	-0.014026
3.380954	0.951897	0.770152	1.657829	0.250000	-0.254805	-0.014026
3.390933	0.950854	0.792641	1.661301	0.250000	-0.242309	-0.015309
3.401614	0.950854	0.792641	1.661301	0.250000	-0.242309	-0.015309
3.410990	0.950854	0.792641	1.661301	0.250000	-0.242309	-0.015309
3.421283	0.950854	0.792641	1.661301	0.250000	-0.242309	-0.015309
3.430911	0.950854	0.792641	1.661301	0.250000	-0.242309	-0.015309
3.441689	0.949157	0.812708	1.563272	0.250000	0.039610	-0.002716
3.451393	0.949157	0.812708	1.563272	0.250000	0.039610	-0.002716
3.461259	0.949157	0.812708	1.563272	0.250000	0.039610	-0.002716
3.470955	0.949157	0.812708	1.563272	0.250000	0.039610	-0.002716
3.480801	0.949157	0.812708	1.563272	0.250000	0.039610	-0.002716
3.491554	0.949157	0.812708	1.563272	0.250000	0.039610	-0.002716
3.501201	0.949157	0.812708	1.563272	0.250000	0.039610	-0.002716
3.510964	0.949157	0.812708	1.563272	0.250000	0.039610	-0.002716
3.521656	0.949157	0.812708	1.563272	0.250000	0.039610	-0.002716
3.531492	0.949157	0.812708	1.563272	0.250000	0.039610	-0.002716
3.541334	0.949157	0.812708	1.563272	0.250000	0.039610	-0.002716
3.551090	0.948336	0.833492	1.524585	0.250000	0.194621	0.003464
3.560848	0.948336	0.833492	1.524585	0.250000	0.194621	0.003464
3.571515	0.948336	0.833492	1.524585	0.250000	0.194621	0.003464
3.580750	0.948336	0.833492	1.524585	0.250000	0.194621	0.003464
3.590983	0.948336	0.833492	1.524585	0.250000	0.194621	0.003464
3.600729	0.948336	0.833492	1.524585	0.250000	0.194621	0.003464
3.611573	0.949484	0.853963	1.494886	0.250000	0.367081	0.011323
3.621246	0.949484	0.853963	1.494886	0.250000	0.367081	0.011323
3.630966	0.949484	0.853963	1.494886	0.250000	0.367081	0.011323
3.640856	0.949484	0.853963	1.494886	0.250000	0.367081	0.011323
3.651025	0.949484	0.853963	1.494886	0.250000	0.367081	0.011323
3.660848	0.949484	0.853963	1.494886	0.250000	0.367081	0.011323
3.671062	0.949484	0.853963	1.494886	0.250000	0.367081	0.011323
3.680786	0.949484	0.853963	1.494886	0.250000	0.367081	0.011323
3.690743	0.949484	0.853963	1.494886	0.250000	0.367081	0.011323
3.700822	0.953254	0.878303	1.470976	0.250000	0.566509	0.021708
3.711078	0.953254	0.878303	1.470976	0.250000	0.566509	0.021708
3.720819	0.953254	0.878303	1.470976	0.250000	0.566509	0.021708
3.731566	0.953254	0.878303	1.470976	0.250000	0.566509	0.021708
3.741422	0.953254	0.878303	1.470976	0.250000	0.566509	0.021708
3.751068	0.953254	0.878303	1.470976	0.250000	0.566509	0.021708
3.760964	0.953254	0.878303	1.470976	0.250000	0.566509	0.021708
3.770898	0.953254	0.878303	1.470976	0.250000	0.566509	0.021708
3.780897	0.952286	0.894890	1.454586	0.250000	0.668192	0.025756
3.791097	0.952286	0.894890	1.454586	0.250000	0.668192	0.025756
3.800848	0.952286	0.894890	1.454586	0.250000	0.668192	0.025756
3.811558	0.952286	0.894890	1.454586	0.250000	0.668192	0.025756
3.821354	0.952286	0.894890	1.454586	0.250000	0.668192	0.025756
3.831067	0.952286	0.894890	1.454586	0.250000	0.668192	0.025756
3.840801	0.952286	0.894890	1.454586	0.250000	0.668192	0.025756
3.851529	0.952286	0.894890	1.454586	0.250000	0.668192	0.025756
3.860913	0.952286	0.894890	1.454586	0.250000	0.668192	0.025756
3.870958	0.952286	0.894890	1.454586	0.250000	0.668192	0.025756
3.880862	0.954393	0.915232	1.461806	0.250000	0.775345	0.031461
3.890857	0.954393	0.915232	1.461806	0.250000	0.775345	0.031461
3.901396	0.954393	0.915232	1.461806	0.250000	0.775345	0.031461
3.911103	0.954393	0.915232	1.461806	0.250000	0.775345	0.031461
3.922017	0.954393	0.915232	1.461806	0.250000	0.775345	0.031461
3.931602	0.954393	0.915232	1.461806	0.250000	0.775345	0.031461
3.941439	0.957639	0.935726	1.583880	0.250000	0.644004	0.026507
3.951283	0.957639	0.935726	1.583880	0.250000	0.644004	0.026507
3.960966	0.957639	0.935726	1.583880	0.250000	0.644004	0.026507
3.970861	0.957639	0.935726	1.583880	0.250000	0.644004	0.026507
3.981452	0.957639	0.935726	1.583880	0.250000	0.644004	0.026507
3.990873	0.960852	0.950600	1.613646	0.250000	0.674940	0.031103
4.001021	0.960852	0.950600	1.613646	0.250000	0.674940	0.031103
4.011679	0.960852	0.950600	1.613646	0.250000	0.674940	0.031103
4.021451	0.960852	0.950600	1.613646	0.250000	0.674940	0.031103
4.031186	0.960852	0.950600	1.613646	0.250000	0.674940	0.031103
4.040908	0.960852	0.950600	1.613646	0.250000	0.674940	0.031103
4.051406	0.959612	0.960337	1.639773	0.250000	0.641057	0.030405
4.061556	0.959612	0.960337	1.639773	0.250000	0.641057	0.030405
4.071225	0.959612	0.960337	1.639773	0.250000	0.641057	0.030405
4.080986	0.959612	0.960337	1.639773	0.250000	0.641057	0.030405
4.091708	0.959612	0.960337	1.639773	0.250000	0.641057	0.030405
4.101453	0.959612	0.960337	1.639773	0.250000	0.641057	0.030405
4.111174	0.957723	0.969786	1.576151	0.250000	0.790009	0.039199
4.120872	0.957723	0.969786	1.576151	0.250000	0.790009	0.039199
4.131716	0.957723	0.969786	1.576151	0.250000	0.790009	0.039199
4.141399	0.957723	0.969786	1.576151	0.250000	0.790009	0.039199
4.151213	0.957723	0.969786	1.576151	0.250000	0.790009	0.039199
4.160845	0.957723	0.969786	1.576151	0.250000	0.790009	0.039199
4.170741	0.957723	0.969786	1.576151	0.250000	0.790009	0.039199
4.180916	0.957723	0.969786	1.576151	0.250000	0.790009	0.039199
4.191473	0.957723	0.969786	1.576151	0.250000	0.790009	0.039199
4.201136	0.957723	0.969786	1.576151	0.250000	0.790009	0.039199
4.210756	0.958450	0.988013	1.616439	0.250000	0.742483	0.041160
4.221512	0.958450	0.988013	1.616439	0.250000	0.742483	0.041160
4.231210	0.958450	0.988013	1.616439	0.250000	0.742483	0.041160
4.241018	0.958450	0.988013	1.616439	0.250000	0.742483	0.041160
4.250891	0.958450	0.988013	1.616439	0.250000	0.742483	0.041160
4.261513	0.959039	1.004196	1.659864	0.250000	0.655241	0.041680
4.271232	0.959039	1.004196	1.659864	0.250000	0.655241	0.041680
4.280853	0.959039	1.004196	1.659864	0.250000	0.655241	0.041680
4.290820	0.959039	1.004196	1.659864	0.250000	0.655241	0.041680
4.300728	0.959039	1.004196	1.659864	0.250000	0.655241	0.041680
4.310838	0.959118	1.021158	1.690393	0.250000	0.541020	0.042407
4.321198	0.959118	1.021158	1.690393	0.250000	0.541020	0.042407
4.331327	0.959118	1.021158	1.690393	0.250000	0.541020	0.042407
4.341592	0.959118	1.021158	1.690393	0.250000	0.541020	0.042407
4.351252	0.959118	1.021158	1.690393	0.250000	0.541020	0.042407
4.361078	0.959118	1.021158	1.690393	0.250000	0.541020	0.042407
4.370770	0.959118	1.021158	1.690393	0.250000	0.541020	0.042407
4.380924	0.958595	1.035716	1.720895	0.250000	0.374653	0.039632
4.391285	0.958595	1.035716	1.720895	0.250000	0.374653	0.039632
4.401068	0.958595	1.035716	1.720895	0.250000	0.374653	0.039632
4.411026	0.958595	1.035716	1.720895	0.250000	0.374653	0.039632
4.421488	0.958595	1.035716	1.720895	0.250000	0.374653	0.039632
4.431261	0.957235	1.048427	1.748840	0.250000	0.249415	0.034867
4.440984	0.957235	1.048427	1.748840	0.250000	0.249415	0.034867
4.450843	0.957235	1.048427	1.748840	0.250000	0.249415	0.034867
4.460851	0.957235	1.048427	1.748840	0.250000	0.249415	0.034867
4.470865	0.957235	1.048427	1.748840	0.250000	0.249415	0.034867
4.481120	0.957235	1.048427	1.748840	0.250000	0.249415	0.034867
4.490886	0.957235	1.048427	1.748840	0.250000	0.249415	0.034867
4.500844	0.951787	1.054435	1.781585	0.250000	0.107779	0.025452
4.511360	0.951787	1.054435	1.781585	0.250000	0.107779	0.025452
4.521136	0.951787	1.054435	1.781585	0.250000	0.107779	0.025452
4.530896	0.951787	1.054435	1.781585	0.250000	0.107779	0.025452
4.540939	0.951787	1.054435	1.781585	0.250000	0.107779	0.025452
4.551432	0.949862	1.069470	1.827287	0.250000	-0.049599	0.017537
4.561168	0.949862	1.069470	1.827287	0.250000	-0.049599	0.017537
4.570938	0.949862	1.069470	1.827287	0.250000	-0.049599	0.017537
4.581084	0.949862	1.069470	1.827287	0.250000	-0.049599	0.017537
4.591388	0.949862	1.069470	1.827287	0.250000	-0.049599	0.017537
4.601189	0.949862	1.069470	1.827287	0.250000	-0.049599	0.017537
4.611178	0.944905	1.085067	1.884914	0.250000	-0.259678	0.005172
4.620837	0.944905	1.085067	1.884914	0.250000	-0.259678	0.005172
4.631116	0.944905	1.085067	1.884914	0.250000	-0.259678	0.005172
4.641162	0.944905	1.085067	1.884914	0.250000	-0.259678	0.005172
4.650922	0.942373	1.101534	1.912951	0.250000	-0.375533	-0.001591
4.661018	0.942373	1.101534	1.912951	0.250000	-0.375533	-0.001591
4.671503	0.942373	1.101534	1.912951	0.250000	-0.375533	-0.001591
4.681219	0.942373	1.101534	1.912951	0.250000	-0.375533	-0.001591
4.690939	0.942373	1.101534	1.912951	0.250000	-0.375533	-0.001591
4.701676	0.942373	1.101534	1.912951	0.250000	-0.375533	-0.001591
4.711263	0.942373	1.101534	1.912951	0.250000	-0.375533	-0.001591
4.721206	0.931998	1.105604	1.938754	0.250000	-0.541275	-0.013365
4.730963	0.931998	1.105604	1.938754	0.250000	-0.541275	-0.013365
4.740767	0.931998	1.105604	1.938754	0.250000	-0.541275	-0.013365
4.751482	0.931998	1.105604	1.938754	0.250000	-0.541275	-0.013365
4.761250	0.931998	1.105604	1.938754	0.250000	-0.541275	-0.013365
4.770903	0.931998	1.105604	1.938754	0.250000	-0.541275	-0.013365
4.780915	0.931998	1.105604	1.938754	0.250000	-0.541275	-0.013365
4.790843	0.931998	1.105604	1.938754	0.250000	-0.541275	-0.013365
4.800993	0.931998	1.105604	1.938754	0.250000	-0.541275	-0.013365
4.811034	0.931998	1.105604	1.938754	0.250000	-0.541275	-0.013365
4.821615	0.927706	1.121451	2.074801	0.250000	-0.890670	-0.032227
4.831510	0.927706	1.121451	2.074801	0.250000	-0.890670	-0.032227
4.841203	0.927706	1.121451	2.074801	0.250000	-0.890670	-0.032227
4.850787	0.927706	1.121451	2.074801	0.250000	-0.890670	-0.032227
4.860827	0.927706	1.121451	2.074801	0.250000	-0.890670	-0.032227
4.871462	0.927706	1.121451	2.074801	0.250000	-0.890670	-0.032227
4.881184	0.927706	1.121451	2.074801	0.250000	-0.890670	-0.032227
4.891039	0.927706	1.121451	2.074801	0.250000	-0.890670	-0.032227
4.900909	0.927706	1.121451	2.074801	0.250000	-0.890670	-0.032227
4.910812	0.918390	1.138257	2.073612	0.250000	-0.963103	-0.039126
4.920850	0.918390	1.138257	2.073612	0.250000	-0.963103	-0.039126
4.931053	0.918390	1.138257	2.073612	0.250000	-0.963103	-0.039126
4.940931	0.918390	1.138257	2.073612	0.250000	-0.963103	-0.039126
4.950841	0.918390	1.138257	2.073612	0.250000	-0.963103	-0.039126
4.960859	0.918390	1.138257	2.073612	0.250000	-0.963103	-0.039126
4.970855	0.912115	1.160569	2.047943	0.250000	-0.981853	-0.043291
4.980966	0.912115	1.160569	2.047943	0.250000	-0.981853	-0.043291
4.990849	0.912115	1.160569	2.047943	0.250000	-0.981853	-0.043291
5.000832	0.912115	1.160569	2.047943	0.250000	-0.981853	-0.043291
5.010813	0.912115	1.160569	2.047943	0.250000	-0.981853	-0.043291
5.020818	0.912115	1.160569	2.047943	0.250000	-0.981853	-0.043291
5.030857	0.912115	1.160569	2.047943	0.250000	-0.981853	-0.043291
5.041818	0.912115	1.160569	2.047943	0.250000	-0.981853	-0.043291
5.050894	0.912115	1.160569	2.047943	0.250000	-0.981853	-0.043291
5.060876	0.912115	1.160569	2.047943	0.250000	-0.981853	-0.043291
5.071550	0.903969	1.174591	2.023636	0.250000	-1.003766	-0.048175
5.081312	0.903969	1.174591	2.023636	0.250000	-1.003766	-0.048175
5.091106	0.903969	1.174591	2.023636	0.250000	-1.003766	-0.048175
5.100824	0.903969	1.174591	2.023636	0.250000	-1.003766	-0.048175
5.110954	0.903969	1.174591	2.023636	0.250000	-1.003766	-0.048175
5.121930	0.903969	1.174591	2.023636	0.250000	-1.003766	-0.048175
5.130876	0.903969	1.174591	2.023636	0.250000	-1.003766	-0.048175
5.140857	0.903969	1.174591	2.023636	0.250000	-1.003766	-0.048175
5.150784	0.903969	1.174591	2.023636	0.250000	-1.003766	-0.048175
5.161384	0.903969	1.174591	2.023636	0.250000	-1.003766	-0.048175
5.171098	0.899499	1.192947	1.977018	0.250000	-0.961521	-0.048653
5.181063	0.899499	1.192947	1.977018	0.250000	-0.961521	-0.048653
5.190890	0.899499	1.192947	1.977018	0.250000	-0.961521	-0.048653
5.200842	0.899499	1.192947	1.977018	0.250000	-0.961521	-0.048653
5.210833	0.899499	1.192947	1.977018	0.250000	-0.961521	-0.048653
5.220873	0.899499	1.192947	1.977018	0.250000	-0.961521	-0.048653
5.231633	0.895766	1.209722	2.068868	0.250000	-1.156449	-0.061092
5.241357	0.895766	1.209722	2.068868	0.250000	-1.156449	-0.061092
5.251142	0.895766	1.209722	2.068868	0.250000	-1.156449	-0.061092
5.260926	0.895766	1.209722	2.068868	0.250000	-1.156449	-0.061092
5.271936	0.895766	1.209722	2.068868	0.250000	-1.156449	-0.061092
5.281481	0.892137	1.227324	2.030594	0.250000	-1.112341	-0.060681
5.291247	0.892137	1.227324	2.030594	0.250000	-1.112341	-0.060681
5.301014	0.892137	1.227324	2.030594	0.250000	-1.112341	-0.060681
5.310930	0.892137	1.227324	2.030594	0.250000	-1.112341	-0.060681
5.320812	0.892137	1.227324	2.030594	0.250000	-1.112341	-0.060681
5.330922	0.892137	1.227324	2.030594	0.250000	-1.112341	-0.060681
5.341036	0.892137	1.227324	2.030594	0.250000	-1.112341	-0.060681
5.351072	0.892137	1.227324	2.030594	0.250000	-1.112341	-0.060681
5.360867	0.892137	1.227324	2.030594	0.250000	-1.112341	-0.060681
5.371207	0.892137	1.227324	2.030594	0.250000	-1.112341	-0.060681
5.380946	0.889470	1.243743	1.993765	0.250000	-1.077116	-0.061528
5.390825	0.889470	1.243743	1.993765	0.250000	-1.077116	-0.061528
5.400823	0.889470	1.243743	1.993765	0.250000	-1.077116	-0.061528
5.411523	0.889470	1.243743	1.993765	0.250000	-1.077116	-0.061528
5.420962	0.889470	1.243743	1.993765	0.250000	-1.077116	-0.061528
5.430839	0.890390	1.268350	1.804165	0.250000	-0.697041	-0.040961
5.441539	0.890390	1.268350	1.804165	0.250000	-0.697041	-0.040961
5.450838	0.890390	1.268350	1.804165	0.250000	-0.697041	-0.040961
5.460982	0.890390	1.268350	1.804165	0.250000	-0.697041	-0.040961
5.470826	0.890390	1.268350	1.804165	0.250000	-0.697041	-0.040961
5.480917	0.890390	1.268350	1.804165	0.250000	-0.697041	-0.040961
5.490859	0.890390	1.268350	1.804165	0.250000	-0.697041	-0.040961
5.500926	0.890390	1.268350	1.804165	0.250000	-0.697041	-0.040961
5.510826	0.890390	1.268350	1.804165	0.250000	-0.697041	-0.040961
5.520895	0.890390	1.268350	1.804165	0.250000	-0.697041	-0.040961
5.530967	0.890390	1.268350	1.804165	0.250000	-0.697041	-0.040961
5.540845	0.887429	1.280934	1.597392	0.250000	-0.231495	-0.017445
5.550811	0.887429	1.280934	1.597392	0.250000	-0.231495	-0.017445
5.561534	0.887429	1.280934	1.597392	0.250000	-0.231495	-0.017445
5.570844	0.887429	1.280934	1.597392	0.250000	-0.231495	-0.017445
5.580785	0.887429	1.280934	1.597392	0.250000	-0.231495	-0.017445
5.590814	0.886766	1.295931	1.557985	0.250000	-0.128962	-0.012670
5.601635	0.886766	1.295931	1.557985	0.250000	-0.128962	-0.012670
5.611347	0.886766	1.295931	1.557985	0.250000	-0.128962	-0.012670
5.621124	0.886766	1.295931	1.557985	0.250000	-0.128962	-0.012670
5.630828	0.886766	1.295931	1.557985	0.250000	-0.128962	-0.012670
5.641091	0.886766	1.295931	1.557985	0.250000	-0.128962	-0.012670
5.651303	0.883638	1.303588	1.524520	0.250000	-0.069353	-0.010987
5.661011	0.883638	1.303588	1.524520	0.250000	-0.069353	-0.010987
5.671069	0.883638	1.303588	1.524520	0.250000	-0.069353	-0.010987
5.681622	0.883638	1.303588	1.524520	0.250000	-0.069353	-0.010987
5.691361	0.883638	1.303588	1.524520	0.250000	-0.069353	-0.010987
5.701107	0.883638	1.303588	1.524520	0.250000	-0.069353	-0.010987
5.710885	0.883638	1.303588	1.524520	0.250000	-0.069353	-0.010987
5.720795	0.883638	1.303588	1.524520	0.250000	-0.069353	-0.010987
5.731363	0.883638	1.303588	1.524520	0.250000	-0.069353	-0.010987
5.741091	0.883638	1.303588	1.524520	0.250000	-0.069353	-0.010987
5.750853	0.889617	1.332637	1.493980	0.250000	0.109730	-0.000164
5.760940	0.889617	1.332637	1.493980	0.250000	0.109730	-0.000164
5.770930	0.889617	1.332637	1.493980	0.250000	0.109730	-0.000164
5.781018	0.889617	1.332637	1.493980	0.250000	0.109730	-0.000164
5.790906	0.889617	1.332637	1.493980	0.250000	0.109730	-0.000164
5.800808	0.893302	1.353129	1.456695	0.250000	0.270687	0.009009
5.810843	0.893302	1.353129	1.456695	0.250000	0.270687	0.009009
5.821392	0.893302	1.353129	1.456695	0.250000	0.270687	0.009009
5.830934	0.893302	1.353129	1.456695	0.250000	0.270687	0.009009
5.840816	0.893302	1.353129	1.456695	0.250000	0.270687	0.009009
5.851418	0.897588	1.370679	1.417384	0.250000	0.423885	0.017979
