t	x(t)	y(t)	theta(t)	v(t)	gamma(t)	efa
0.005692	0.695264	0.153937	1.606093	0.250000	-0.626561	-0.017743
0.006139	0.695264	0.153937	1.606093	0.250000	-0.626561	-0.017743
0.016721	0.695264	0.153937	1.606093	0.250000	-0.626561	-0.017743
0.026452	0.695264	0.153937	1.606093	0.250000	-0.626561	-0.017743
0.036186	0.695264	0.153937	1.606093	0.250000	-0.626561	-0.017743
0.046153	0.695264	0.153937	1.606093	0.250000	-0.626561	-0.017743
0.056724	0.695264	0.153937	1.606093	0.250000	-0.626561	-0.017743
0.067366	0.695264	0.153937	1.606093	0.250000	-0.626561	-0.017743
0.076492	0.695264	0.153937	1.606093	0.250000	-0.626561	-0.017743
0.086205	0.695264	0.153937	1.606093	0.250000	-0.626561	-0.017743
0.096214	0.695264	0.153937	1.606093	0.250000	-0.626561	-0.017743
0.106215	0.695264	0.153937	1.606093	0.250000	-0.626561	-0.017743
0.116221	0.695264	0.153937	1.606093	0.250000	-0.626561	-0.017743
0.126111	0.695264	0.153937	1.606093	0.250000	-0.626561	-0.017743
0.136687	0.694920	0.154278	1.598177	0.250000	-0.610767	-0.017058
0.146744	0.694920	0.154278	1.598177	0.250000	-0.610767	-0.017058
0.156300	0.694920	0.154278	1.598177	0.250000	-0.610767	-0.017058
0.166928	0.694920	0.154278	1.598177	0.250000	-0.610767	-0.017058
0.176859	0.694920	0.154278	1.598177	0.250000	-0.610767	-0.017058
0.186308	0.694920	0.154278	1.598177	0.250000	-0.610767	-0.017058
0.196257	0.694920	0.154278	1.598177	0.250000	-0.610767	-0.017058
0.206585	0.694920	0.154278	1.598177	0.250000	-0.610767	-0.017058
0.216749	0.694920	0.154278	1.598177	0.250000	-0.610767	-0.017058
0.226490	0.694920	0.154278	1.598177	0.250000	-0.610767	-0.017058
0.236264	0.694920	0.154278	1.598177	0.250000	-0.610767	-0.017058
0.246269	0.694920	0.154278	1.598177	0.250000	-0.610767	-0.017058
0.256712	0.694920	0.154278	1.598177	0.250000	-0.610767	-0.017058
0.266487	0.694846	0.159230	1.587945	0.250000	-0.649480	-0.018339
0.276276	0.694846	0.159230	1.587945	0.250000	-0.649480	-0.018339
0.286978	0.694846	0.159230	1.587945	0.250000	-0.649480	-0.018339
0.296757	0.694846	0.159230	1.587945	0.250000	-0.649480	-0.018339
0.306564	0.694787	0.168750	1.561899	0.250000	-0.684090	-0.019226
0.316302	0.694787	0.168750	1.561899	0.250000	-0.684090	-0.019226
0.327053	0.694787	0.168750	1.561899	0.250000	-0.684090	-0.019226
0.336761	0.694787	0.168750	1.561899	0.250000	-0.684090	-0.019226
0.346251	0.694787	0.168750	1.561899	0.250000	-0.684090	-0.019226
0.356293	0.694787	0.168750	1.561899	0.250000	-0.684090	-0.019226
0.367001	0.695140	0.180233	1.551772	0.250000	-0.724502	-0.020772
0.376801	0.695140	0.180233	1.551772	0.250000	-0.724502	-0.020772
0.386571	0.695140	0.180233	1.551772	0.250000	-0.724502	-0.020772
0.396310	0.695140	0.180233	1.551772	0.250000	-0.724502	-0.020772
0.406089	0.695140	0.180233	1.551772	0.250000	-0.724502	-0.020772
0.416818	0.695140	0.180233	1.551772	0.250000	-0.724502	-0.020772
0.426567	0.695140	0.180233	1.551772	0.250000	-0.724502	-0.020772
0.436325	0.695140	0.180233	1.551772	0.250000	-0.724502	-0.020772
0.446110	0.695140	0.180233	1.551772	0.250000	-0.724502	-0.020772
0.456875	0.695140	0.180233	1.551772	0.250000	-0.724502	-0.020772
0.466672	0.695140	0.180233	1.551772	0.250000	-0.724502	-0.020772
0.476337	0.695824	0.194036	1.518049	0.250000	-0.779110	-0.022942
0.486133	0.695824	0.194036	1.518049	0.250000	-0.779110	-0.022942
0.496842	0.695824	0.194036	1.518049	0.250000	-0.779110	-0.022942
0.506559	0.695824	0.194036	1.518049	0.250000	-0.779110	-0.022942
0.516190	0.695824	0.194036	1.518049	0.250000	-0.779110	-0.022942
0.526169	0.695824	0.194036	1.518049	0.250000	-0.779110	-0.022942
0.536845	0.697568	0.209452	1.477999	0.250000	-0.817532	-0.024531
0.546637	0.697568	0.209452	1.477999	0.250000	-0.817532	-0.024531
0.556424	0.697568	0.209452	1.477999	0.250000	-0.817532	-0.024531
0.566168	0.697568	0.209452	1.477999	0.250000	-0.817532	-0.024531
0.576797	0.697568	0.209452	1.477999	0.250000	-0.817532	-0.024531
0.586653	0.697568	0.209452	1.477999	0.250000	-0.817532	-0.024531
0.596459	0.697568	0.209452	1.477999	0.250000	-0.817532	-0.024531
0.606164	0.700431	0.227766	1.417702	0.250000	-0.846910	-0.026228
0.616143	0.700431	0.227766	1.417702	0.250000	-0.846910	-0.026228
0.626127	0.700431	0.227766	1.417702	0.250000	-0.846910	-0.026228
0.636366	0.700431	0.227766	1.417702	0.250000	-0.846910	-0.026228
0.646172	0.700431	0.227766	1.417702	0.250000	-0.846910	-0.026228
0.656862	0.702630	0.241263	1.377047	0.250000	-0.889511	-0.029639
0.666744	0.702630	0.241263	1.377047	0.250000	-0.889511	-0.029639
0.676617	0.702630	0.241263	1.377047	0.250000	-0.889511	-0.029639
0.686202	0.702630	0.241263	1.377047	0.250000	-0.889511	-0.029639
0.696903	0.702630	0.241263	1.377047	0.250000	-0.889511	-0.029639
0.706652	0.704926	0.254548	1.341216	0.250000	-0.906685	-0.032174
0.716447	0.704926	0.254548	1.341216	0.250000	-0.906685	-0.032174
0.726235	0.704926	0.254548	1.341216	0.250000	-0.906685	-0.032174
0.736949	0.704926	0.254548	1.341216	0.250000	-0.906685	-0.032174
0.746717	0.704926	0.254548	1.341216	0.250000	-0.906685	-0.032174
0.756794	0.704926	0.254548	1.341216	0.250000	-0.906685	-0.032174
0.766190	0.704926	0.254548	1.341216	0.250000	-0.906685	-0.032174
0.776075	0.704926	0.254548	1.341216	0.250000	-0.906685	-0.032174
0.786738	0.704926	0.254548	1.341216	0.250000	-0.906685	-0.032174
0.796466	0.704926	0.254548	1.341216	0.250000	-0.906685	-0.032174
0.806227	0.708672	0.269808	1.291973	0.250000	-0.910671	-0.034888
0.816975	0.708672	0.269808	1.291973	0.250000	-0.910671	-0.034888
0.826809	0.708672	0.269808	1.291973	0.250000	-0.910671	-0.034888
0.836534	0.708672	0.269808	1.291973	0.250000	-0.910671	-0.034888
0.846276	0.708672	0.269808	1.291973	0.250000	-0.910671	-0.034888
0.856994	0.708672	0.269808	1.291973	0.250000	-0.910671	-0.034888
0.866752	0.713978	0.287482	1.242074	0.250000	-0.900591	-0.037317
0.876524	0.713978	0.287482	1.242074	0.250000	-0.900591	-0.037317
0.886312	0.713978	0.287482	1.242074	0.250000	-0.900591	-0.037317
0.897036	0.713978	0.287482	1.242074	0.250000	-0.900591	-0.037317
0.906783	0.713978	0.287482	1.242074	0.250000	-0.900591	-0.037317
0.916501	0.713978	0.287482	1.242074	0.250000	-0.900591	-0.037317
0.926312	0.713978	0.287482	1.242074	0.250000	-0.900591	-0.037317
0.936120	0.713978	0.287482	1.242074	0.250000	-0.900591	-0.037317
0.946166	0.713978	0.287482	1.242074	0.250000	-0.900591	-0.037317
0.956499	0.713978	0.287482	1.242074	0.250000	-0.900591	-0.037317
0.966263	0.720144	0.303460	1.194923	0.250000	-0.877761	-0.039140
0.976159	0.720144	0.303460	1.194923	0.250000	-0.877761	-0.039140
0.986851	0.720144	0.303460	1.194923	0.250000	-0.877761	-0.039140
0.996588	0.720144	0.303460	1.194923	0.250000	-0.877761	-0.039140
1.006320	0.720144	0.303460	1.194923	0.250000	-0.877761	-0.039140
1.016082	0.720144	0.303460	1.194923	0.250000	-0.877761	-0.039140
1.026807	0.720144	0.303460	1.194923	0.250000	-0.877761	-0.039140
1.036564	0.720144	0.303460	1.194923	0.250000	-0.877761	-0.039140
1.046191	0.720144	0.303460	1.194923	0.250000	-0.877761	-0.039140
1.056079	0.720144	0.303460	1.194923	0.250000	-0.877761	-0.039140
1.066841	0.720144	0.303460	1.194923	0.250000	-0.877761	-0.039140
1.076733	0.728158	0.321790	1.151610	0.250000	-0.862171	-0.042453
1.086380	0.728158	0.321790	1.151610	0.250000	-0.862171	-0.042453
1.096143	0.728158	0.321790	1.151610	0.250000	-0.862171	-0.042453
1.106780	0.728158	0.321790	1.151610	0.250000	-0.862171	-0.042453
1.116594	0.728158	0.321790	1.151610	0.250000	-0.862171	-0.042453
1.126464	0.737994	0.340892	1.103852	0.250000	-0.814301	-0.044934
1.136172	0.737994	0.340892	1.103852	0.250000	-0.814301	-0.044934
1.146507	0.737994	0.340892	1.103852	0.250000	-0.814301	-0.044934
1.156576	0.737994	0.340892	1.103852	0.250000	-0.814301	-0.044934
1.166354	0.737994	0.340892	1.103852	0.250000	-0.814301	-0.044934
1.176122	0.747019	0.357690	1.064297	0.250000	-0.745322	-0.045696
1.186882	0.747019	0.357690	1.064297	0.250000	-0.745322	-0.045696
1.196634	0.747019	0.357690	1.064297	0.250000	-0.745322	-0.045696
1.206369	0.747019	0.357690	1.064297	0.250000	-0.745322	-0.045696
1.216159	0.747019	0.357690	1.064297	0.250000	-0.745322	-0.045696
1.226259	0.747019	0.357690	1.064297	0.250000	-0.745322	-0.045696
1.236193	0.753973	0.369213	1.026689	0.250000	-0.648887	-0.043913
1.246191	0.753973	0.369213	1.026689	0.250000	-0.648887	-0.043913
1.256203	0.753973	0.369213	1.026689	0.250000	-0.648887	-0.043913
1.266988	0.753973	0.369213	1.026689	0.250000	-0.648887	-0.043913
1.276449	0.753973	0.369213	1.026689	0.250000	-0.648887	-0.043913
1.286215	0.753973	0.369213	1.026689	0.250000	-0.648887	-0.043913
1.296316	0.753973	0.369213	1.026689	0.250000	-0.648887	-0.043913
1.306927	0.753973	0.369213	1.026689	0.250000	-0.648887	-0.043913
1.316670	0.753973	0.369213	1.026689	0.250000	-0.648887	-0.043913
1.326288	0.753973	0.369213	1.026689	0.250000	-0.648887	-0.043913
1.336243	0.753973	0.369213	1.026689	0.250000	-0.648887	-0.043913
1.346211	0.762941	0.382500	0.977886	0.250000	-0.480594	-0.039042
1.356143	0.762941	0.382500	0.977886	0.250000	-0.480594	-0.039042
1.366481	0.762941	0.382500	0.977886	0.250000	-0.480594	-0.039042
1.376204	0.762941	0.382500	0.977886	0.250000	-0.480594	-0.039042
1.386988	0.762941	0.382500	0.977886	0.250000	-0.480594	-0.039042
1.396173	0.762941	0.382500	0.977886	0.250000	-0.480594	-0.039042
1.407510	0.773602	0.396771	0.919398	0.250000	-0.201183	-0.029590
1.416243	0.773602	0.396771	0.919398	0.250000	-0.201183	-0.029590
1.427097	0.773602	0.396771	0.919398	0.250000	-0.201183	-0.029590
1.436158	0.773602	0.396771	0.919398	0.250000	-0.201183	-0.029590
1.446486	0.773602	0.396771	0.919398	0.250000	-0.201183	-0.029590
1.456267	0.773602	0.396771	0.919398	0.250000	-0.201183	-0.029590
1.466164	0.773602	0.396771	0.919398	0.250000	-0.201183	-0.029590
1.476795	0.773602	0.396771	0.919398	0.250000	-0.201183	-0.029590
1.486656	0.773602	0.396771	0.919398	0.250000	-0.201183	-0.029590
1.496351	0.773602	0.396771	0.919398	0.250000	-0.201183	-0.029590
1.506149	0.787002	0.413009	0.857679	0.250000	0.192075	-0.015563
1.516807	0.787002	0.413009	0.857679	0.250000	0.192075	-0.015563
1.526503	0.787002	0.413009	0.857679	0.250000	0.192075	-0.015563
1.536246	0.787002	0.413009	0.857679	0.250000	0.192075	-0.015563
1.546108	0.787002	0.413009	0.857679	0.250000	0.192075	-0.015563
1.556783	0.787002	0.413009	0.857679	0.250000	0.192075	-0.015563
1.566622	0.799190	0.425610	0.798947	0.250000	0.558202	-0.001011
1.576398	0.799190	0.425610	0.798947	0.250000	0.558202	-0.001011
1.586145	0.799190	0.425610	0.798947	0.250000	0.558202	-0.001011
1.596815	0.799190	0.425610	0.798947	0.250000	0.558202	-0.001011
1.606659	0.799190	0.425610	0.798947	0.250000	0.558202	-0.001011
1.616347	0.799190	0.425610	0.798947	0.250000	0.558202	-0.001011
1.626153	0.809493	0.436513	0.747276	0.250000	0.833866	0.010916
1.636812	0.809493	0.436513	0.747276	0.250000	0.833866	0.010916
1.646592	0.809493	0.436513	0.747276	0.250000	0.833866	0.010916
1.656352	0.809493	0.436513	0.747276	0.250000	0.833866	0.010916
1.666055	0.809493	0.436513	0.747276	0.250000	0.833866	0.010916
1.676816	0.809493	0.436513	0.747276	0.250000	0.833866	0.010916
1.686601	0.809493	0.436513	0.747276	0.250000	0.833866	0.010916
1.696299	0.809493	0.436513	0.747276	0.250000	0.833866	0.010916
1.706300	0.809493	0.436513	0.747276	0.250000	0.833866	0.010916
1.716887	0.809493	0.436513	0.747276	0.250000	0.833866	0.010916
1.726612	0.823886	0.449494	0.700658	0.250000	1.036318	0.020683
1.736405	0.823886	0.449494	0.700658	0.250000	1.036318	0.020683
1.746172	0.823886	0.449494	0.700658	0.250000	1.036318	0.020683
1.756981	0.823886	0.449494	0.700658	0.250000	1.036318	0.020683
1.766758	0.823886	0.449494	0.700658	0.250000	1.036318	0.020683
1.776419	0.823886	0.449494	0.700658	0.250000	1.036318	0.020683
1.786178	0.834738	0.458628	0.682867	0.250000	1.197070	0.029499
1.796897	0.834738	0.458628	0.682867	0.250000	1.197070	0.029499
1.806220	0.834738	0.458628	0.682867	0.250000	1.197070	0.029499
1.816402	0.834738	0.458628	0.682867	0.250000	1.197070	0.029499
1.826139	0.834738	0.458628	0.682867	0.250000	1.197070	0.029499
1.839203	0.848481	0.469921	0.671392	0.250000	1.287426	0.035297
1.846642	0.848481	0.469921	0.671392	0.250000	1.287426	0.035297
1.856520	0.848481	0.469921	0.671392	0.250000	1.287426	0.035297
1.866276	0.848481	0.469921	0.671392	0.250000	1.287426	0.035297
1.876968	0.848481	0.469921	0.671392	0.250000	1.287426	0.035297
1.886701	0.848481	0.469921	0.671392	0.250000	1.287426	0.035297
1.896457	0.848481	0.469921	0.671392	0.250000	1.287426	0.035297
1.906250	0.848481	0.469921	0.671392	0.250000	1.287426	0.035297
1.917587	0.848481	0.469921	0.671392	0.250000	1.287426	0.035297
1.926788	0.848481	0.469921	0.671392	0.250000	1.287426	0.035297
1.936482	0.848481	0.469921	0.671392	0.250000	1.287426	0.035297
1.946221	0.859610	0.479547	0.724906	0.250000	1.307929	0.042420
1.956130	0.859610	0.479547	0.724906	0.250000	1.307929	0.042420
1.966244	0.859610	0.479547	0.724906	0.250000	1.307929	0.042420
1.976240	0.859610	0.479547	0.724906	0.250000	1.307929	0.042420
1.986253	0.859610	0.479547	0.724906	0.250000	1.307929	0.042420
1.996961	0.859610	0.479547	0.724906	0.250000	1.307929	0.042420
2.006768	0.873891	0.494296	0.791970	0.250000	1.195667	0.058980
2.016489	0.873891	0.494296	0.791970	0.250000	1.195667	0.058980
2.026191	0.873891	0.494296	0.791970	0.250000	1.195667	0.058980
2.036937	0.873891	0.494296	0.791970	0.250000	1.195667	0.058980
2.046745	0.873891	0.494296	0.791970	0.250000	1.195667	0.058980
2.056468	0.886116	0.507597	0.879562	0.250000	0.990807	0.063235
2.066753	0.886116	0.507597	0.879562	0.250000	0.990807	0.063235
2.076803	0.886116	0.507597	0.879562	0.250000	0.990807	0.063235
2.086778	0.886116	0.507597	0.879562	0.250000	0.990807	0.063235
2.096511	0.886116	0.507597	0.879562	0.250000	0.990807	0.063235
2.106354	0.886116	0.507597	0.879562	0.250000	0.990807	0.063235
2.117053	0.886116	0.507597	0.879562	0.250000	0.990807	0.063235
2.126774	0.893178	0.516542	0.928808	0.250000	0.898644	0.062622
2.136520	0.893178	0.516542	0.928808	0.250000	0.898644	0.062622
2.146314	0.893178	0.516542	0.928808	0.250000	0.898644	0.062622
2.157019	0.893178	0.516542	0.928808	0.250000	0.898644	0.062622
2.166736	0.893178	0.516542	0.928808	0.250000	0.898644	0.062622
2.176476	0.893178	0.516542	0.928808	0.250000	0.898644	0.062622
2.186342	0.899650	0.525266	0.969594	0.250000	0.830004	0.060224
2.197007	0.899650	0.525266	0.969594	0.250000	0.830004	0.060224
2.206882	0.899650	0.525266	0.969594	0.250000	0.830004	0.060224
2.216586	0.899650	0.525266	0.969594	0.250000	0.830004	0.060224
2.226331	0.899650	0.525266	0.969594	0.250000	0.830004	0.060224
2.236074	0.906132	0.535892	1.013994	0.250000	0.761430	0.056844
2.246814	0.906132	0.535892	1.013994	0.250000	0.761430	0.056844
2.256587	0.906132	0.535892	1.013994	0.250000	0.761430	0.056844
2.266291	0.906132	0.535892	1.013994	0.250000	0.761430	0.056844
2.276081	0.906132	0.535892	1.013994	0.250000	0.761430	0.056844
2.286863	0.906132	0.535892	1.013994	0.250000	0.761430	0.056844
2.296568	0.906132	0.535892	1.013994	0.250000	0.761430	0.056844
2.306225	0.906132	0.535892	1.013994	0.250000	0.761430	0.056844
2.316133	0.906132	0.535892	1.013994	0.250000	0.761430	0.056844
2.326876	0.906132	0.535892	1.013994	0.250000	0.761430	0.056844
2.336602	0.915775	0.553803	1.072173	0.250000	0.684473	0.051275
2.346489	0.915775	0.553803	1.072173	0.250000	0.684473	0.051275
2.356246	0.915775	0.553803	1.072173	0.250000	0.684473	0.051275
2.366891	0.915775	0.553803	1.072173	0.250000	0.684473	0.051275
2.376692	0.915775	0.553803	1.072173	0.250000	0.684473	0.051275
2.386395	0.915775	0.553803	1.072173	0.250000	0.684473	0.051275
2.396161	0.915775	0.553803	1.072173	0.250000	0.684473	0.051275
2.406517	0.915775	0.553803	1.072173	0.250000	0.684473	0.051275
2.416191	0.915775	0.553803	1.072173	0.250000	0.684473	0.051275
2.426368	0.915775	0.553803	1.072173	0.250000	0.684473	0.051275
2.436148	0.915775	0.553803	1.072173	0.250000	0.684473	0.051275
2.446910	0.924210	0.573652	1.129863	0.250000	0.642987	0.045189
2.456654	0.924210	0.573652	1.129863	0.250000	0.642987	0.045189
2.466213	0.924210	0.573652	1.129863	0.250000	0.642987	0.045189
2.476212	0.924210	0.573652	1.129863	0.250000	0.642987	0.045189
2.486480	0.924210	0.573652	1.129863	0.250000	0.642987	0.045189
2.496168	0.924210	0.573652	1.129863	0.250000	0.642987	0.045189
2.506313	0.924210	0.573652	1.129863	0.250000	0.642987	0.045189
2.516197	0.924210	0.573652	1.129863	0.250000	0.642987	0.045189
2.526125	0.924210	0.573652	1.129863	0.250000	0.642987	0.045189
2.536142	0.924210	0.573652	1.129863	0.250000	0.642987	0.045189
2.546182	0.924210	0.573652	1.129863	0.250000	0.642987	0.045189
2.556221	0.934755	0.598760	1.197539	0.250000	0.616233	0.039898
2.566943	0.934755	0.598760	1.197539	0.250000	0.616233	0.039898
2.576753	0.934755	0.598760	1.197539	0.250000	0.616233	0.039898
2.586562	0.934755	0.598760	1.197539	0.250000	0.616233	0.039898
2.596402	0.934755	0.598760	1.197539	0.250000	0.616233	0.039898
2.606971	0.934755	0.598760	1.197539	0.250000	0.616233	0.039898
2.616679	0.941795	0.619107	1.253301	0.250000	0.570876	0.035304
2.626506	0.941795	0.619107	1.253301	0.250000	0.570876	0.035304
2.636259	0.941795	0.619107	1.253301	0.250000	0.570876	0.035304
2.647127	0.941795	0.619107	1.253301	0.250000	0.570876	0.035304
2.656760	0.941795	0.619107	1.253301	0.250000	0.570876	0.035304
2.666593	0.941795	0.619107	1.253301	0.250000	0.570876	0.035304
2.676279	0.947769	0.637302	1.316667	0.250000	0.520021	0.031068
2.686088	0.947769	0.637302	1.316667	0.250000	0.520021	0.031068
2.696740	0.947769	0.637302	1.316667	0.250000	0.520021	0.031068
2.706123	0.947769	0.637302	1.316667	0.250000	0.520021	0.031068
2.716261	0.950787	0.651902	1.402450	0.250000	0.359434	0.021408
2.726356	0.950787	0.651902	1.402450	0.250000	0.359434	0.021408
2.736823	0.950787	0.651902	1.402450	0.250000	0.359434	0.021408
2.747056	0.950787	0.651902	1.402450	0.250000	0.359434	0.021408
2.756329	0.950787	0.651902	1.402450	0.250000	0.359434	0.021408
2.766223	0.950787	0.651902	1.402450	0.250000	0.359434	0.021408
2.779817	0.953095	0.664192	1.443793	0.250000	0.300793	0.017699
2.786671	0.953095	0.664192	1.443793	0.250000	0.300793	0.017699
2.796344	0.953095	0.664192	1.443793	0.250000	0.300793	0.017699
2.806752	0.953095	0.664192	1.443793	0.250000	0.300793	0.017699
2.816799	0.953095	0.664192	1.443793	0.250000	0.300793	0.017699
2.826577	0.953095	0.664192	1.443793	0.250000	0.300793	0.017699
2.836306	0.953095	0.664192	1.443793	0.250000	0.300793	0.017699
2.847148	0.953095	0.664192	1.443793	0.250000	0.300793	0.017699
2.856116	0.953095	0.664192	1.443793	0.250000	0.300793	0.017699
2.866247	0.953095	0.664192	1.443793	0.250000	0.300793	0.017699
2.876391	0.955156	0.679798	1.498781	0.250000	0.202552	0.011995
2.886178	0.955156	0.679798	1.498781	0.250000	0.202552	0.011995
2.896785	0.955156	0.679798	1.498781	0.250000	0.202552	0.011995
2.906608	0.955156	0.679798	1.498781	0.250000	0.202552	0.011995
2.916425	0.955156	0.679798	1.498781	0.250000	0.202552	0.011995
2.926132	0.955156	0.679798	1.498781	0.250000	0.202552	0.011995
2.936835	0.956844	0.696918	1.506668	0.250000	0.210321	0.012301
2.946683	0.956844	0.696918	1.506668	0.250000	0.210321	0.012301
2.956393	0.956844	0.696918	1.506668	0.250000	0.210321	0.012301
2.966176	0.956844	0.696918	1.506668	0.250000	0.210321	0.012301
2.976859	0.956844	0.696918	1.506668	0.250000	0.210321	0.012301
2.986647	0.956844	0.696918	1.506668	0.250000	0.210321	0.012301
3.000314	0.956844	0.696918	1.506668	0.250000	0.210321	0.012301
3.006086	0.956844	0.696918	1.506668	0.250000	0.210321	0.012301
3.016634	0.956844	0.696918	1.506668	0.250000	0.210321	0.012301
3.026597	0.956844	0.696918	1.506668	0.250000	0.210321	0.012301
3.036375	0.956844	0.696918	1.506668	0.250000	0.210321	0.012301
3.047716	0.956040	0.715655	1.575086	0.250000	0.031517	0.002341
3.056922	0.956040	0.715655	1.575086	0.250000	0.031517	0.002341
3.068403	0.956040	0.715655	1.575086	0.250000	0.031517	0.002341
3.076171	0.956040	0.715655	1.575086	0.250000	0.031517	0.002341
3.086191	0.956040	0.715655	1.575086	0.250000	0.031517	0.002341
3.096939	0.956040	0.715655	1.575086	0.250000	0.031517	0.002341
3.106616	0.956040	0.715655	1.575086	0.250000	0.031517	0.002341
3.116413	0.956040	0.715655	1.575086	0.250000	0.031517	0.002341
3.126212	0.956040	0.715655	1.575086	0.250000	0.031517	0.002341
3.136147	0.956040	0.715655	1.575086	0.250000	0.031517	0.002341
3.147655	0.955904	0.738443	1.679784	0.250000	-0.233404	-0.011735
3.156487	0.955904	0.738443	1.679784	0.250000	-0.233404	-0.011735
3.166223	0.955904	0.738443	1.679784	0.250000	-0.233404	-0.011735
3.176886	0.955904	0.738443	1.679784	0.250000	-0.233404	-0.011735
3.186731	0.955904	0.738443	1.679784	0.250000	-0.233404	-0.011735
3.196449	0.952811	0.756309	1.735592	0.250000	-0.396420	-0.021897
3.206216	0.952811	0.756309	1.735592	0.250000	-0.396420	-0.021897
3.216980	0.952811	0.756309	1.735592	0.250000	-0.396420	-0.021897
3.226754	0.952811	0.756309	1.735592	0.250000	-0.396420	-0.021897
3.236430	0.952811	0.756309	1.735592	0.250000	-0.396420	-0.021897
3.246133	0.952811	0.756309	1.735592	0.250000	-0.396420	-0.021897
3.256176	0.952811	0.756309	1.735592	0.250000	-0.396420	-0.021897
3.266761	0.948902	0.773477	1.772041	0.250000	-0.509743	-0.030109
3.276500	0.948902	0.773477	1.772041	0.250000	-0.509743	-0.030109
3.286220	0.948902	0.773477	1.772041	0.250000	-0.509743	-0.030109
3.297043	0.948902	0.773477	1.772041	0.250000	-0.509743	-0.030109
3.306722	0.943860	0.783135	1.804579	0.250000	-0.624787	-0.039069
3.316538	0.943860	0.783135	1.804579	0.250000	-0.624787	-0.039069
3.326256	0.943860	0.783135	1.804579	0.250000	-0.624787	-0.039069
3.336478	0.943860	0.783135	1.804579	0.250000	-0.624787	-0.039069
3.346785	0.943860	0.783135	1.804579	0.250000	-0.624787	-0.039069
3.356535	0.943860	0.783135	1.804579	0.250000	-0.624787	-0.039069
3.366294	0.943860	0.783135	1.804579	0.250000	-0.624787	-0.039069
3.376127	0.940026	0.795871	1.891465	0.250000	-0.827076	-0.052718
3.386132	0.940026	0.795871	1.891465	0.250000	-0.827076	-0.052718
3.396259	0.940026	0.795871	1.891465	0.250000	-0.827076	-0.052718
3.406340	0.940026	0.795871	1.891465	0.250000	-0.827076	-0.052718
3.417207	0.940026	0.795871	1.891465	0.250000	-0.827076	-0.052718
3.426841	0.940026	0.795871	1.891465	0.250000	-0.827076	-0.052718
3.436583	0.940026	0.795871	1.891465	0.250000	-0.827076	-0.052718
3.446294	0.940026	0.795871	1.891465	0.250000	-0.827076	-0.052718
3.457107	0.940026	0.795871	1.891465	0.250000	-0.827076	-0.052718
3.466822	0.940026	0.795871	1.891465	0.250000	-0.827076	-0.052718
3.476600	0.939263	0.817324	1.903393	0.250000	-0.821441	-0.053436
3.486297	0.939263	0.817324	1.903393	0.250000	-0.821441	-0.053436
3.496156	0.939263	0.817324	1.903393	0.250000	-0.821441	-0.053436
3.506871	0.939263	0.817324	1.903393	0.250000	-0.821441	-0.053436
3.517556	0.939263	0.817324	1.903393	0.250000	-0.821441	-0.053436
3.526365	0.939263	0.817324	1.903393	0.250000	-0.821441	-0.053436
3.536176	0.939263	0.817324	1.903393	0.250000	-0.821441	-0.053436
3.546187	0.939263	0.817324	1.903393	0.250000	-0.821441	-0.053436
3.556185	0.939263	0.817324	1.903393	0.250000	-0.821441	-0.053436
3.566227	0.939263	0.817324	1.903393	0.250000	-0.821441	-0.053436
3.576156	0.934114	0.838441	1.831246	0.250000	-0.668637	-0.047983
3.586202	0.934114	0.838441	1.831246	0.250000	-0.668637	-0.047983
3.596189	0.934114	0.838441	1.831246	0.250000	-0.668637	-0.047983
3.606348	0.934114	0.838441	1.831246	0.250000	-0.668637	-0.047983
3.617507	0.934114	0.838441	1.831246	0.250000	-0.668637	-0.047983
3.626892	0.930156	0.861958	1.731050	0.250000	-0.411431	-0.035605
3.636657	0.930156	0.861958	1.731050	0.250000	-0.411431	-0.035605
3.646279	0.930156	0.861958	1.731050	0.250000	-0.411431	-0.035605
3.656219	0.930156	0.861958	1.731050	0.250000	-0.411431	-0.035605
3.666190	0.930156	0.861958	1.731050	0.250000	-0.411431	-0.035605
3.676715	0.930156	0.861958	1.731050	0.250000	-0.411431	-0.035605
3.686220	0.930156	0.861958	1.731050	0.250000	-0.411431	-0.035605
3.696220	0.930156	0.861958	1.731050	0.250000	-0.411431	-0.035605
3.706946	0.930156	0.861958	1.731050	0.250000	-0.411431	-0.035605
3.716166	0.930156	0.861958	1.731050	0.250000	-0.411431	-0.035605
3.726185	0.930156	0.861958	1.731050	0.250000	-0.411431	-0.035605
3.736168	0.924738	0.879611	1.674538	0.250000	-0.260021	-0.030031
3.746157	0.924738	0.879611	1.674538	0.250000	-0.260021	-0.030031
3.756713	0.924738	0.879611	1.674538	0.250000	-0.260021	-0.030031
3.766232	0.924738	0.879611	1.674538	0.250000	-0.260021	-0.030031
3.776237	0.924738	0.879611	1.674538	0.250000	-0.260021	-0.030031
3.786233	0.924738	0.879611	1.674538	0.250000	-0.260021	-0.030031
3.796203	0.924738	0.879611	1.674538	0.250000	-0.260021	-0.030031
3.807320	0.924738	0.879611	1.674538	0.250000	-0.260021	-0.030031
3.816263	0.924738	0.879611	1.674538	0.250000	-0.260021	-0.030031
3.826195	0.924738	0.879611	1.674538	0.250000	-0.260021	-0.030031
3.836765	0.924738	0.879611	1.674538	0.250000	-0.260021	-0.030031
3.847569	0.924738	0.879611	1.674538	0.250000	-0.260021	-0.030031
3.856290	0.924244	0.901445	1.624183	0.250000	-0.046300	-0.018858
3.867010	0.924244	0.901445	1.624183	0.250000	-0.046300	-0.018858
3.876695	0.924244	0.901445	1.624183	0.250000	-0.046300	-0.018858
3.886527	0.924244	0.901445	1.624183	0.250000	-0.046300	-0.018858
3.896259	0.924244	0.901445	1.624183	0.250000	-0.046300	-0.018858
3.906993	0.924093	0.923038	1.625374	0.250000	0.041643	-0.013794
3.916735	0.924093	0.923038	1.625374	0.250000	0.041643	-0.013794
3.926528	0.924093	0.923038	1.625374	0.250000	0.041643	-0.013794
3.936297	0.924093	0.923038	1.625374	0.250000	0.041643	-0.013794
3.946315	0.924093	0.923038	1.625374	0.250000	0.041643	-0.013794
3.956163	0.924093	0.923038	1.625374	0.250000	0.041643	-0.013794
3.966532	0.924093	0.923038	1.625374	0.250000	0.041643	-0.013794
3.976274	0.924093	0.923038	1.625374	0.250000	0.041643	-0.013794
3.987054	0.924093	0.923038	1.625374	0.250000	0.041643	-0.013794
3.996815	0.924093	0.923038	1.625374	0.250000	0.041643	-0.013794
4.006172	0.924967	0.944836	1.575901	0.250000	0.258171	-0.000969
4.016320	0.924967	0.944836	1.575901	0.250000	0.258171	-0.000969
4.026167	0.924967	0.944836	1.575901	0.250000	0.258171	-0.000969
4.036821	0.924967	0.944836	1.575901	0.250000	0.258171	-0.000969
4.046298	0.924967	0.944836	1.575901	0.250000	0.258171	-0.000969
4.056348	0.924967	0.944836	1.575901	0.250000	0.258171	-0.000969
4.067584	0.924967	0.944836	1.575901	0.250000	0.258171	-0.000969
4.076830	0.925654	0.962257	1.524617	0.250000	0.454003	0.010735
4.086595	0.925654	0.962257	1.524617	0.250000	0.454003	0.010735
4.096311	0.925654	0.962257	1.524617	0.250000	0.454003	0.010735
4.106056	0.925654	0.962257	1.524617	0.250000	0.454003	0.010735
4.116842	0.925654	0.962257	1.524617	0.250000	0.454003	0.010735
4.126559	0.923741	0.969945	1.431170	0.250000	0.675534	0.021807
4.136175	0.923741	0.969945	1.431170	0.250000	0.675534	0.021807
4.147605	0.923741	0.969945	1.431170	0.250000	0.675534	0.021807
4.156915	0.923741	0.969945	1.431170	0.250000	0.675534	0.021807
4.166598	0.923741	0.969945	1.431170	0.250000	0.675534	0.021807
4.176342	0.923591	0.980607	1.410109	0.250000	0.740763	0.025847
4.186167	0.923591	0.980607	1.410109	0.250000	0.740763	0.025847
4.196916	0.923591	0.980607	1.410109	0.250000	0.740763	0.025847
4.207641	0.923591	0.980607	1.410109	0.250000	0.740763	0.025847
4.216902	0.923591	0.980607	1.410109	0.250000	0.740763	0.025847
4.226090	0.923591	0.980607	1.410109	0.250000	0.740763	0.025847
4.236851	0.925843	0.997487	1.406911	0.250000	0.804832	0.032077
4.246594	0.925843	0.997487	1.406911	0.250000	0.804832	0.032077
4.256507	0.925843	0.997487	1.406911	0.250000	0.804832	0.032077
4.266122	0.925843	0.997487	1.406911	0.250000	0.804832	0.032077
4.276844	0.925843	0.997487	1.406911	0.250000	0.804832	0.032077
4.286684	0.925843	0.997487	1.406911	0.250000	0.804832	0.032077
4.296420	0.925843	0.997487	1.406911	0.250000	0.804832	0.032077
4.306215	0.925843	0.997487	1.406911	0.250000	0.804832	0.032077
4.316921	0.925843	0.997487	1.406911	0.250000	0.804832	0.032077
4.326675	0.925843	0.997487	1.406911	0.250000	0.804832	0.032077
4.336430	0.925843	0.997487	1.406911	0.250000	0.804832	0.032077
4.346268	0.931090	1.023825	1.419725	0.250000	0.868461	0.042205
4.356963	0.931090	1.023825	1.419725	0.250000	0.868461	0.042205
4.366657	0.931090	1.023825	1.419725	0.250000	0.868461	0.042205
4.376467	0.931090	1.023825	1.419725	0.250000	0.868461	0.042205
4.386250	0.931090	1.023825	1.419725	0.250000	0.868461	0.042205
4.396926	0.935192	1.045485	1.510782	0.250000	0.725207	0.041378
4.406665	0.935192	1.045485	1.510782	0.250000	0.725207	0.041378
4.416466	0.935192	1.045485	1.510782	0.250000	0.725207	0.041378
4.426188	0.935192	1.045485	1.510782	0.250000	0.725207	0.041378
4.436083	0.935192	1.045485	1.510782	0.250000	0.725207	0.041378
4.446116	0.936261	1.059816	1.538639	0.250000	0.663189	0.042402
4.456489	0.936261	1.059816	1.538639	0.250000	0.663189	0.042402
4.466221	0.936261	1.059816	1.538639	0.250000	0.663189	0.042402
4.476100	0.936261	1.059816	1.538639	0.250000	0.663189	0.042402
4.486175	0.936261	1.059816	1.538639	0.250000	0.663189	0.042402
4.496117	0.936261	1.059816	1.538639	0.250000	0.663189	0.042402
4.506259	0.937695	1.074907	1.572769	0.250000	0.569344	0.041813
4.517004	0.937695	1.074907	1.572769	0.250000	0.569344	0.041813
4.526801	0.937695	1.074907	1.572769	0.250000	0.569344	0.041813
4.536527	0.937695	1.074907	1.572769	0.250000	0.569344	0.041813
4.546399	0.937695	1.074907	1.572769	0.250000	0.569344	0.041813
4.557027	0.937695	1.074907	1.572769	0.250000	0.569344	0.041813
4.566834	0.937695	1.074907	1.572769	0.250000	0.569344	0.041813
4.576546	0.937695	1.074907	1.572769	0.250000	0.569344	0.041813
4.586215	0.938300	1.091701	1.629021	0.250000	0.405787	0.036190
4.597045	0.938300	1.091701	1.629021	0.250000	0.405787	0.036190
4.606796	0.938300	1.091701	1.629021	0.250000	0.405787	0.036190
4.616701	0.938300	1.091701	1.629021	0.250000	0.405787	0.036190
4.626239	0.938300	1.091701	1.629021	0.250000	0.405787	0.036190
4.636120	0.938300	1.091701	1.629021	0.250000	0.405787	0.036190
4.646231	0.936589	1.102854	1.666078	0.250000	0.275376	0.029840
4.656582	0.936589	1.102854	1.666078	0.250000	0.275376	0.029840
4.666379	0.936589	1.102854	1.666078	0.250000	0.275376	0.029840
4.676080	0.936589	1.102854	1.666078	0.250000	0.275376	0.029840
4.686848	0.936589	1.102854	1.666078	0.250000	0.275376	0.029840
4.696543	0.936589	1.102854	1.666078	0.250000	0.275376	0.029840
4.706293	0.935300	1.116949	1.709085	0.250000	0.122178	0.022697
4.716121	0.935300	1.116949	1.709085	0.250000	0.122178	0.022697
4.726845	0.935300	1.116949	1.709085	0.250000	0.122178	0.022697
4.736740	0.935300	1.116949	1.709085	0.250000	0.122178	0.022697
4.746365	0.935300	1.116949	1.709085	0.250000	0.122178	0.022697
4.756125	0.935300	1.116949	1.709085	0.250000	0.122178	0.022697
4.767518	0.935300	1.116949	1.709085	0.250000	0.122178	0.022697
4.776118	0.935300	1.116949	1.709085	0.250000	0.122178	0.022697
4.786201	0.935300	1.116949	1.709085	0.250000	0.122178	0.022697
4.796097	0.935300	1.116949	1.709085	0.250000	0.122178	0.022697
4.806856	0.933244	1.131746	1.789744	0.250000	-0.141801	0.009182
4.817131	0.933244	1.131746	1.789744	0.250000	-0.141801	0.009182
4.826374	0.933244	1.131746	1.789744	0.250000	-0.141801	0.009182
4.836137	0.933244	1.131746	1.789744	0.250000	-0.141801	0.009182
4.846883	0.933244	1.131746	1.789744	0.250000	-0.141801	0.009182
4.856829	0.933244	1.131746	1.789744	0.250000	-0.141801	0.009182
4.866424	0.933244	1.131746	1.789744	0.250000	-0.141801	0.009182
4.876222	0.933244	1.131746	1.789744	0.250000	-0.141801	0.009182
4.886937	0.933244	1.131746	1.789744	0.250000	-0.141801	0.009182
4.896618	0.933244	1.131746	1.789744	0.250000	-0.141801	0.009182
4.906372	0.932272	1.157610	1.965673	0.250000	-0.622208	-0.014132
4.916191	0.932272	1.157610	1.965673	0.250000	-0.622208	-0.014132
4.926888	0.932272	1.157610	1.965673	0.250000	-0.622208	-0.014132
4.936675	0.932272	1.157610	1.965673	0.250000	-0.622208	-0.014132
4.946720	0.932272	1.157610	1.965673	0.250000	-0.622208	-0.014132
4.956209	0.932272	1.157610	1.965673	0.250000	-0.622208	-0.014132
4.966180	0.930249	1.183742	2.020075	0.250000	-0.794363	-0.022539
4.976712	0.930249	1.183742	2.020075	0.250000	-0.794363	-0.022539
4.986445	0.930249	1.183742	2.020075	0.250000	-0.794363	-0.022539
4.996181	0.930249	1.183742	2.020075	0.250000	-0.794363	-0.022539
5.006966	0.930249	1.183742	2.020075	0.250000	-0.794363	-0.022539
5.016721	0.930249	1.183742	2.020075	0.250000	-0.794363	-0.022539
5.026522	0.930249	1.183742	2.020075	0.250000	-0.794363	-0.022539
5.036234	0.930249	1.183742	2.020075	0.250000	-0.794363	-0.022539
5.046098	0.930249	1.183742	2.020075	0.250000	-0.794363	-0.022539
5.056745	0.930249	1.183742	2.020075	0.250000	-0.794363	-0.022539
5.066434	0.926535	1.204186	2.069172	0.250000	-0.934346	-0.030133
5.076263	0.926535	1.204186	2.069172	0.250000	-0.934346	-0.030133
5.086142	0.926535	1.204186	2.069172	0.250000	-0.934346	-0.030133
5.096278	0.926535	1.204186	2.069172	0.250000	-0.934346	-0.030133
5.106190	0.926535	1.204186	2.069172	0.250000	-0.934346	-0.030133
5.116673	0.926535	1.204186	2.069172	0.250000	-0.934346	-0.030133
5.127044	0.926535	1.204186	2.069172	0.250000	-0.934346	-0.030133
5.136762	0.926535	1.204186	2.069172	0.250000	-0.934346	-0.030133
5.146134	0.926535	1.204186	2.069172	0.250000	-0.934346	-0.030133
5.156272	0.926535	1.204186	2.069172	0.250000	-0.934346	-0.030133
5.166120	0.926535	1.204186	2.069172	0.250000	-0.934346	-0.030133
5.176786	0.921146	1.222543	2.102107	0.250000	-1.048668	-0.037746
5.186561	0.921146	1.222543	2.102107	0.250000	-1.048668	-0.037746
5.196385	0.921146	1.222543	2.102107	0.250000	-1.048668	-0.037746
5.206159	0.921146	1.222543	2.102107	0.250000	-1.048668	-0.037746
5.216145	0.921146	1.222543	2.102107	0.250000	-1.048668	-0.037746
5.226587	0.921146	1.222543	2.102107	0.250000	-1.048668	-0.037746
5.236363	0.921146	1.222543	2.102107	0.250000	-1.048668	-0.037746
5.246237	0.921146	1.222543	2.102107	0.250000	-1.048668	-0.037746
5.256805	0.921146	1.222543	2.102107	0.250000	-1.048668	-0.037746
5.266555	0.921146	1.222543	2.102107	0.250000	-1.048668	-0.037746
5.276311	0.912011	1.238590	2.226046	0.250000	-1.315478	-0.053243
5.286146	0.912011	1.238590	2.226046	0.250000	-1.315478	-0.053243
5.296822	0.912011	1.238590	2.226046	0.250000	-1.315478	-0.053243
5.306506	0.912011	1.238590	2.226046	0.250000	-1.315478	-0.053243
5.316280	0.912011	1.238590	2.226046	0.250000	-1.315478	-0.053243
5.326104	0.912011	1.238590	2.226046	0.250000	-1.315478	-0.053243
5.336081	0.912011	1.238590	2.226046	0.250000	-1.315478	-0.053243
5.346141	0.912011	1.238590	2.226046	0.250000	-1.315478	-0.053243
5.356359	0.912011	1.238590	2.226046	0.250000	-1.315478	-0.053243
5.366143	0.912011	1.238590	2.226046	0.250000	-1.315478	-0.053243
5.376568	0.903211	1.259852	2.207692	0.250000	-1.347582	-0.060456
5.386622	0.903211	1.259852	2.207692	0.250000	-1.347582	-0.060456
5.396401	0.903211	1.259852	2.207692	0.250000	-1.347582	-0.060456
5.406112	0.903211	1.259852	2.207692	0.250000	-1.347582	-0.060456
5.416154	0.903211	1.259852	2.207692	0.250000	-1.347582	-0.060456
5.426155	0.903211	1.259852	2.207692	0.250000	-1.347582	-0.060456
5.436407	0.903211	1.259852	2.207692	0.250000	-1.347582	-0.060456
5.446148	0.903211	1.259852	2.207692	0.250000	-1.347582	-0.060456
5.456874	0.903211	1.259852	2.207692	0.250000	-1.347582	-0.060456
5.466667	0.903211	1.259852	2.207692	0.250000	-1.347582	-0.060456
5.476409	0.903211	1.259852	2.207692	0.250000	-1.347582	-0.060456
5.486493	0.903211	1.259852	2.207692	0.250000	-1.347582	-0.060456
5.496891	0.895668	1.281964	2.025153	0.250000	-1.122876	-0.060858
5.506624	0.895668	1.281964	2.025153	0.250000	-1.122876	-0.060858
5.516541	0.895668	1.281964	2.025153	0.250000	-1.122876	-0.060858
5.526170	0.895668	1.281964	2.025153	0.250000	-1.122876	-0.060858
5.536099	0.895668	1.281964	2.025153	0.250000	-1.122876	-0.060858
5.546668	0.890978	1.300663	1.841409	0.250000	-0.774300	-0.048059
5.556449	0.890978	1.300663	1.841409	0.250000	-0.774300	-0.048059
5.566181	0.890978	1.300663	1.841409	0.250000	-0.774300	-0.048059
5.576907	0.890978	1.300663	1.841409	0.250000	-0.774300	-0.048059
5.586667	0.890978	1.300663	1.841409	0.250000	-0.774300	-0.048059
5.596468	0.890978	1.300663	1.841409	0.250000	-0.774300	-0.048059
5.606241	0.890978	1.300663	1.841409	0.250000	-0.774300	-0.048059
5.616161	0.890978	1.300663	1.841409	0.250000	-0.774300	-0.048059
5.626227	0.890978	1.300663	1.841409	0.250000	-0.774300	-0.048059
5.636436	0.887129	1.315916	1.643492	0.250000	-0.300871	-0.026118
5.646213	0.887129	1.315916	1.643492	0.250000	-0.300871	-0.026118
5.656982	0.887129	1.315916	1.643492	0.250000	-0.300871	-0.026118
5.666645	0.887129	1.315916	1.643492	0.250000	-0.300871	-0.026118
5.676417	0.887129	1.315916	1.643492	0.250000	-0.300871	-0.026118
5.686251	0.887129	1.315916	1.643492	0.250000	-0.300871	-0.026118
5.697044	0.887129	1.315916	1.643492	0.250000	-0.300871	-0.026118
5.706744	0.884983	1.327762	1.597231	0.250000	-0.149470	-0.020574
5.716174	0.884983	1.327762	1.597231	0.250000	-0.149470	-0.020574
5.726201	0.884983	1.327762	1.597231	0.250000	-0.149470	-0.020574
5.737007	0.884983	1.327762	1.597231	0.250000	-0.149470	-0.020574
5.750371	0.884983	1.327762	1.597231	0.250000	-0.149470	-0.020574
5.756543	0.884983	1.327762	1.597231	0.250000	-0.149470	-0.020574
5.766316	0.884983	1.327762	1.597231	0.250000	-0.149470	-0.020574
5.776157	0.884983	1.327762	1.597231	0.250000	-0.149470	-0.020574
5.786168	0.884983	1.327762	1.597231	0.250000	-0.149470	-0.020574
5.796123	0.884983	1.327762	1.597231	0.250000	-0.149470	-0.020574
5.806182	0.884222	1.343866	1.556772	0.250000	0.019398	-0.013589
5.816150	0.884222	1.343866	1.556772	0.250000	0.019398	-0.013589
5.826133	0.884222	1.343866	1.556772	0.250000	0.019398	-0.013589
5.836159	0.884222	1.343866	1.556772	0.250000	0.019398	-0.013589
5.846271	0.884222	1.343866	1.556772	0.250000	0.019398	-0.013589
5.856174	0.884222	1.343866	1.556772	0.250000	0.019398	-0.013589
5.866805	0.884222	1.343866	1.556772	0.250000	0.019398	-0.013589
5.876512	0.884222	1.343866	1.556772	0.250000	0.019398	-0.013589
5.886380	0.884222	1.343866	1.556772	0.250000	0.019398	-0.013589
5.896148	0.884222	1.343866	1.556772	0.250000	0.019398	-0.013589
5.906168	0.884222	1.343866	1.556772	0.250000	0.019398	-0.013589
5.916728	0.887029	1.369819	1.506483	0.250000	0.263168	-0.001693
