t	x(t)	y(t)	theta(t)	v(t)	gamma(t)	efa
0.000363	0.695467	0.152632	1.605727	0.250000	-0.623848	-0.017539
0.000721	0.695467	0.152632	1.605727	0.250000	-0.623848	-0.017539
0.010873	0.695467	0.152632	1.605727	0.250000	-0.623848	-0.017539
0.020965	0.695467	0.152632	1.605727	0.250000	-0.623848	-0.017539
0.030881	0.696311	0.151244	1.603747	0.250000	-0.609708	-0.016483
0.041524	0.696311	0.151244	1.603747	0.250000	-0.609708	-0.016483
0.050840	0.696311	0.151244	1.603747	0.250000	-0.609708	-0.016483
0.061018	0.696311	0.151244	1.603747	0.250000	-0.609708	-0.016483
0.070776	0.696311	0.151244	1.603747	0.250000	-0.609708	-0.016483
0.080832	0.696311	0.151244	1.603747	0.250000	-0.609708	-0.016483
0.091246	0.696835	0.149897	1.602574	0.250000	-0.586566	-0.014589
0.101436	0.696835	0.149897	1.602574	0.250000	-0.586566	-0.014589
0.111108	0.696835	0.149897	1.602574	0.250000	-0.586566	-0.014589
0.120853	0.696835	0.149897	1.602574	0.250000	-0.586566	-0.014589
0.130846	0.696835	0.149897	1.602574	0.250000	-0.586566	-0.014589
0.141039	0.696311	0.151244	1.603747	0.250000	-0.609708	-0.016483
0.150805	0.696311	0.151244	1.603747	0.250000	-0.609708	-0.016483
0.161543	0.696311	0.151244	1.603747	0.250000	-0.609708	-0.016483
0.171244	0.696311	0.151244	1.603747	0.250000	-0.609708	-0.016483
0.181825	0.696311	0.151244	1.603747	0.250000	-0.609708	-0.016483
0.191629	0.696311	0.151244	1.603747	0.250000	-0.609708	-0.016483
0.200822	0.696311	0.151244	1.603747	0.250000	-0.609708	-0.016483
0.210917	0.696311	0.151244	1.603747	0.250000	-0.609708	-0.016483
0.221071	0.696311	0.151244	1.603747	0.250000	-0.609708	-0.016483
0.230795	0.696311	0.151244	1.603747	0.250000	-0.609708	-0.016483
0.241360	0.695503	0.155761	1.598438	0.250000	-0.636416	-0.017773
0.251284	0.695503	0.155761	1.598438	0.250000	-0.636416	-0.017773
0.261141	0.695503	0.155761	1.598438	0.250000	-0.636416	-0.017773
0.270804	0.695503	0.155761	1.598438	0.250000	-0.636416	-0.017773
0.281559	0.695503	0.155761	1.598438	0.250000	-0.636416	-0.017773
0.291378	0.695503	0.155761	1.598438	0.250000	-0.636416	-0.017773
0.301031	0.695503	0.155761	1.598438	0.250000	-0.636416	-0.017773
0.310840	0.695503	0.155761	1.598438	0.250000	-0.636416	-0.017773
0.321598	0.695503	0.155761	1.598438	0.250000	-0.636416	-0.017773
0.331379	0.695503	0.155761	1.598438	0.250000	-0.636416	-0.017773
0.341293	0.694978	0.166638	1.581577	0.250000	-0.697091	-0.020109
0.350890	0.694978	0.166638	1.581577	0.250000	-0.697091	-0.020109
0.364564	0.694978	0.166638	1.581577	0.250000	-0.697091	-0.020109
0.371278	0.694978	0.166638	1.581577	0.250000	-0.697091	-0.020109
0.381096	0.694978	0.166638	1.581577	0.250000	-0.697091	-0.020109
0.390901	0.694978	0.166638	1.581577	0.250000	-0.697091	-0.020109
0.401399	0.695662	0.181081	1.547008	0.250000	-0.741435	-0.021254
0.411375	0.695662	0.181081	1.547008	0.250000	-0.741435	-0.021254
0.421137	0.695662	0.181081	1.547008	0.250000	-0.741435	-0.021254
0.431023	0.695662	0.181081	1.547008	0.250000	-0.741435	-0.021254
0.441654	0.695662	0.181081	1.547008	0.250000	-0.741435	-0.021254
0.451396	0.695662	0.181081	1.547008	0.250000	-0.741435	-0.021254
0.461183	0.697581	0.196338	1.498352	0.250000	-0.748666	-0.020603
0.470953	0.697581	0.196338	1.498352	0.250000	-0.748666	-0.020603
0.481751	0.697581	0.196338	1.498352	0.250000	-0.748666	-0.020603
0.490822	0.697581	0.196338	1.498352	0.250000	-0.748666	-0.020603
0.500921	0.697581	0.196338	1.498352	0.250000	-0.748666	-0.020603
0.510859	0.697581	0.196338	1.498352	0.250000	-0.748666	-0.020603
0.520788	0.698785	0.208900	1.459112	0.250000	-0.793930	-0.022786
0.530765	0.698785	0.208900	1.459112	0.250000	-0.793930	-0.022786
0.540837	0.698785	0.208900	1.459112	0.250000	-0.793930	-0.022786
0.550857	0.698785	0.208900	1.459112	0.250000	-0.793930	-0.022786
0.560752	0.700160	0.221554	1.427570	0.250000	-0.827528	-0.024813
0.570837	0.700160	0.221554	1.427570	0.250000	-0.827528	-0.024813
0.580908	0.700160	0.221554	1.427570	0.250000	-0.827528	-0.024813
0.590811	0.700160	0.221554	1.427570	0.250000	-0.827528	-0.024813
0.600811	0.700160	0.221554	1.427570	0.250000	-0.827528	-0.024813
0.610793	0.700160	0.221554	1.427570	0.250000	-0.827528	-0.024813
0.620836	0.700160	0.221554	1.427570	0.250000	-0.827528	-0.024813
0.630849	0.701334	0.235379	1.398096	0.250000	-0.874174	-0.028246
0.640861	0.701334	0.235379	1.398096	0.250000	-0.874174	-0.028246
0.650836	0.701334	0.235379	1.398096	0.250000	-0.874174	-0.028246
0.661214	0.701334	0.235379	1.398096	0.250000	-0.874174	-0.028246
0.671972	0.701334	0.235379	1.398096	0.250000	-0.874174	-0.028246
0.680699	0.701334	0.235379	1.398096	0.250000	-0.874174	-0.028246
0.691415	0.701334	0.235379	1.398096	0.250000	-0.874174	-0.028246
0.701554	0.701334	0.235379	1.398096	0.250000	-0.874174	-0.028246
0.711014	0.701334	0.235379	1.398096	0.250000	-0.874174	-0.028246
0.720849	0.701334	0.235379	1.398096	0.250000	-0.874174	-0.028246
0.730817	0.705293	0.250848	1.363068	0.250000	-0.913339	-0.031487
0.741202	0.705293	0.250848	1.363068	0.250000	-0.913339	-0.031487
0.751928	0.705293	0.250848	1.363068	0.250000	-0.913339	-0.031487
0.760758	0.705293	0.250848	1.363068	0.250000	-0.913339	-0.031487
0.771487	0.705293	0.250848	1.363068	0.250000	-0.913339	-0.031487
0.781266	0.708862	0.266681	1.320532	0.250000	-0.936708	-0.035163
0.790985	0.708862	0.266681	1.320532	0.250000	-0.936708	-0.035163
0.800804	0.708862	0.266681	1.320532	0.250000	-0.936708	-0.035163
0.810792	0.708862	0.266681	1.320532	0.250000	-0.936708	-0.035163
0.821329	0.708862	0.266681	1.320532	0.250000	-0.936708	-0.035163
0.831028	0.713902	0.281336	1.285368	0.250000	-0.928949	-0.036473
0.840822	0.713902	0.281336	1.285368	0.250000	-0.928949	-0.036473
0.851565	0.713902	0.281336	1.285368	0.250000	-0.928949	-0.036473
0.860902	0.713902	0.281336	1.285368	0.250000	-0.928949	-0.036473
0.871055	0.713902	0.281336	1.285368	0.250000	-0.928949	-0.036473
0.881831	0.713902	0.281336	1.285368	0.250000	-0.928949	-0.036473
0.890851	0.713902	0.281336	1.285368	0.250000	-0.928949	-0.036473
0.900814	0.713902	0.281336	1.285368	0.250000	-0.928949	-0.036473
0.911093	0.713902	0.281336	1.285368	0.250000	-0.928949	-0.036473
0.920914	0.713902	0.281336	1.285368	0.250000	-0.928949	-0.036473
0.930832	0.713902	0.281336	1.285368	0.250000	-0.928949	-0.036473
0.940775	0.718606	0.298781	1.237566	0.250000	-0.947847	-0.042047
0.951239	0.718606	0.298781	1.237566	0.250000	-0.947847	-0.042047
0.960911	0.718606	0.298781	1.237566	0.250000	-0.947847	-0.042047
0.971804	0.718606	0.298781	1.237566	0.250000	-0.947847	-0.042047
0.980858	0.718606	0.298781	1.237566	0.250000	-0.947847	-0.042047
0.990873	0.718606	0.298781	1.237566	0.250000	-0.947847	-0.042047
1.000878	0.718606	0.298781	1.237566	0.250000	-0.947847	-0.042047
1.011658	0.718606	0.298781	1.237566	0.250000	-0.947847	-0.042047
1.020897	0.718606	0.298781	1.237566	0.250000	-0.947847	-0.042047
1.031167	0.718606	0.298781	1.237566	0.250000	-0.947847	-0.042047
1.040924	0.718606	0.298781	1.237566	0.250000	-0.947847	-0.042047
1.050883	0.718606	0.298781	1.237566	0.250000	-0.947847	-0.042047
1.061410	0.718606	0.298781	1.237566	0.250000	-0.947847	-0.042047
1.071126	0.718606	0.298781	1.237566	0.250000	-0.947847	-0.042047
1.082585	0.726248	0.317747	1.187667	0.250000	-0.925895	-0.045189
1.090826	0.726248	0.317747	1.187667	0.250000	-0.925895	-0.045189
1.100850	0.726248	0.317747	1.187667	0.250000	-0.925895	-0.045189
1.111161	0.726248	0.317747	1.187667	0.250000	-0.925895	-0.045189
1.120843	0.726248	0.317747	1.187667	0.250000	-0.925895	-0.045189
1.130854	0.726248	0.317747	1.187667	0.250000	-0.925895	-0.045189
1.141397	0.734706	0.337141	1.127397	0.250000	-0.860533	-0.046294
1.150905	0.734706	0.337141	1.127397	0.250000	-0.860533	-0.046294
1.160929	0.734706	0.337141	1.127397	0.250000	-0.860533	-0.046294
1.170868	0.734706	0.337141	1.127397	0.250000	-0.860533	-0.046294
1.180855	0.734706	0.337141	1.127397	0.250000	-0.860533	-0.046294
1.191343	0.734706	0.337141	1.127397	0.250000	-0.860533	-0.046294
1.201098	0.734706	0.337141	1.127397	0.250000	-0.860533	-0.046294
1.210883	0.734706	0.337141	1.127397	0.250000	-0.860533	-0.046294
1.221608	0.743274	0.351330	1.073466	0.250000	-0.764405	-0.044974
1.231376	0.743274	0.351330	1.073466	0.250000	-0.764405	-0.044974
1.241153	0.743274	0.351330	1.073466	0.250000	-0.764405	-0.044974
1.250873	0.743274	0.351330	1.073466	0.250000	-0.764405	-0.044974
1.261653	0.743274	0.351330	1.073466	0.250000	-0.764405	-0.044974
1.270901	0.743274	0.351330	1.073466	0.250000	-0.764405	-0.044974
1.280879	0.743274	0.351330	1.073466	0.250000	-0.764405	-0.044974
1.290856	0.750963	0.363305	1.028649	0.250000	-0.658099	-0.042281
1.300843	0.750963	0.363305	1.028649	0.250000	-0.658099	-0.042281
1.311395	0.750963	0.363305	1.028649	0.250000	-0.658099	-0.042281
1.321135	0.750963	0.363305	1.028649	0.250000	-0.658099	-0.042281
1.330896	0.750963	0.363305	1.028649	0.250000	-0.658099	-0.042281
1.340826	0.750963	0.363305	1.028649	0.250000	-0.658099	-0.042281
1.352335	0.757161	0.374170	0.984515	0.250000	-0.536292	-0.039305
1.361016	0.757161	0.374170	0.984515	0.250000	-0.536292	-0.039305
1.370934	0.757161	0.374170	0.984515	0.250000	-0.536292	-0.039305
1.380920	0.757161	0.374170	0.984515	0.250000	-0.536292	-0.039305
1.390846	0.757161	0.374170	0.984515	0.250000	-0.536292	-0.039305
1.401129	0.757161	0.374170	0.984515	0.250000	-0.536292	-0.039305
1.410872	0.757161	0.374170	0.984515	0.250000	-0.536292	-0.039305
1.420748	0.765195	0.387679	0.950724	0.250000	-0.391650	-0.036490
1.431390	0.765195	0.387679	0.950724	0.250000	-0.391650	-0.036490
1.441139	0.765195	0.387679	0.950724	0.250000	-0.391650	-0.036490
1.450969	0.765195	0.387679	0.950724	0.250000	-0.391650	-0.036490
1.460914	0.765195	0.387679	0.950724	0.250000	-0.391650	-0.036490
1.470839	0.765195	0.387679	0.950724	0.250000	-0.391650	-0.036490
1.481215	0.765195	0.387679	0.950724	0.250000	-0.391650	-0.036490
1.490969	0.765195	0.387679	0.950724	0.250000	-0.391650	-0.036490
1.500820	0.765195	0.387679	0.950724	0.250000	-0.391650	-0.036490
1.510842	0.765195	0.387679	0.950724	0.250000	-0.391650	-0.036490
1.521176	0.765195	0.387679	0.950724	0.250000	-0.391650	-0.036490
1.530958	0.779179	0.406344	0.898002	0.250000	-0.022206	-0.025229
1.541746	0.779179	0.406344	0.898002	0.250000	-0.022206	-0.025229
1.551489	0.779179	0.406344	0.898002	0.250000	-0.022206	-0.025229
1.560819	0.779179	0.406344	0.898002	0.250000	-0.022206	-0.025229
1.570879	0.779179	0.406344	0.898002	0.250000	-0.022206	-0.025229
1.581744	0.779179	0.406344	0.898002	0.250000	-0.022206	-0.025229
1.591465	0.779179	0.406344	0.898002	0.250000	-0.022206	-0.025229
1.601223	0.779179	0.406344	0.898002	0.250000	-0.022206	-0.025229
1.610846	0.779179	0.406344	0.898002	0.250000	-0.022206	-0.025229
1.621738	0.779179	0.406344	0.898002	0.250000	-0.022206	-0.025229
1.631444	0.779179	0.406344	0.898002	0.250000	-0.022206	-0.025229
1.641237	0.779179	0.406344	0.898002	0.250000	-0.022206	-0.025229
1.650978	0.795790	0.425318	0.832473	0.250000	0.491497	-0.006240
1.660826	0.795790	0.425318	0.832473	0.250000	0.491497	-0.006240
1.670846	0.795790	0.425318	0.832473	0.250000	0.491497	-0.006240
1.681264	0.795790	0.425318	0.832473	0.250000	0.491497	-0.006240
1.691041	0.795790	0.425318	0.832473	0.250000	0.491497	-0.006240
1.700876	0.795790	0.425318	0.832473	0.250000	0.491497	-0.006240
1.710920	0.795790	0.425318	0.832473	0.250000	0.491497	-0.006240
1.720834	0.812135	0.441583	0.746555	0.250000	0.860026	0.011157
1.730894	0.812135	0.441583	0.746555	0.250000	0.860026	0.011157
1.740827	0.812135	0.441583	0.746555	0.250000	0.860026	0.011157
1.751861	0.812135	0.441583	0.746555	0.250000	0.860026	0.011157
1.761308	0.812135	0.441583	0.746555	0.250000	0.860026	0.011157
1.771011	0.824117	0.451640	0.686553	0.250000	1.095009	0.023071
1.780892	0.824117	0.451640	0.686553	0.250000	1.095009	0.023071
1.791630	0.824117	0.451640	0.686553	0.250000	1.095009	0.023071
1.801317	0.824117	0.451640	0.686553	0.250000	1.095009	0.023071
1.811051	0.824117	0.451640	0.686553	0.250000	1.095009	0.023071
1.820827	0.824117	0.451640	0.686553	0.250000	1.095009	0.023071
1.830863	0.824117	0.451640	0.686553	0.250000	1.095009	0.023071
1.841352	0.838338	0.463858	0.658745	0.250000	1.227557	0.030098
1.851070	0.838338	0.463858	0.658745	0.250000	1.227557	0.030098
1.860947	0.838338	0.463858	0.658745	0.250000	1.227557	0.030098
1.871639	0.838338	0.463858	0.658745	0.250000	1.227557	0.030098
1.881364	0.838338	0.463858	0.658745	0.250000	1.227557	0.030098
1.891115	0.838338	0.463858	0.658745	0.250000	1.227557	0.030098
1.900820	0.850329	0.475090	0.653141	0.250000	1.323222	0.036479
1.910862	0.850329	0.475090	0.653141	0.250000	1.323222	0.036479
1.920840	0.850329	0.475090	0.653141	0.250000	1.323222	0.036479
1.930887	0.850329	0.475090	0.653141	0.250000	1.323222	0.036479
1.940870	0.850329	0.475090	0.653141	0.250000	1.323222	0.036479
1.950836	0.850329	0.475090	0.653141	0.250000	1.323222	0.036479
1.961398	0.850329	0.475090	0.653141	0.250000	1.323222	0.036479
1.970935	0.850329	0.475090	0.653141	0.250000	1.323222	0.036479
1.980883	0.850329	0.475090	0.653141	0.250000	1.323222	0.036479
1.990924	0.850329	0.475090	0.653141	0.250000	1.323222	0.036479
2.001455	0.850329	0.475090	0.653141	0.250000	1.323222	0.036479
2.010872	0.850329	0.475090	0.653141	0.250000	1.323222	0.036479
2.020987	0.850329	0.475090	0.653141	0.250000	1.323222	0.036479
2.031710	0.862156	0.483744	0.665711	0.250000	1.399504	0.045876
2.041525	0.862156	0.483744	0.665711	0.250000	1.399504	0.045876
2.051264	0.862156	0.483744	0.665711	0.250000	1.399504	0.045876
2.061033	0.862156	0.483744	0.665711	0.250000	1.399504	0.045876
2.070848	0.862156	0.483744	0.665711	0.250000	1.399504	0.045876
2.081508	0.862156	0.483744	0.665711	0.250000	1.399504	0.045876
2.091263	0.862156	0.483744	0.665711	0.250000	1.399504	0.045876
2.100829	0.873041	0.493511	0.729696	0.250000	1.335497	0.056641
2.110943	0.873041	0.493511	0.729696	0.250000	1.335497	0.056641
2.120825	0.873041	0.493511	0.729696	0.250000	1.335497	0.056641
2.131498	0.873041	0.493511	0.729696	0.250000	1.335497	0.056641
2.140906	0.873041	0.493511	0.729696	0.250000	1.335497	0.056641
2.150913	0.873041	0.493511	0.729696	0.250000	1.335497	0.056641
2.160864	0.873041	0.493511	0.729696	0.250000	1.335497	0.056641
2.171316	0.873041	0.493511	0.729696	0.250000	1.335497	0.056641
2.180906	0.873041	0.493511	0.729696	0.250000	1.335497	0.056641
2.190838	0.873041	0.493511	0.729696	0.250000	1.335497	0.056641
2.201519	0.873041	0.493511	0.729696	0.250000	1.335497	0.056641
2.211011	0.873041	0.493511	0.729696	0.250000	1.335497	0.056641
2.221056	0.888815	0.509497	0.829267	0.250000	1.087536	0.069560
2.231759	0.888815	0.509497	0.829267	0.250000	1.087536	0.069560
2.241587	0.888815	0.509497	0.829267	0.250000	1.087536	0.069560
2.251325	0.888815	0.509497	0.829267	0.250000	1.087536	0.069560
2.261100	0.888815	0.509497	0.829267	0.250000	1.087536	0.069560
2.270813	0.888815	0.509497	0.829267	0.250000	1.087536	0.069560
2.282629	0.888815	0.509497	0.829267	0.250000	1.087536	0.069560
2.291320	0.904987	0.531228	0.939140	0.250000	0.907071	0.066439
2.301087	0.904987	0.531228	0.939140	0.250000	0.907071	0.066439
2.310794	0.904987	0.531228	0.939140	0.250000	0.907071	0.066439
2.321576	0.904987	0.531228	0.939140	0.250000	0.907071	0.066439
2.331381	0.904987	0.531228	0.939140	0.250000	0.907071	0.066439
2.341089	0.917200	0.548724	1.009119	0.250000	0.831871	0.062541
2.350827	0.917200	0.548724	1.009119	0.250000	0.831871	0.062541
2.361252	0.917200	0.548724	1.009119	0.250000	0.831871	0.062541
2.370941	0.917200	0.548724	1.009119	0.250000	0.831871	0.062541
2.380918	0.917200	0.548724	1.009119	0.250000	0.831871	0.062541
2.390865	0.917200	0.548724	1.009119	0.250000	0.831871	0.062541
2.400877	0.917200	0.548724	1.009119	0.250000	0.831871	0.062541
2.411414	0.917200	0.548724	1.009119	0.250000	0.831871	0.062541
2.420925	0.917200	0.548724	1.009119	0.250000	0.831871	0.062541
2.430936	0.917200	0.548724	1.009119	0.250000	0.831871	0.062541
2.440866	0.917200	0.548724	1.009119	0.250000	0.831871	0.062541
2.450846	0.917200	0.548724	1.009119	0.250000	0.831871	0.062541
2.460924	0.917200	0.548724	1.009119	0.250000	0.831871	0.062541
2.470910	0.927388	0.567791	1.069715	0.250000	0.780534	0.057272
2.481049	0.927388	0.567791	1.069715	0.250000	0.780534	0.057272
2.491435	0.927388	0.567791	1.069715	0.250000	0.780534	0.057272
2.501159	0.927388	0.567791	1.069715	0.250000	0.780534	0.057272
2.510889	0.927388	0.567791	1.069715	0.250000	0.780534	0.057272
2.520841	0.927388	0.567791	1.069715	0.250000	0.780534	0.057272
2.530888	0.927388	0.567791	1.069715	0.250000	0.780534	0.057272
2.541161	0.927388	0.567791	1.069715	0.250000	0.780534	0.057272
2.550928	0.927388	0.567791	1.069715	0.250000	0.780534	0.057272
2.560855	0.927388	0.567791	1.069715	0.250000	0.780534	0.057272
2.571441	0.927388	0.567791	1.069715	0.250000	0.780534	0.057272
2.580914	0.934985	0.587420	1.132950	0.250000	0.746776	0.051083
2.590918	0.934985	0.587420	1.132950	0.250000	0.746776	0.051083
2.600815	0.934985	0.587420	1.132950	0.250000	0.746776	0.051083
2.611767	0.934985	0.587420	1.132950	0.250000	0.746776	0.051083
2.620860	0.934985	0.587420	1.132950	0.250000	0.746776	0.051083
2.631017	0.934985	0.587420	1.132950	0.250000	0.746776	0.051083
2.641719	0.934985	0.587420	1.132950	0.250000	0.746776	0.051083
2.650839	0.943812	0.610557	1.205423	0.250000	0.691282	0.044960
2.661274	0.943812	0.610557	1.205423	0.250000	0.691282	0.044960
2.671012	0.943812	0.610557	1.205423	0.250000	0.691282	0.044960
2.680825	0.943812	0.610557	1.205423	0.250000	0.691282	0.044960
2.691487	0.943812	0.610557	1.205423	0.250000	0.691282	0.044960
2.701222	0.943812	0.610557	1.205423	0.250000	0.691282	0.044960
2.712005	0.950102	0.630594	1.264564	0.250000	0.652772	0.040760
2.720839	0.950102	0.630594	1.264564	0.250000	0.652772	0.040760
2.732247	0.950102	0.630594	1.264564	0.250000	0.652772	0.040760
2.740978	0.950102	0.630594	1.264564	0.250000	0.652772	0.040760
2.751782	0.950102	0.630594	1.264564	0.250000	0.652772	0.040760
2.760865	0.950102	0.630594	1.264564	0.250000	0.652772	0.040760
2.770906	0.950102	0.630594	1.264564	0.250000	0.652772	0.040760
2.781301	0.950102	0.630594	1.264564	0.250000	0.652772	0.040760
2.791031	0.950102	0.630594	1.264564	0.250000	0.652772	0.040760
2.800820	0.950102	0.630594	1.264564	0.250000	0.652772	0.040760
2.810816	0.950102	0.630594	1.264564	0.250000	0.652772	0.040760
2.821317	0.954685	0.647763	1.319741	0.250000	0.596735	0.036534
2.831015	0.954685	0.647763	1.319741	0.250000	0.596735	0.036534
2.841822	0.954685	0.647763	1.319741	0.250000	0.596735	0.036534
2.851563	0.954685	0.647763	1.319741	0.250000	0.596735	0.036534
2.861308	0.956986	0.663667	1.370964	0.250000	0.513575	0.030885
2.870924	0.956986	0.663667	1.370964	0.250000	0.513575	0.030885
2.881073	0.956986	0.663667	1.370964	0.250000	0.513575	0.030885
2.890827	0.956986	0.663667	1.370964	0.250000	0.513575	0.030885
2.900877	0.956986	0.663667	1.370964	0.250000	0.513575	0.030885
2.910916	0.956986	0.663667	1.370964	0.250000	0.513575	0.030885
2.920855	0.956986	0.663667	1.370964	0.250000	0.513575	0.030885
2.930829	0.956986	0.663667	1.370964	0.250000	0.513575	0.030885
2.941348	0.956986	0.663667	1.370964	0.250000	0.513575	0.030885
2.950887	0.956986	0.663667	1.370964	0.250000	0.513575	0.030885
2.960850	0.956986	0.663667	1.370964	0.250000	0.513575	0.030885
2.971624	0.959981	0.682606	1.437896	0.250000	0.409509	0.024780
2.981396	0.959981	0.682606	1.437896	0.250000	0.409509	0.024780
2.991119	0.959981	0.682606	1.437896	0.250000	0.409509	0.024780
3.000808	0.959981	0.682606	1.437896	0.250000	0.409509	0.024780
3.010811	0.959981	0.682606	1.437896	0.250000	0.409509	0.024780
3.021090	0.959981	0.682606	1.437896	0.250000	0.409509	0.024780
3.031191	0.964191	0.703111	1.494886	0.250000	0.329520	0.021284
3.040852	0.964191	0.703111	1.494886	0.250000	0.329520	0.021284
3.051475	0.964191	0.703111	1.494886	0.250000	0.329520	0.021284
3.061399	0.964191	0.703111	1.494886	0.250000	0.329520	0.021284
3.071108	0.966349	0.718434	1.538088	0.250000	0.251597	0.017778
3.080922	0.966349	0.718434	1.538088	0.250000	0.251597	0.017778
3.091639	0.966349	0.718434	1.538088	0.250000	0.251597	0.017778
3.101691	0.966349	0.718434	1.538088	0.250000	0.251597	0.017778
3.111115	0.966349	0.718434	1.538088	0.250000	0.251597	0.017778
3.120950	0.966349	0.718434	1.538088	0.250000	0.251597	0.017778
3.130847	0.966349	0.718434	1.538088	0.250000	0.251597	0.017778
3.140780	0.966225	0.730479	1.568256	0.250000	0.176723	0.013600
3.151232	0.966225	0.730479	1.568256	0.250000	0.176723	0.013600
3.160992	0.966225	0.730479	1.568256	0.250000	0.176723	0.013600
3.170924	0.966225	0.730479	1.568256	0.250000	0.176723	0.013600
3.180853	0.966225	0.730479	1.568256	0.250000	0.176723	0.013600
3.191174	0.966225	0.730479	1.568256	0.250000	0.176723	0.013600
3.203899	0.966225	0.730479	1.568256	0.250000	0.176723	0.013600
3.211644	0.966225	0.730479	1.568256	0.250000	0.176723	0.013600
3.221447	0.966225	0.730479	1.568256	0.250000	0.176723	0.013600
3.231213	0.966225	0.730479	1.568256	0.250000	0.176723	0.013600
3.240857	0.962716	0.741742	1.602315	0.250000	0.052980	0.005616
3.250847	0.962716	0.741742	1.602315	0.250000	0.052980	0.005616
3.261512	0.962716	0.741742	1.602315	0.250000	0.052980	0.005616
3.271234	0.962716	0.741742	1.602315	0.250000	0.052980	0.005616
3.281003	0.962716	0.741742	1.602315	0.250000	0.052980	0.005616
3.290802	0.962716	0.741742	1.602315	0.250000	0.052980	0.005616
3.300854	0.962716	0.741742	1.602315	0.250000	0.052980	0.005616
3.311769	0.962716	0.741742	1.602315	0.250000	0.052980	0.005616
3.320921	0.962716	0.741742	1.602315	0.250000	0.052980	0.005616
3.330819	0.962716	0.741742	1.602315	0.250000	0.052980	0.005616
3.340857	0.960726	0.759261	1.640949	0.250000	-0.057355	-0.001239
3.351268	0.960726	0.759261	1.640949	0.250000	-0.057355	-0.001239
3.360900	0.960726	0.759261	1.640949	0.250000	-0.057355	-0.001239
3.370862	0.960726	0.759261	1.640949	0.250000	-0.057355	-0.001239
3.380862	0.960726	0.759261	1.640949	0.250000	-0.057355	-0.001239
3.391298	0.960726	0.759261	1.640949	0.250000	-0.057355	-0.001239
3.401068	0.960726	0.759261	1.640949	0.250000	-0.057355	-0.001239
3.410739	0.960726	0.759261	1.640949	0.250000	-0.057355	-0.001239
3.420847	0.960726	0.759261	1.640949	0.250000	-0.057355	-0.001239
3.430799	0.960726	0.759261	1.640949	0.250000	-0.057355	-0.001239
3.440851	0.958598	0.782910	1.686772	0.250000	-0.173635	-0.008787
3.450809	0.958598	0.782910	1.686772	0.250000	-0.173635	-0.008787
3.461581	0.958598	0.782910	1.686772	0.250000	-0.173635	-0.008787
3.471458	0.958598	0.782910	1.686772	0.250000	-0.173635	-0.008787
3.481094	0.958598	0.782910	1.686772	0.250000	-0.173635	-0.008787
3.490930	0.958598	0.782910	1.686772	0.250000	-0.173635	-0.008787
3.500829	0.958598	0.782910	1.686772	0.250000	-0.173635	-0.008787
3.510839	0.958598	0.782910	1.686772	0.250000	-0.173635	-0.008787
3.520859	0.958598	0.782910	1.686772	0.250000	-0.173635	-0.008787
3.530858	0.958598	0.782910	1.686772	0.250000	-0.173635	-0.008787
3.540799	0.956041	0.809278	1.789043	0.250000	-0.418780	-0.023378
3.550838	0.956041	0.809278	1.789043	0.250000	-0.418780	-0.023378
3.561130	0.956041	0.809278	1.789043	0.250000	-0.418780	-0.023378
3.570929	0.956041	0.809278	1.789043	0.250000	-0.418780	-0.023378
3.580858	0.956041	0.809278	1.789043	0.250000	-0.418780	-0.023378
3.590832	0.956041	0.809278	1.789043	0.250000	-0.418780	-0.023378
3.601118	0.956041	0.809278	1.789043	0.250000	-0.418780	-0.023378
3.611865	0.956041	0.809278	1.789043	0.250000	-0.418780	-0.023378
3.621627	0.956041	0.809278	1.789043	0.250000	-0.418780	-0.023378
3.631318	0.956041	0.809278	1.789043	0.250000	-0.418780	-0.023378
3.641094	0.956041	0.809278	1.789043	0.250000	-0.418780	-0.023378
3.650920	0.952703	0.840482	1.809465	0.250000	-0.433427	-0.026602
3.661662	0.952703	0.840482	1.809465	0.250000	-0.433427	-0.026602
3.671444	0.952703	0.840482	1.809465	0.250000	-0.433427	-0.026602
3.682044	0.952703	0.840482	1.809465	0.250000	-0.433427	-0.026602
3.690887	0.952703	0.840482	1.809465	0.250000	-0.433427	-0.026602
3.701639	0.947176	0.861116	1.877253	0.250000	-0.591113	-0.038366
3.711377	0.947176	0.861116	1.877253	0.250000	-0.591113	-0.038366
3.720852	0.947176	0.861116	1.877253	0.250000	-0.591113	-0.038366
3.730843	0.947176	0.861116	1.877253	0.250000	-0.591113	-0.038366
3.740757	0.947176	0.861116	1.877253	0.250000	-0.591113	-0.038366
3.750791	0.945298	0.881674	1.791634	0.250000	-0.335496	-0.025581
3.761480	0.945298	0.881674	1.791634	0.250000	-0.335496	-0.025581
3.770968	0.945298	0.881674	1.791634	0.250000	-0.335496	-0.025581
3.780860	0.945298	0.881674	1.791634	0.250000	-0.335496	-0.025581
3.791442	0.945298	0.881674	1.791634	0.250000	-0.335496	-0.025581
3.801169	0.945298	0.881674	1.791634	0.250000	-0.335496	-0.025581
3.810994	0.945298	0.881674	1.791634	0.250000	-0.335496	-0.025581
3.821329	0.945298	0.881674	1.791634	0.250000	-0.335496	-0.025581
3.830853	0.945298	0.881674	1.791634	0.250000	-0.335496	-0.025581
3.841221	0.945298	0.881674	1.791634	0.250000	-0.335496	-0.025581
3.850906	0.945298	0.881674	1.791634	0.250000	-0.335496	-0.025581
3.860827	0.945298	0.881674	1.791634	0.250000	-0.335496	-0.025581
3.871447	0.940049	0.892114	1.767666	0.250000	-0.283943	-0.025460
3.881189	0.940049	0.892114	1.767666	0.250000	-0.283943	-0.025460
3.890992	0.940049	0.892114	1.767666	0.250000	-0.283943	-0.025460
3.900839	0.940049	0.892114	1.767666	0.250000	-0.283943	-0.025460
3.910855	0.940049	0.892114	1.767666	0.250000	-0.283943	-0.025460
3.920897	0.940049	0.892114	1.767666	0.250000	-0.283943	-0.025460
3.930915	0.940049	0.892114	1.767666	0.250000	-0.283943	-0.025460
3.940801	0.940049	0.892114	1.767666	0.250000	-0.283943	-0.025460
3.950855	0.940049	0.892114	1.767666	0.250000	-0.283943	-0.025460
3.961280	0.937894	0.915355	1.704226	0.250000	-0.048099	-0.013571
3.970866	0.937894	0.915355	1.704226	0.250000	-0.048099	-0.013571
3.980836	0.937894	0.915355	1.704226	0.250000	-0.048099	-0.013571
3.990846	0.937894	0.915355	1.704226	0.250000	-0.048099	-0.013571
4.000853	0.937894	0.915355	1.704226	0.250000	-0.048099	-0.013571
4.010967	0.937894	0.915355	1.704226	0.250000	-0.048099	-0.013571
4.020849	0.935308	0.933350	1.650082	0.250000	0.140871	-0.003930
4.030877	0.935308	0.933350	1.650082	0.250000	0.140871	-0.003930
4.041153	0.935308	0.933350	1.650082	0.250000	0.140871	-0.003930
4.050962	0.935308	0.933350	1.650082	0.250000	0.140871	-0.003930
4.060841	0.935308	0.933350	1.650082	0.250000	0.140871	-0.003930
4.070821	0.935308	0.933350	1.650082	0.250000	0.140871	-0.003930
4.081935	0.935678	0.954190	1.665977	0.250000	0.176942	-0.000496
4.091053	0.935678	0.954190	1.665977	0.250000	0.176942	-0.000496
4.100785	0.935678	0.954190	1.665977	0.250000	0.176942	-0.000496
4.110798	0.935678	0.954190	1.665977	0.250000	0.176942	-0.000496
4.121319	0.935426	0.965727	1.656571	0.250000	0.238255	0.003675
4.131183	0.935426	0.965727	1.656571	0.250000	0.238255	0.003675
4.140818	0.935426	0.965727	1.656571	0.250000	0.238255	0.003675
4.150930	0.935426	0.965727	1.656571	0.250000	0.238255	0.003675
4.160863	0.935426	0.965727	1.656571	0.250000	0.238255	0.003675
4.171151	0.935426	0.965727	1.656571	0.250000	0.238255	0.003675
4.180882	0.935426	0.965727	1.656571	0.250000	0.238255	0.003675
4.191977	0.935426	0.965727	1.656571	0.250000	0.238255	0.003675
4.200781	0.935844	0.982576	1.643944	0.250000	0.324507	0.010089
4.210905	0.935844	0.982576	1.643944	0.250000	0.324507	0.010089
4.220901	0.935844	0.982576	1.643944	0.250000	0.324507	0.010089
4.230882	0.935844	0.982576	1.643944	0.250000	0.324507	0.010089
4.240942	0.935844	0.982576	1.643944	0.250000	0.324507	0.010089
4.250878	0.935844	0.982576	1.643944	0.250000	0.324507	0.010089
4.260889	0.935844	0.982576	1.643944	0.250000	0.324507	0.010089
4.270769	0.935844	0.982576	1.643944	0.250000	0.324507	0.010089
4.281363	0.935844	0.982576	1.643944	0.250000	0.324507	0.010089
4.291126	0.935844	0.982576	1.643944	0.250000	0.324507	0.010089
4.300898	0.937751	1.003037	1.645827	0.250000	0.394841	0.017612
4.310724	0.937751	1.003037	1.645827	0.250000	0.394841	0.017612
4.321408	0.937751	1.003037	1.645827	0.250000	0.394841	0.017612
4.331125	0.937751	1.003037	1.645827	0.250000	0.394841	0.017612
4.340881	0.938700	1.021290	1.582432	0.250000	0.586535	0.030864
4.351775	0.938700	1.021290	1.582432	0.250000	0.586535	0.030864
4.361460	0.938700	1.021290	1.582432	0.250000	0.586535	0.030864
4.371246	0.938700	1.021290	1.582432	0.250000	0.586535	0.030864
4.380973	0.938700	1.021290	1.582432	0.250000	0.586535	0.030864
4.390836	0.938700	1.021290	1.582432	0.250000	0.586535	0.030864
4.401454	0.938700	1.021290	1.582432	0.250000	0.586535	0.030864
4.411141	0.938700	1.021290	1.582432	0.250000	0.586535	0.030864
4.420937	0.938700	1.021290	1.582432	0.250000	0.586535	0.030864
4.431727	0.938700	1.021290	1.582432	0.250000	0.586535	0.030864
4.441433	0.938700	1.021290	1.582432	0.250000	0.586535	0.030864
4.452074	0.936828	1.035074	1.683202	0.250000	0.331417	0.019058
4.461026	0.936828	1.035074	1.683202	0.250000	0.331417	0.019058
4.470821	0.936828	1.035074	1.683202	0.250000	0.331417	0.019058
4.481470	0.936828	1.035074	1.683202	0.250000	0.331417	0.019058
4.491219	0.936828	1.035074	1.683202	0.250000	0.331417	0.019058
4.501005	0.936828	1.035074	1.683202	0.250000	0.331417	0.019058
4.510874	0.936828	1.035074	1.683202	0.250000	0.331417	0.019058
4.520899	0.936828	1.035074	1.683202	0.250000	0.331417	0.019058
4.530853	0.936828	1.035074	1.683202	0.250000	0.331417	0.019058
4.540902	0.936828	1.035074	1.683202	0.250000	0.331417	0.019058
4.550817	0.937479	1.059290	1.737096	0.250000	0.196914	0.017141
4.560854	0.937479	1.059290	1.737096	0.250000	0.196914	0.017141
4.570845	0.937479	1.059290	1.737096	0.250000	0.196914	0.017141
4.581008	0.937479	1.059290	1.737096	0.250000	0.196914	0.017141
4.590819	0.937479	1.059290	1.737096	0.250000	0.196914	0.017141
4.601514	0.937479	1.059290	1.737096	0.250000	0.196914	0.017141
4.611350	0.937479	1.059290	1.737096	0.250000	0.196914	0.017141
4.621063	0.937479	1.059290	1.737096	0.250000	0.196914	0.017141
4.630861	0.937479	1.059290	1.737096	0.250000	0.196914	0.017141
4.640852	0.937479	1.059290	1.737096	0.250000	0.196914	0.017141
4.651301	0.935607	1.081102	1.885909	0.250000	-0.247314	-0.002290
4.661359	0.935607	1.081102	1.885909	0.250000	-0.247314	-0.002290
4.670897	0.935607	1.081102	1.885909	0.250000	-0.247314	-0.002290
4.681569	0.935607	1.081102	1.885909	0.250000	-0.247314	-0.002290
4.691335	0.935607	1.081102	1.885909	0.250000	-0.247314	-0.002290
4.701059	0.935607	1.081102	1.885909	0.250000	-0.247314	-0.002290
4.710865	0.934728	1.107575	1.852825	0.250000	-0.216834	0.003201
4.721593	0.934728	1.107575	1.852825	0.250000	-0.216834	0.003201
4.731373	0.934728	1.107575	1.852825	0.250000	-0.216834	0.003201
4.740835	0.934728	1.107575	1.852825	0.250000	-0.216834	0.003201
4.750894	0.934728	1.107575	1.852825	0.250000	-0.216834	0.003201
4.761595	0.934728	1.107575	1.852825	0.250000	-0.216834	0.003201
4.771339	0.934728	1.107575	1.852825	0.250000	-0.216834	0.003201
4.781038	0.934728	1.107575	1.852825	0.250000	-0.216834	0.003201
4.790838	0.934728	1.107575	1.852825	0.250000	-0.216834	0.003201
4.801561	0.932420	1.129116	1.810286	0.250000	-0.195809	0.005840
4.812442	0.932420	1.129116	1.810286	0.250000	-0.195809	0.005840
4.821140	0.932420	1.129116	1.810286	0.250000	-0.195809	0.005840
4.830906	0.932420	1.129116	1.810286	0.250000	-0.195809	0.005840
4.840814	0.932420	1.129116	1.810286	0.250000	-0.195809	0.005840
4.850817	0.932420	1.129116	1.810286	0.250000	-0.195809	0.005840
4.860899	0.932420	1.129116	1.810286	0.250000	-0.195809	0.005840
4.870937	0.932420	1.129116	1.810286	0.250000	-0.195809	0.005840
4.881649	0.932420	1.129116	1.810286	0.250000	-0.195809	0.005840
4.891395	0.932420	1.129116	1.810286	0.250000	-0.195809	0.005840
4.901129	0.932420	1.129116	1.810286	0.250000	-0.195809	0.005840
4.910878	0.929522	1.152230	1.847221	0.250000	-0.366997	-0.002603
4.921692	0.929522	1.152230	1.847221	0.250000	-0.366997	-0.002603
4.931371	0.929522	1.152230	1.847221	0.250000	-0.366997	-0.002603
4.941136	0.929522	1.152230	1.847221	0.250000	-0.366997	-0.002603
4.950927	0.929522	1.152230	1.847221	0.250000	-0.366997	-0.002603
4.961690	0.929522	1.152230	1.847221	0.250000	-0.366997	-0.002603
4.971515	0.929522	1.152230	1.847221	0.250000	-0.366997	-0.002603
4.981190	0.929522	1.152230	1.847221	0.250000	-0.366997	-0.002603
4.990909	0.929522	1.152230	1.847221	0.250000	-0.366997	-0.002603
5.000812	0.929522	1.152230	1.847221	0.250000	-0.366997	-0.002603
5.011458	0.926272	1.179903	1.957139	0.250000	-0.700133	-0.019763
5.021247	0.926272	1.179903	1.957139	0.250000	-0.700133	-0.019763
5.030988	0.926272	1.179903	1.957139	0.250000	-0.700133	-0.019763
5.040859	0.926272	1.179903	1.957139	0.250000	-0.700133	-0.019763
5.050871	0.926272	1.179903	1.957139	0.250000	-0.700133	-0.019763
5.061241	0.926272	1.179903	1.957139	0.250000	-0.700133	-0.019763
5.071963	0.926272	1.179903	1.957139	0.250000	-0.700133	-0.019763
5.081712	0.926272	1.179903	1.957139	0.250000	-0.700133	-0.019763
5.091452	0.926272	1.179903	1.957139	0.250000	-0.700133	-0.019763
5.101161	0.926272	1.179903	1.957139	0.250000	-0.700133	-0.019763
5.111377	0.920450	1.202213	2.070307	0.250000	-0.979892	-0.034540
5.121744	0.920450	1.202213	2.070307	0.250000	-0.979892	-0.034540
5.131555	0.920450	1.202213	2.070307	0.250000	-0.979892	-0.034540
5.140820	0.920450	1.202213	2.070307	0.250000	-0.979892	-0.034540
5.150929	0.920450	1.202213	2.070307	0.250000	-0.979892	-0.034540
5.161747	0.920450	1.202213	2.070307	0.250000	-0.979892	-0.034540
5.172459	0.920450	1.202213	2.070307	0.250000	-0.979892	-0.034540
5.181265	0.920450	1.202213	2.070307	0.250000	-0.979892	-0.034540
5.190994	0.920450	1.202213	2.070307	0.250000	-0.979892	-0.034540
5.200860	0.920450	1.202213	2.070307	0.250000	-0.979892	-0.034540
5.211176	0.920450	1.202213	2.070307	0.250000	-0.979892	-0.034540
5.221300	0.920450	1.202213	2.070307	0.250000	-0.979892	-0.034540
5.230874	0.920450	1.202213	2.070307	0.250000	-0.979892	-0.034540
5.240818	0.917897	1.233120	1.928345	0.250000	-0.775455	-0.028787
5.252279	0.917897	1.233120	1.928345	0.250000	-0.775455	-0.028787
5.261338	0.917897	1.233120	1.928345	0.250000	-0.775455	-0.028787
5.271013	0.917897	1.233120	1.928345	0.250000	-0.775455	-0.028787
5.280777	0.914839	1.252520	1.775398	0.250000	-0.451217	-0.015466
5.291545	0.914839	1.252520	1.775398	0.250000	-0.451217	-0.015466
5.301281	0.914839	1.252520	1.775398	0.250000	-0.451217	-0.015466
5.310965	0.914839	1.252520	1.775398	0.250000	-0.451217	-0.015466
5.321733	0.914839	1.252520	1.775398	0.250000	-0.451217	-0.015466
5.330869	0.913498	1.269547	1.596573	0.250000	0.012974	0.005882
5.340900	0.913498	1.269547	1.596573	0.250000	0.012974	0.005882
5.350842	0.913498	1.269547	1.596573	0.250000	0.012974	0.005882
5.360914	0.913498	1.269547	1.596573	0.250000	0.012974	0.005882
5.370848	0.913498	1.269547	1.596573	0.250000	0.012974	0.005882
5.381348	0.913498	1.269547	1.596573	0.250000	0.012974	0.005882
5.391111	0.913498	1.269547	1.596573	0.250000	0.012974	0.005882
5.400921	0.913498	1.269547	1.596573	0.250000	0.012974	0.005882
5.410846	0.913498	1.269547	1.596573	0.250000	0.012974	0.005882
5.420830	0.913498	1.269547	1.596573	0.250000	0.012974	0.005882
5.430883	0.913498	1.269547	1.596573	0.250000	0.012974	0.005882
5.440867	0.913772	1.288221	1.544747	0.250000	0.184148	0.013010
5.450809	0.913772	1.288221	1.544747	0.250000	0.184148	0.013010
5.460864	0.913772	1.288221	1.544747	0.250000	0.184148	0.013010
5.470853	0.913772	1.288221	1.544747	0.250000	0.184148	0.013010
5.480850	0.913772	1.288221	1.544747	0.250000	0.184148	0.013010
5.491711	0.913772	1.288221	1.544747	0.250000	0.184148	0.013010
5.501498	0.913772	1.288221	1.544747	0.250000	0.184148	0.013010
5.511155	0.913772	1.288221	1.544747	0.250000	0.184148	0.013010
5.520920	0.913772	1.288221	1.544747	0.250000	0.184148	0.013010
5.531641	0.914644	1.311493	1.500167	0.250000	0.367076	0.020468
5.541453	0.914644	1.311493	1.500167	0.250000	0.367076	0.020468
5.551176	0.914644	1.311493	1.500167	0.250000	0.367076	0.020468
5.560937	0.914644	1.311493	1.500167	0.250000	0.367076	0.020468
5.570858	0.914644	1.311493	1.500167	0.250000	0.367076	0.020468
5.580829	0.914644	1.311493	1.500167	0.250000	0.367076	0.020468
5.590830	0.914644	1.311493	1.500167	0.250000	0.367076	0.020468
5.600916	0.914312	1.324240	1.457059	0.250000	0.507104	0.026456
5.610784	0.914312	1.324240	1.457059	0.250000	0.507104	0.026456
5.621424	0.914312	1.324240	1.457059	0.250000	0.507104	0.026456
5.631196	0.914312	1.324240	1.457059	0.250000	0.507104	0.026456
5.641004	0.914312	1.324240	1.457059	0.250000	0.507104	0.026456
5.650846	0.914312	1.324240	1.457059	0.250000	0.507104	0.026456
5.660897	0.914312	1.324240	1.457059	0.250000	0.507104	0.026456
5.670886	0.914312	1.324240	1.457059	0.250000	0.507104	0.026456
5.680846	0.914312	1.324240	1.457059	0.250000	0.507104	0.026456
5.690829	0.916981	1.343090	1.430482	0.250000	0.653270	0.033512
5.700806	0.916981	1.343090	1.430482	0.250000	0.653270	0.033512
5.711231	0.916981	1.343090	1.430482	0.250000	0.653270	0.033512
5.720993	0.916981	1.343090	1.430482	0.250000	0.653270	0.033512
5.730845	0.916981	1.343090	1.430482	0.250000	0.653270	0.033512
5.741475	0.918473	1.354595	1.439026	0.250000	0.700811	0.035432
5.751228	0.918473	1.354595	1.439026	0.250000	0.700811	0.035432
5.761008	0.918473	1.354595	1.439026	0.250000	0.700811	0.035432
5.770856	0.918473	1.354595	1.439026	0.250000	0.700811	0.035432
5.780828	0.918473	1.354595	1.439026	0.250000	0.700811	0.035432
5.790843	0.918473	1.354595	1.439026	0.250000	0.700811	0.035432
5.801021	0.919735	1.368400	1.448132	0.250000	0.773763	0.038414
