t	x(t)	y(t)	theta(t)	v(t)	gamma(t)	efa
0.007058	0.695429	0.151383	1.586946	0.250000	-0.577472	-0.015150
0.007513	0.695429	0.151383	1.586946	0.250000	-0.577472	-0.015150
0.017504	0.695429	0.151383	1.586946	0.250000	-0.577472	-0.015150
0.027560	0.695429	0.151383	1.586946	0.250000	-0.577472	-0.015150
0.037514	0.695429	0.151383	1.586946	0.250000	-0.577472	-0.015150
0.047554	0.695429	0.151383	1.586946	0.250000	-0.577472	-0.015150
0.057592	0.695429	0.151383	1.586946	0.250000	-0.577472	-0.015150
0.067564	0.695026	0.152647	1.586466	0.250000	-0.580710	-0.015471
0.077529	0.695026	0.152647	1.586466	0.250000	-0.580710	-0.015471
0.087737	0.695026	0.152647	1.586466	0.250000	-0.580710	-0.015471
0.097646	0.695026	0.152647	1.586466	0.250000	-0.580710	-0.015471
0.107524	0.695026	0.152647	1.586466	0.250000	-0.580710	-0.015471
0.118463	0.695165	0.156384	1.589221	0.250000	-0.617167	-0.016901
0.127619	0.695165	0.156384	1.589221	0.250000	-0.617167	-0.016901
0.137750	0.695165	0.156384	1.589221	0.250000	-0.617167	-0.016901
0.147704	0.695165	0.156384	1.589221	0.250000	-0.617167	-0.016901
0.157547	0.695165	0.156384	1.589221	0.250000	-0.617167	-0.016901
0.167552	0.695165	0.156384	1.589221	0.250000	-0.617167	-0.016901
0.177607	0.694847	0.154511	1.591252	0.250000	-0.611518	-0.016236
0.187550	0.694847	0.154511	1.591252	0.250000	-0.611518	-0.016236
0.197517	0.694847	0.154511	1.591252	0.250000	-0.611518	-0.016236
0.207873	0.694847	0.154511	1.591252	0.250000	-0.611518	-0.016236
0.217751	0.694847	0.154511	1.591252	0.250000	-0.611518	-0.016236
0.228426	0.694847	0.154511	1.591252	0.250000	-0.611518	-0.016236
0.238174	0.694847	0.154511	1.591252	0.250000	-0.611518	-0.016236
0.247543	0.694847	0.154511	1.591252	0.250000	-0.611518	-0.016236
0.257552	0.694847	0.154511	1.591252	0.250000	-0.611518	-0.016236
0.267549	0.694847	0.154511	1.591252	0.250000	-0.611518	-0.016236
0.277493	0.696177	0.161715	1.581530	0.250000	-0.650672	-0.017523
0.287527	0.696177	0.161715	1.581530	0.250000	-0.650672	-0.017523
0.297662	0.696177	0.161715	1.581530	0.250000	-0.650672	-0.017523
0.307404	0.696177	0.161715	1.581530	0.250000	-0.650672	-0.017523
0.317557	0.696177	0.161715	1.581530	0.250000	-0.650672	-0.017523
0.327695	0.696177	0.161715	1.581530	0.250000	-0.650672	-0.017523
0.337658	0.696177	0.161715	1.581530	0.250000	-0.650672	-0.017523
0.347622	0.696177	0.161715	1.581530	0.250000	-0.650672	-0.017523
0.357546	0.696177	0.161715	1.581530	0.250000	-0.650672	-0.017523
0.367546	0.696177	0.161715	1.581530	0.250000	-0.650672	-0.017523
0.377550	0.697060	0.170454	1.550803	0.250000	-0.630712	-0.015548
0.387529	0.697060	0.170454	1.550803	0.250000	-0.630712	-0.015548
0.398187	0.697060	0.170454	1.550803	0.250000	-0.630712	-0.015548
0.407983	0.697060	0.170454	1.550803	0.250000	-0.630712	-0.015548
0.417692	0.697060	0.170454	1.550803	0.250000	-0.630712	-0.015548
0.427554	0.697060	0.170454	1.550803	0.250000	-0.630712	-0.015548
0.439112	0.697060	0.170454	1.550803	0.250000	-0.630712	-0.015548
0.447942	0.697060	0.170454	1.550803	0.250000	-0.630712	-0.015548
0.457712	0.697060	0.170454	1.550803	0.250000	-0.630712	-0.015548
0.467504	0.697060	0.170454	1.550803	0.250000	-0.630712	-0.015548
0.478391	0.697060	0.170454	1.550803	0.250000	-0.630712	-0.015548
0.488049	0.697739	0.194276	1.499555	0.250000	-0.748118	-0.020449
0.497751	0.697739	0.194276	1.499555	0.250000	-0.748118	-0.020449
0.507556	0.697739	0.194276	1.499555	0.250000	-0.748118	-0.020449
0.518948	0.697739	0.194276	1.499555	0.250000	-0.748118	-0.020449
0.527549	0.697739	0.194276	1.499555	0.250000	-0.748118	-0.020449
0.537643	0.697739	0.194276	1.499555	0.250000	-0.748118	-0.020449
0.547553	0.698464	0.211222	1.449875	0.250000	-0.778460	-0.022228
0.557554	0.698464	0.211222	1.449875	0.250000	-0.778460	-0.022228
0.567583	0.698464	0.211222	1.449875	0.250000	-0.778460	-0.022228
0.577591	0.698464	0.211222	1.449875	0.250000	-0.778460	-0.022228
0.587561	0.698464	0.211222	1.449875	0.250000	-0.778460	-0.022228
0.597568	0.698464	0.211222	1.449875	0.250000	-0.778460	-0.022228
0.607548	0.698464	0.211222	1.449875	0.250000	-0.778460	-0.022228
0.617573	0.698464	0.211222	1.449875	0.250000	-0.778460	-0.022228
0.627597	0.698464	0.211222	1.449875	0.250000	-0.778460	-0.022228
0.638311	0.698464	0.211222	1.449875	0.250000	-0.778460	-0.022228
0.647521	0.698464	0.211222	1.449875	0.250000	-0.778460	-0.022228
0.657602	0.698464	0.211222	1.449875	0.250000	-0.778460	-0.022228
0.667533	0.698464	0.211222	1.449875	0.250000	-0.778460	-0.022228
0.677496	0.701583	0.232149	1.395199	0.250000	-0.858787	-0.027090
0.687577	0.701583	0.232149	1.395199	0.250000	-0.858787	-0.027090
0.697635	0.701583	0.232149	1.395199	0.250000	-0.858787	-0.027090
0.707560	0.701583	0.232149	1.395199	0.250000	-0.858787	-0.027090
0.718806	0.701583	0.232149	1.395199	0.250000	-0.858787	-0.027090
0.727586	0.701583	0.232149	1.395199	0.250000	-0.858787	-0.027090
0.737559	0.701583	0.232149	1.395199	0.250000	-0.858787	-0.027090
0.747602	0.704893	0.245328	1.350190	0.250000	-0.844633	-0.027079
0.758426	0.704893	0.245328	1.350190	0.250000	-0.844633	-0.027079
0.768169	0.704893	0.245328	1.350190	0.250000	-0.844633	-0.027079
0.777608	0.704893	0.245328	1.350190	0.250000	-0.844633	-0.027079
0.787601	0.704893	0.245328	1.350190	0.250000	-0.844633	-0.027079
0.797552	0.704893	0.245328	1.350190	0.250000	-0.844633	-0.027079
0.807578	0.704893	0.245328	1.350190	0.250000	-0.844633	-0.027079
0.817605	0.704893	0.245328	1.350190	0.250000	-0.844633	-0.027079
0.827653	0.704893	0.245328	1.350190	0.250000	-0.844633	-0.027079
0.837598	0.704893	0.245328	1.350190	0.250000	-0.844633	-0.027079
0.847579	0.704893	0.245328	1.350190	0.250000	-0.844633	-0.027079
0.857636	0.704893	0.245328	1.350190	0.250000	-0.844633	-0.027079
0.867570	0.710043	0.265720	1.287648	0.250000	-0.848755	-0.029874
0.877671	0.710043	0.265720	1.287648	0.250000	-0.848755	-0.029874
0.887566	0.710043	0.265720	1.287648	0.250000	-0.848755	-0.029874
0.897598	0.710043	0.265720	1.287648	0.250000	-0.848755	-0.029874
0.907629	0.710043	0.265720	1.287648	0.250000	-0.848755	-0.029874
0.918463	0.710043	0.265720	1.287648	0.250000	-0.848755	-0.029874
0.927576	0.710043	0.265720	1.287648	0.250000	-0.848755	-0.029874
0.937518	0.710043	0.265720	1.287648	0.250000	-0.848755	-0.029874
0.947827	0.710043	0.265720	1.287648	0.250000	-0.848755	-0.029874
0.957505	0.710043	0.265720	1.287648	0.250000	-0.848755	-0.029874
0.968193	0.710043	0.265720	1.287648	0.250000	-0.848755	-0.029874
0.977539	0.710043	0.265720	1.287648	0.250000	-0.848755	-0.029874
0.987542	0.710043	0.265720	1.287648	0.250000	-0.848755	-0.029874
0.998499	0.716654	0.285096	1.229193	0.250000	-0.838328	-0.032480
1.008273	0.716654	0.285096	1.229193	0.250000	-0.838328	-0.032480
1.018005	0.716654	0.285096	1.229193	0.250000	-0.838328	-0.032480
1.027768	0.716654	0.285096	1.229193	0.250000	-0.838328	-0.032480
1.037713	0.716654	0.285096	1.229193	0.250000	-0.838328	-0.032480
1.048213	0.723808	0.303723	1.161744	0.250000	-0.789610	-0.033664
1.058029	0.723808	0.303723	1.161744	0.250000	-0.789610	-0.033664
1.067810	0.723808	0.303723	1.161744	0.250000	-0.789610	-0.033664
1.077557	0.723808	0.303723	1.161744	0.250000	-0.789610	-0.033664
1.087530	0.723808	0.303723	1.161744	0.250000	-0.789610	-0.033664
1.097588	0.723808	0.303723	1.161744	0.250000	-0.789610	-0.033664
1.107595	0.723808	0.303723	1.161744	0.250000	-0.789610	-0.033664
1.119243	0.730889	0.320680	1.113755	0.250000	-0.763049	-0.036457
1.128312	0.730889	0.320680	1.113755	0.250000	-0.763049	-0.036457
1.138070	0.730889	0.320680	1.113755	0.250000	-0.763049	-0.036457
1.148766	0.730889	0.320680	1.113755	0.250000	-0.763049	-0.036457
1.157583	0.730889	0.320680	1.113755	0.250000	-0.763049	-0.036457
1.168320	0.730889	0.320680	1.113755	0.250000	-0.763049	-0.036457
1.178059	0.730889	0.320680	1.113755	0.250000	-0.763049	-0.036457
1.187866	0.730889	0.320680	1.113755	0.250000	-0.763049	-0.036457
1.197561	0.730889	0.320680	1.113755	0.250000	-0.763049	-0.036457
1.207551	0.730889	0.320680	1.113755	0.250000	-0.763049	-0.036457
1.218204	0.730889	0.320680	1.113755	0.250000	-0.763049	-0.036457
1.227868	0.730889	0.320680	1.113755	0.250000	-0.763049	-0.036457
1.237684	0.738403	0.335780	1.077291	0.250000	-0.722527	-0.037609
1.247557	0.738403	0.335780	1.077291	0.250000	-0.722527	-0.037609
1.258105	0.738403	0.335780	1.077291	0.250000	-0.722527	-0.037609
1.267876	0.738403	0.335780	1.077291	0.250000	-0.722527	-0.037609
1.277929	0.746513	0.351605	1.043440	0.250000	-0.674082	-0.039491
1.287554	0.746513	0.351605	1.043440	0.250000	-0.674082	-0.039491
1.298109	0.746513	0.351605	1.043440	0.250000	-0.674082	-0.039491
1.307826	0.746513	0.351605	1.043440	0.250000	-0.674082	-0.039491
1.317621	0.746513	0.351605	1.043440	0.250000	-0.674082	-0.039491
1.327590	0.746513	0.351605	1.043440	0.250000	-0.674082	-0.039491
1.337442	0.755330	0.365265	1.004968	0.250000	-0.573916	-0.037211
1.347844	0.755330	0.365265	1.004968	0.250000	-0.573916	-0.037211
1.357618	0.755330	0.365265	1.004968	0.250000	-0.573916	-0.037211
1.368454	0.755330	0.365265	1.004968	0.250000	-0.573916	-0.037211
1.378165	0.755330	0.365265	1.004968	0.250000	-0.573916	-0.037211
1.387908	0.755330	0.365265	1.004968	0.250000	-0.573916	-0.037211
1.397641	0.755330	0.365265	1.004968	0.250000	-0.573916	-0.037211
1.408404	0.755330	0.365265	1.004968	0.250000	-0.573916	-0.037211
1.418173	0.755330	0.365265	1.004968	0.250000	-0.573916	-0.037211
1.427901	0.755330	0.365265	1.004968	0.250000	-0.573916	-0.037211
1.437785	0.755330	0.365265	1.004968	0.250000	-0.573916	-0.037211
1.447652	0.764974	0.379852	0.956744	0.250000	-0.398057	-0.032970
1.458179	0.764974	0.379852	0.956744	0.250000	-0.398057	-0.032970
1.467937	0.764974	0.379852	0.956744	0.250000	-0.398057	-0.032970
1.477623	0.764974	0.379852	0.956744	0.250000	-0.398057	-0.032970
1.488660	0.764974	0.379852	0.956744	0.250000	-0.398057	-0.032970
1.498946	0.764974	0.379852	0.956744	0.250000	-0.398057	-0.032970
1.507653	0.764974	0.379852	0.956744	0.250000	-0.398057	-0.032970
1.517854	0.764974	0.379852	0.956744	0.250000	-0.398057	-0.032970
1.528587	0.764974	0.379852	0.956744	0.250000	-0.398057	-0.032970
1.537916	0.764974	0.379852	0.956744	0.250000	-0.398057	-0.032970
1.548029	0.764974	0.379852	0.956744	0.250000	-0.398057	-0.032970
1.557864	0.764974	0.379852	0.956744	0.250000	-0.398057	-0.032970
1.567863	0.764974	0.379852	0.956744	0.250000	-0.398057	-0.032970
1.578128	0.764974	0.379852	0.956744	0.250000	-0.398057	-0.032970
1.587590	0.776448	0.398313	0.900603	0.250000	-0.107825	-0.025046
1.597672	0.776448	0.398313	0.900603	0.250000	-0.107825	-0.025046
1.607925	0.776448	0.398313	0.900603	0.250000	-0.107825	-0.025046
1.617582	0.776448	0.398313	0.900603	0.250000	-0.107825	-0.025046
1.628435	0.776448	0.398313	0.900603	0.250000	-0.107825	-0.025046
1.637614	0.776448	0.398313	0.900603	0.250000	-0.107825	-0.025046
1.647869	0.776448	0.398313	0.900603	0.250000	-0.107825	-0.025046
1.658344	0.776448	0.398313	0.900603	0.250000	-0.107825	-0.025046
1.668309	0.790708	0.414716	0.831893	0.250000	0.330015	-0.008970
1.677897	0.790708	0.414716	0.831893	0.250000	0.330015	-0.008970
1.689883	0.790708	0.414716	0.831893	0.250000	0.330015	-0.008970
1.698362	0.790708	0.414716	0.831893	0.250000	0.330015	-0.008970
1.708112	0.790708	0.414716	0.831893	0.250000	0.330015	-0.008970
1.717572	0.804021	0.429631	0.755223	0.250000	0.729853	0.007215
1.727641	0.804021	0.429631	0.755223	0.250000	0.729853	0.007215
1.738375	0.804021	0.429631	0.755223	0.250000	0.729853	0.007215
1.748173	0.804021	0.429631	0.755223	0.250000	0.729853	0.007215
1.757603	0.804021	0.429631	0.755223	0.250000	0.729853	0.007215
1.767670	0.804021	0.429631	0.755223	0.250000	0.729853	0.007215
1.778359	0.804021	0.429631	0.755223	0.250000	0.729853	0.007215
1.788151	0.815816	0.436411	0.691786	0.250000	0.969870	0.020015
1.797898	0.815816	0.436411	0.691786	0.250000	0.969870	0.020015
1.807624	0.815816	0.436411	0.691786	0.250000	0.969870	0.020015
1.818411	0.815816	0.436411	0.691786	0.250000	0.969870	0.020015
1.828167	0.815816	0.436411	0.691786	0.250000	0.969870	0.020015
1.837933	0.815816	0.436411	0.691786	0.250000	0.969870	0.020015
1.847646	0.826755	0.446409	0.651090	0.250000	1.100510	0.025843
1.857562	0.826755	0.446409	0.651090	0.250000	1.100510	0.025843
1.868190	0.826755	0.446409	0.651090	0.250000	1.100510	0.025843
1.877869	0.826755	0.446409	0.651090	0.250000	1.100510	0.025843
1.887671	0.826755	0.446409	0.651090	0.250000	1.100510	0.025843
1.897569	0.826755	0.446409	0.651090	0.250000	1.100510	0.025843
1.908170	0.826755	0.446409	0.651090	0.250000	1.100510	0.025843
1.917924	0.826755	0.446409	0.651090	0.250000	1.100510	0.025843
1.927727	0.826755	0.446409	0.651090	0.250000	1.100510	0.025843
1.937611	0.826755	0.446409	0.651090	0.250000	1.100510	0.025843
1.947510	0.838864	0.458405	0.650363	0.250000	1.254893	0.033134
1.957519	0.838864	0.458405	0.650363	0.250000	1.254893	0.033134
1.967714	0.838864	0.458405	0.650363	0.250000	1.254893	0.033134
1.977514	0.838864	0.458405	0.650363	0.250000	1.254893	0.033134
1.987605	0.838864	0.458405	0.650363	0.250000	1.254893	0.033134
1.997538	0.838864	0.458405	0.650363	0.250000	1.254893	0.033134
2.007729	0.838864	0.458405	0.650363	0.250000	1.254893	0.033134
2.017483	0.838864	0.458405	0.650363	0.250000	1.254893	0.033134
2.028250	0.838864	0.458405	0.650363	0.250000	1.254893	0.033134
2.038013	0.838864	0.458405	0.650363	0.250000	1.254893	0.033134
2.047727	0.853410	0.475967	0.693141	0.250000	1.313377	0.039116
2.057535	0.853410	0.475967	0.693141	0.250000	1.313377	0.039116
2.068215	0.853410	0.475967	0.693141	0.250000	1.313377	0.039116
2.077945	0.853410	0.475967	0.693141	0.250000	1.313377	0.039116
2.087533	0.853410	0.475967	0.693141	0.250000	1.313377	0.039116
2.097554	0.865112	0.486185	0.758282	0.250000	1.282018	0.047497
2.108236	0.865112	0.486185	0.758282	0.250000	1.282018	0.047497
2.118007	0.865112	0.486185	0.758282	0.250000	1.282018	0.047497
2.127763	0.865112	0.486185	0.758282	0.250000	1.282018	0.047497
2.137578	0.865112	0.486185	0.758282	0.250000	1.282018	0.047497
2.148322	0.865112	0.486185	0.758282	0.250000	1.282018	0.047497
2.158065	0.873489	0.490657	0.810023	0.250000	1.190627	0.057615
2.167817	0.873489	0.490657	0.810023	0.250000	1.190627	0.057615
2.177958	0.873489	0.490657	0.810023	0.250000	1.190627	0.057615
2.187773	0.873489	0.490657	0.810023	0.250000	1.190627	0.057615
2.198072	0.873489	0.490657	0.810023	0.250000	1.190627	0.057615
2.207796	0.881269	0.496187	0.848538	0.250000	1.095845	0.063824
2.217582	0.881269	0.496187	0.848538	0.250000	1.095845	0.063824
2.227555	0.881269	0.496187	0.848538	0.250000	1.095845	0.063824
2.238060	0.881269	0.496187	0.848538	0.250000	1.095845	0.063824
2.247775	0.881269	0.496187	0.848538	0.250000	1.095845	0.063824
2.257587	0.881269	0.496187	0.848538	0.250000	1.095845	0.063824
2.268337	0.881269	0.496187	0.848538	0.250000	1.095845	0.063824
2.278009	0.881269	0.496187	0.848538	0.250000	1.095845	0.063824
2.287971	0.881269	0.496187	0.848538	0.250000	1.095845	0.063824
2.297619	0.881269	0.496187	0.848538	0.250000	1.095845	0.063824
2.307477	0.889268	0.510372	0.894006	0.250000	0.967159	0.064510
2.317925	0.889268	0.510372	0.894006	0.250000	0.967159	0.064510
2.327961	0.889268	0.510372	0.894006	0.250000	0.967159	0.064510
2.337576	0.889268	0.510372	0.894006	0.250000	0.967159	0.064510
2.347468	0.889268	0.510372	0.894006	0.250000	0.967159	0.064510
2.358137	0.889268	0.510372	0.894006	0.250000	0.967159	0.064510
2.367986	0.889268	0.510372	0.894006	0.250000	0.967159	0.064510
2.377637	0.889268	0.510372	0.894006	0.250000	0.967159	0.064510
2.387541	0.889268	0.510372	0.894006	0.250000	0.967159	0.064510
2.397553	0.889268	0.510372	0.894006	0.250000	0.967159	0.064510
2.407608	0.889268	0.510372	0.894006	0.250000	0.967159	0.064510
2.417590	0.902079	0.528401	0.964232	0.250000	0.847165	0.061847
2.427559	0.902079	0.528401	0.964232	0.250000	0.847165	0.061847
2.438165	0.902079	0.528401	0.964232	0.250000	0.847165	0.061847
2.447854	0.902079	0.528401	0.964232	0.250000	0.847165	0.061847
2.457628	0.902079	0.528401	0.964232	0.250000	0.847165	0.061847
2.468387	0.902079	0.528401	0.964232	0.250000	0.847165	0.061847
2.478199	0.902079	0.528401	0.964232	0.250000	0.847165	0.061847
2.490595	0.902079	0.528401	0.964232	0.250000	0.847165	0.061847
2.497543	0.902079	0.528401	0.964232	0.250000	0.847165	0.061847
2.507598	0.902079	0.528401	0.964232	0.250000	0.847165	0.061847
2.517527	0.914339	0.552025	1.065269	0.250000	0.695676	0.051770
2.527568	0.914339	0.552025	1.065269	0.250000	0.695676	0.051770
2.537596	0.914339	0.552025	1.065269	0.250000	0.695676	0.051770
2.547548	0.914339	0.552025	1.065269	0.250000	0.695676	0.051770
2.557568	0.914339	0.552025	1.065269	0.250000	0.695676	0.051770
2.567518	0.914339	0.552025	1.065269	0.250000	0.695676	0.051770
2.577782	0.923892	0.565793	1.130471	0.250000	0.633371	0.047241
2.587479	0.923892	0.565793	1.130471	0.250000	0.633371	0.047241
2.597589	0.923892	0.565793	1.130471	0.250000	0.633371	0.047241
2.607523	0.923892	0.565793	1.130471	0.250000	0.633371	0.047241
2.617505	0.923892	0.565793	1.130471	0.250000	0.633371	0.047241
2.627541	0.923892	0.565793	1.130471	0.250000	0.633371	0.047241
2.637468	0.923892	0.565793	1.130471	0.250000	0.633371	0.047241
2.647915	0.923892	0.565793	1.130471	0.250000	0.633371	0.047241
2.657700	0.923892	0.565793	1.130471	0.250000	0.633371	0.047241
2.667718	0.931813	0.586021	1.194066	0.250000	0.572579	0.040245
2.678291	0.931813	0.586021	1.194066	0.250000	0.572579	0.040245
2.687913	0.931813	0.586021	1.194066	0.250000	0.572579	0.040245
2.697595	0.931813	0.586021	1.194066	0.250000	0.572579	0.040245
2.707497	0.931813	0.586021	1.194066	0.250000	0.572579	0.040245
2.717592	0.931813	0.586021	1.194066	0.250000	0.572579	0.040245
2.727790	0.931813	0.586021	1.194066	0.250000	0.572579	0.040245
2.737627	0.937814	0.597568	1.217881	0.250000	0.601720	0.040496
2.747518	0.937814	0.597568	1.217881	0.250000	0.601720	0.040496
2.758253	0.937814	0.597568	1.217881	0.250000	0.601720	0.040496
2.768043	0.937814	0.597568	1.217881	0.250000	0.601720	0.040496
2.777751	0.937814	0.597568	1.217881	0.250000	0.601720	0.040496
2.787554	0.942845	0.611003	1.260312	0.250000	0.557697	0.036822
2.797527	0.942845	0.611003	1.260312	0.250000	0.557697	0.036822
2.807462	0.942845	0.611003	1.260312	0.250000	0.557697	0.036822
2.817887	0.942845	0.611003	1.260312	0.250000	0.557697	0.036822
2.827705	0.942845	0.611003	1.260312	0.250000	0.557697	0.036822
2.837517	0.944643	0.623183	1.289180	0.250000	0.534037	0.033245
2.847558	0.944643	0.623183	1.289180	0.250000	0.534037	0.033245
2.857556	0.944643	0.623183	1.289180	0.250000	0.534037	0.033245
2.867596	0.944643	0.623183	1.289180	0.250000	0.534037	0.033245
2.878260	0.944643	0.623183	1.289180	0.250000	0.534037	0.033245
2.888042	0.947272	0.635610	1.320632	0.250000	0.495666	0.029947
2.897611	0.947272	0.635610	1.320632	0.250000	0.495666	0.029947
2.907577	0.947272	0.635610	1.320632	0.250000	0.495666	0.029947
2.918098	0.947272	0.635610	1.320632	0.250000	0.495666	0.029947
2.928096	0.947272	0.635610	1.320632	0.250000	0.495666	0.029947
2.937853	0.947272	0.635610	1.320632	0.250000	0.495666	0.029947
2.947973	0.951233	0.654998	1.402182	0.250000	0.370287	0.021749
2.957856	0.951233	0.654998	1.402182	0.250000	0.370287	0.021749
2.967588	0.951233	0.654998	1.402182	0.250000	0.370287	0.021749
2.977615	0.951233	0.654998	1.402182	0.250000	0.370287	0.021749
2.987582	0.951233	0.654998	1.402182	0.250000	0.370287	0.021749
2.997527	0.951233	0.654998	1.402182	0.250000	0.370287	0.021749
3.008093	0.951233	0.654998	1.402182	0.250000	0.370287	0.021749
3.017671	0.951233	0.654998	1.402182	0.250000	0.370287	0.021749
3.027660	0.951233	0.654998	1.402182	0.250000	0.370287	0.021749
3.037572	0.951233	0.654998	1.402182	0.250000	0.370287	0.021749
3.049259	0.951949	0.667502	1.451581	0.250000	0.271904	0.015410
3.057930	0.951949	0.667502	1.451581	0.250000	0.271904	0.015410
3.067751	0.951949	0.667502	1.451581	0.250000	0.271904	0.015410
3.077586	0.951949	0.667502	1.451581	0.250000	0.271904	0.015410
3.088604	0.951949	0.667502	1.451581	0.250000	0.271904	0.015410
3.097588	0.951949	0.667502	1.451581	0.250000	0.271904	0.015410
3.107608	0.951949	0.667502	1.451581	0.250000	0.271904	0.015410
3.117471	0.951949	0.667502	1.451581	0.250000	0.271904	0.015410
3.127547	0.951949	0.667502	1.451581	0.250000	0.271904	0.015410
3.137902	0.951949	0.667502	1.451581	0.250000	0.271904	0.015410
3.148687	0.952139	0.682188	1.507533	0.250000	0.142081	0.007624
3.158417	0.952139	0.682188	1.507533	0.250000	0.142081	0.007624
3.167695	0.952139	0.682188	1.507533	0.250000	0.142081	0.007624
3.177566	0.952139	0.682188	1.507533	0.250000	0.142081	0.007624
3.187597	0.952139	0.682188	1.507533	0.250000	0.142081	0.007624
3.197549	0.952139	0.682188	1.507533	0.250000	0.142081	0.007624
3.207533	0.952139	0.682188	1.507533	0.250000	0.142081	0.007624
3.217934	0.952139	0.682188	1.507533	0.250000	0.142081	0.007624
3.227516	0.952139	0.682188	1.507533	0.250000	0.142081	0.007624
3.237615	0.952139	0.682188	1.507533	0.250000	0.142081	0.007624
3.248235	0.952111	0.698159	1.576915	0.250000	-0.027517	-0.001931
3.258135	0.952111	0.698159	1.576915	0.250000	-0.027517	-0.001931
3.267974	0.952111	0.698159	1.576915	0.250000	-0.027517	-0.001931
3.278527	0.952111	0.698159	1.576915	0.250000	-0.027517	-0.001931
3.288206	0.952111	0.698159	1.576915	0.250000	-0.027517	-0.001931
3.297569	0.952111	0.698159	1.576915	0.250000	-0.027517	-0.001931
3.308000	0.952111	0.698159	1.576915	0.250000	-0.027517	-0.001931
3.319420	0.954588	0.714422	1.620941	0.250000	-0.107080	-0.005323
3.327692	0.954588	0.714422	1.620941	0.250000	-0.107080	-0.005323
3.337674	0.954588	0.714422	1.620941	0.250000	-0.107080	-0.005323
3.347675	0.954588	0.714422	1.620941	0.250000	-0.107080	-0.005323
3.357959	0.954588	0.714422	1.620941	0.250000	-0.107080	-0.005323
3.367582	0.954588	0.714422	1.620941	0.250000	-0.107080	-0.005323
3.378285	0.954570	0.734073	1.650924	0.250000	-0.177172	-0.009282
3.387579	0.954570	0.734073	1.650924	0.250000	-0.177172	-0.009282
3.397787	0.954570	0.734073	1.650924	0.250000	-0.177172	-0.009282
3.407624	0.954570	0.734073	1.650924	0.250000	-0.177172	-0.009282
3.417725	0.954570	0.734073	1.650924	0.250000	-0.177172	-0.009282
3.427972	0.954570	0.734073	1.650924	0.250000	-0.177172	-0.009282
3.437618	0.954570	0.734073	1.650924	0.250000	-0.177172	-0.009282
3.447598	0.954570	0.734073	1.650924	0.250000	-0.177172	-0.009282
3.458078	0.954570	0.734073	1.650924	0.250000	-0.177172	-0.009282
3.468190	0.954730	0.753975	1.624847	0.250000	-0.091336	-0.005225
3.477652	0.954730	0.753975	1.624847	0.250000	-0.091336	-0.005225
3.490332	0.954730	0.753975	1.624847	0.250000	-0.091336	-0.005225
3.497599	0.954730	0.753975	1.624847	0.250000	-0.091336	-0.005225
3.507665	0.954730	0.753975	1.624847	0.250000	-0.091336	-0.005225
3.517668	0.954730	0.753975	1.624847	0.250000	-0.091336	-0.005225
3.527550	0.954730	0.753975	1.624847	0.250000	-0.091336	-0.005225
3.537526	0.954730	0.753975	1.624847	0.250000	-0.091336	-0.005225
3.547868	0.952707	0.778029	1.648883	0.250000	-0.150287	-0.009745
3.557593	0.952707	0.778029	1.648883	0.250000	-0.150287	-0.009745
3.567593	0.952707	0.778029	1.648883	0.250000	-0.150287	-0.009745
3.578333	0.952707	0.778029	1.648883	0.250000	-0.150287	-0.009745
3.588559	0.952707	0.778029	1.648883	0.250000	-0.150287	-0.009745
3.597660	0.952707	0.778029	1.648883	0.250000	-0.150287	-0.009745
3.607566	0.951296	0.799679	1.656807	0.250000	-0.152809	-0.011054
3.617581	0.951296	0.799679	1.656807	0.250000	-0.152809	-0.011054
3.627587	0.951296	0.799679	1.656807	0.250000	-0.152809	-0.011054
3.637660	0.951296	0.799679	1.656807	0.250000	-0.152809	-0.011054
3.648469	0.951296	0.799679	1.656807	0.250000	-0.152809	-0.011054
3.657571	0.951296	0.799679	1.656807	0.250000	-0.152809	-0.011054
3.667655	0.948770	0.819503	1.725174	0.250000	-0.316471	-0.021479
3.677680	0.948770	0.819503	1.725174	0.250000	-0.316471	-0.021479
3.688392	0.948770	0.819503	1.725174	0.250000	-0.316471	-0.021479
3.697565	0.948770	0.819503	1.725174	0.250000	-0.316471	-0.021479
3.707644	0.948770	0.819503	1.725174	0.250000	-0.316471	-0.021479
3.717656	0.948770	0.819503	1.725174	0.250000	-0.316471	-0.021479
3.727564	0.947773	0.834656	1.703187	0.250000	-0.234916	-0.017912
3.737555	0.947773	0.834656	1.703187	0.250000	-0.234916	-0.017912
3.747591	0.947773	0.834656	1.703187	0.250000	-0.234916	-0.017912
3.757636	0.947773	0.834656	1.703187	0.250000	-0.234916	-0.017912
3.767557	0.947773	0.834656	1.703187	0.250000	-0.234916	-0.017912
3.777547	0.947773	0.834656	1.703187	0.250000	-0.234916	-0.017912
3.788564	0.947773	0.834656	1.703187	0.250000	-0.234916	-0.017912
3.797696	0.947773	0.834656	1.703187	0.250000	-0.234916	-0.017912
3.808481	0.947773	0.834656	1.703187	0.250000	-0.234916	-0.017912
3.818351	0.947773	0.834656	1.703187	0.250000	-0.234916	-0.017912
3.828099	0.947773	0.834656	1.703187	0.250000	-0.234916	-0.017912
3.837620	0.947773	0.834656	1.703187	0.250000	-0.234916	-0.017912
3.847544	0.947773	0.834656	1.703187	0.250000	-0.234916	-0.017912
3.858434	0.946820	0.856691	1.689266	0.250000	-0.146280	-0.014212
3.868041	0.946820	0.856691	1.689266	0.250000	-0.146280	-0.014212
3.877636	0.946820	0.856691	1.689266	0.250000	-0.146280	-0.014212
3.887537	0.946820	0.856691	1.689266	0.250000	-0.146280	-0.014212
3.897640	0.946820	0.856691	1.689266	0.250000	-0.146280	-0.014212
3.907573	0.946820	0.856691	1.689266	0.250000	-0.146280	-0.014212
3.917760	0.946623	0.877007	1.585053	0.250000	0.201690	0.003258
3.927578	0.946623	0.877007	1.585053	0.250000	0.201690	0.003258
3.937735	0.946623	0.877007	1.585053	0.250000	0.201690	0.003258
3.947999	0.946623	0.877007	1.585053	0.250000	0.201690	0.003258
3.957725	0.946623	0.877007	1.585053	0.250000	0.201690	0.003258
3.967556	0.946623	0.877007	1.585053	0.250000	0.201690	0.003258
3.978292	0.946623	0.877007	1.585053	0.250000	0.201690	0.003258
3.987995	0.946623	0.877007	1.585053	0.250000	0.201690	0.003258
3.997510	0.946623	0.877007	1.585053	0.250000	0.201690	0.003258
4.007563	0.946623	0.877007	1.585053	0.250000	0.201690	0.003258
4.017542	0.947378	0.904188	1.616814	0.250000	0.234192	0.004764
4.027553	0.947378	0.904188	1.616814	0.250000	0.234192	0.004764
4.037565	0.947378	0.904188	1.616814	0.250000	0.234192	0.004764
4.049526	0.947378	0.904188	1.616814	0.250000	0.234192	0.004764
4.058277	0.947378	0.904188	1.616814	0.250000	0.234192	0.004764
4.068091	0.947378	0.904188	1.616814	0.250000	0.234192	0.004764
4.077820	0.947378	0.904188	1.616814	0.250000	0.234192	0.004764
4.087538	0.947378	0.904188	1.616814	0.250000	0.234192	0.004764
4.097548	0.947378	0.904188	1.616814	0.250000	0.234192	0.004764
4.107538	0.947378	0.904188	1.616814	0.250000	0.234192	0.004764
4.117730	0.948032	0.925181	1.622254	0.250000	0.309736	0.009164
4.127612	0.948032	0.925181	1.622254	0.250000	0.309736	0.009164
4.137569	0.948032	0.925181	1.622254	0.250000	0.309736	0.009164
4.148090	0.948032	0.925181	1.622254	0.250000	0.309736	0.009164
4.159141	0.948032	0.925181	1.622254	0.250000	0.309736	0.009164
4.167599	0.948032	0.925181	1.622254	0.250000	0.309736	0.009164
4.178357	0.948032	0.925181	1.622254	0.250000	0.309736	0.009164
4.188101	0.948032	0.925181	1.622254	0.250000	0.309736	0.009164
4.197577	0.948032	0.925181	1.622254	0.250000	0.309736	0.009164
4.207587	0.948032	0.925181	1.622254	0.250000	0.309736	0.009164
4.217520	0.947566	0.944536	1.610633	0.250000	0.409524	0.015091
4.227561	0.947566	0.944536	1.610633	0.250000	0.409524	0.015091
4.237777	0.947566	0.944536	1.610633	0.250000	0.409524	0.015091
4.247624	0.947566	0.944536	1.610633	0.250000	0.409524	0.015091
4.259176	0.947566	0.944536	1.610633	0.250000	0.409524	0.015091
4.268175	0.947566	0.944536	1.610633	0.250000	0.409524	0.015091
4.277637	0.947566	0.944536	1.610633	0.250000	0.409524	0.015091
4.287595	0.947566	0.944536	1.610633	0.250000	0.409524	0.015091
4.297565	0.947566	0.944536	1.610633	0.250000	0.409524	0.015091
4.307517	0.947566	0.944536	1.610633	0.250000	0.409524	0.015091
4.319237	0.947566	0.944536	1.610633	0.250000	0.409524	0.015091
4.327589	0.948287	0.967098	1.562836	0.250000	0.613707	0.028175
4.338390	0.948287	0.967098	1.562836	0.250000	0.613707	0.028175
4.348134	0.948287	0.967098	1.562836	0.250000	0.613707	0.028175
4.357868	0.948287	0.967098	1.562836	0.250000	0.613707	0.028175
4.367603	0.948287	0.967098	1.562836	0.250000	0.613707	0.028175
4.377595	0.948786	0.989271	1.532229	0.250000	0.739667	0.037608
4.387549	0.948786	0.989271	1.532229	0.250000	0.739667	0.037608
4.397540	0.948786	0.989271	1.532229	0.250000	0.739667	0.037608
4.407703	0.948786	0.989271	1.532229	0.250000	0.739667	0.037608
4.417472	0.948786	0.989271	1.532229	0.250000	0.739667	0.037608
4.428233	0.949854	1.005978	1.537434	0.250000	0.768206	0.041967
4.437980	0.949854	1.005978	1.537434	0.250000	0.768206	0.041967
4.447731	0.949854	1.005978	1.537434	0.250000	0.768206	0.041967
4.457508	0.949854	1.005978	1.537434	0.250000	0.768206	0.041967
4.468647	0.949854	1.005978	1.537434	0.250000	0.768206	0.041967
4.477982	0.949854	1.005978	1.537434	0.250000	0.768206	0.041967
4.487723	0.948650	1.022031	1.643841	0.250000	0.545345	0.032795
4.498206	0.948650	1.022031	1.643841	0.250000	0.545345	0.032795
4.509492	0.948650	1.022031	1.643841	0.250000	0.545345	0.032795
4.518056	0.948650	1.022031	1.643841	0.250000	0.545345	0.032795
4.527603	0.948650	1.022031	1.643841	0.250000	0.545345	0.032795
4.537523	0.948650	1.022031	1.643841	0.250000	0.545345	0.032795
4.548247	0.948650	1.022031	1.643841	0.250000	0.545345	0.032795
4.557979	0.948650	1.022031	1.643841	0.250000	0.545345	0.032795
4.567786	0.948650	1.022031	1.643841	0.250000	0.545345	0.032795
4.577565	0.948650	1.022031	1.643841	0.250000	0.545345	0.032795
4.587561	0.948650	1.022031	1.643841	0.250000	0.545345	0.032795
4.598175	0.948650	1.022031	1.643841	0.250000	0.545345	0.032795
4.607639	0.948650	1.022031	1.643841	0.250000	0.545345	0.032795
4.619107	0.946035	1.038732	1.797063	0.250000	0.146600	0.013534
4.627637	0.946035	1.038732	1.797063	0.250000	0.146600	0.013534
4.638029	0.946035	1.038732	1.797063	0.250000	0.146600	0.013534
4.647590	0.946035	1.038732	1.797063	0.250000	0.146600	0.013534
4.657563	0.946035	1.038732	1.797063	0.250000	0.146600	0.013534
4.667543	0.946035	1.038732	1.797063	0.250000	0.146600	0.013534
4.677604	0.946035	1.038732	1.797063	0.250000	0.146600	0.013534
4.687618	0.946035	1.038732	1.797063	0.250000	0.146600	0.013534
4.697810	0.946035	1.038732	1.797063	0.250000	0.146600	0.013534
4.707546	0.946035	1.038732	1.797063	0.250000	0.146600	0.013534
4.717548	0.942950	1.067298	1.865884	0.250000	-0.083027	0.006032
4.727604	0.942950	1.067298	1.865884	0.250000	-0.083027	0.006032
4.737584	0.942950	1.067298	1.865884	0.250000	-0.083027	0.006032
4.747499	0.942950	1.067298	1.865884	0.250000	-0.083027	0.006032
4.757480	0.942950	1.067298	1.865884	0.250000	-0.083027	0.006032
4.767876	0.942950	1.067298	1.865884	0.250000	-0.083027	0.006032
4.777638	0.942950	1.067298	1.865884	0.250000	-0.083027	0.006032
4.787583	0.942950	1.067298	1.865884	0.250000	-0.083027	0.006032
4.797614	0.942950	1.067298	1.865884	0.250000	-0.083027	0.006032
4.807567	0.942950	1.067298	1.865884	0.250000	-0.083027	0.006032
4.817628	0.939726	1.084730	1.834423	0.250000	-0.070613	0.009072
4.827559	0.939726	1.084730	1.834423	0.250000	-0.070613	0.009072
4.838133	0.939726	1.084730	1.834423	0.250000	-0.070613	0.009072
4.847600	0.939726	1.084730	1.834423	0.250000	-0.070613	0.009072
4.857612	0.939726	1.084730	1.834423	0.250000	-0.070613	0.009072
4.867590	0.939726	1.084730	1.834423	0.250000	-0.070613	0.009072
4.878119	0.939726	1.084730	1.834423	0.250000	-0.070613	0.009072
4.887845	0.939726	1.084730	1.834423	0.250000	-0.070613	0.009072
4.897630	0.939726	1.084730	1.834423	0.250000	-0.070613	0.009072
4.908371	0.939726	1.084730	1.834423	0.250000	-0.070613	0.009072
4.918110	0.935067	1.102459	1.780867	0.250000	-0.037302	0.012251
4.927923	0.935067	1.102459	1.780867	0.250000	-0.037302	0.012251
4.937800	0.935067	1.102459	1.780867	0.250000	-0.037302	0.012251
4.948355	0.935067	1.102459	1.780867	0.250000	-0.037302	0.012251
4.958083	0.935067	1.102459	1.780867	0.250000	-0.037302	0.012251
4.967614	0.935067	1.102459	1.780867	0.250000	-0.037302	0.012251
4.977680	0.935067	1.102459	1.780867	0.250000	-0.037302	0.012251
4.987530	0.935248	1.127276	1.805535	0.250000	-0.138001	0.009744
4.997542	0.935248	1.127276	1.805535	0.250000	-0.138001	0.009744
5.007595	0.935248	1.127276	1.805535	0.250000	-0.138001	0.009744
5.017669	0.935248	1.127276	1.805535	0.250000	-0.138001	0.009744
5.027542	0.935248	1.127276	1.805535	0.250000	-0.138001	0.009744
5.037578	0.935248	1.127276	1.805535	0.250000	-0.138001	0.009744
5.048908	0.935248	1.127276	1.805535	0.250000	-0.138001	0.009744
5.057725	0.935248	1.127276	1.805535	0.250000	-0.138001	0.009744
5.067959	0.935248	1.127276	1.805535	0.250000	-0.138001	0.009744
5.078161	0.931761	1.150233	1.818744	0.250000	-0.271664	0.002970
5.087955	0.931761	1.150233	1.818744	0.250000	-0.271664	0.002970
5.097779	0.931761	1.150233	1.818744	0.250000	-0.271664	0.002970
5.107538	0.931761	1.150233	1.818744	0.250000	-0.271664	0.002970
5.118162	0.931761	1.150233	1.818744	0.250000	-0.271664	0.002970
5.127963	0.931761	1.150233	1.818744	0.250000	-0.271664	0.002970
5.137744	0.931761	1.150233	1.818744	0.250000	-0.271664	0.002970
5.147503	0.931761	1.150233	1.818744	0.250000	-0.271664	0.002970
5.158211	0.931761	1.150233	1.818744	0.250000	-0.271664	0.002970
5.167557	0.931761	1.150233	1.818744	0.250000	-0.271664	0.002970
5.177552	0.931761	1.150233	1.818744	0.250000	-0.271664	0.002970
5.187544	0.927460	1.176321	1.923524	0.250000	-0.597853	-0.014047
5.198252	0.927460	1.176321	1.923524	0.250000	-0.597853	-0.014047
5.208014	0.927460	1.176321	1.923524	0.250000	-0.597853	-0.014047
5.217737	0.927460	1.176321	1.923524	0.250000	-0.597853	-0.014047
5.227611	0.927460	1.176321	1.923524	0.250000	-0.597853	-0.014047
5.237556	0.927460	1.176321	1.923524	0.250000	-0.597853	-0.014047
5.247742	0.918128	1.186240	2.041911	0.250000	-0.948964	-0.034930
5.257797	0.918128	1.186240	2.041911	0.250000	-0.948964	-0.034930
5.267529	0.918128	1.186240	2.041911	0.250000	-0.948964	-0.034930
5.278204	0.918128	1.186240	2.041911	0.250000	-0.948964	-0.034930
5.287507	0.918128	1.186240	2.041911	0.250000	-0.948964	-0.034930
5.297788	0.912736	1.205842	2.137236	0.250000	-1.162925	-0.046507
5.307555	0.912736	1.205842	2.137236	0.250000	-1.162925	-0.046507
5.318226	0.912736	1.205842	2.137236	0.250000	-1.162925	-0.046507
5.328147	0.912736	1.205842	2.137236	0.250000	-1.162925	-0.046507
5.337829	0.912736	1.205842	2.137236	0.250000	-1.162925	-0.046507
5.347533	0.909470	1.214249	2.137309	0.250000	-1.189911	-0.049181
5.358333	0.909470	1.214249	2.137309	0.250000	-1.189911	-0.049181
5.368070	0.909470	1.214249	2.137309	0.250000	-1.189911	-0.049181
5.377830	0.909470	1.214249	2.137309	0.250000	-1.189911	-0.049181
5.387567	0.909470	1.214249	2.137309	0.250000	-1.189911	-0.049181
5.398350	0.909470	1.214249	2.137309	0.250000	-1.189911	-0.049181
5.408129	0.909470	1.214249	2.137309	0.250000	-1.189911	-0.049181
5.417859	0.909470	1.214249	2.137309	0.250000	-1.189911	-0.049181
5.428394	0.909470	1.214249	2.137309	0.250000	-1.189911	-0.049181
5.437500	0.909470	1.214249	2.137309	0.250000	-1.189911	-0.049181
5.448054	0.909470	1.214249	2.137309	0.250000	-1.189911	-0.049181
5.457816	0.907969	1.240581	1.984219	0.250000	-0.963838	-0.041820
5.467567	0.907969	1.240581	1.984219	0.250000	-0.963838	-0.041820
5.477504	0.907969	1.240581	1.984219	0.250000	-0.963838	-0.041820
5.488171	0.907969	1.240581	1.984219	0.250000	-0.963838	-0.041820
5.497911	0.907969	1.240581	1.984219	0.250000	-0.963838	-0.041820
5.507617	0.907969	1.240581	1.984219	0.250000	-0.963838	-0.041820
5.518379	0.907969	1.240581	1.984219	0.250000	-0.963838	-0.041820
5.528137	0.907969	1.240581	1.984219	0.250000	-0.963838	-0.041820
5.537898	0.907969	1.240581	1.984219	0.250000	-0.963838	-0.041820
5.547684	0.907969	1.240581	1.984219	0.250000	-0.963838	-0.041820
5.557607	0.903987	1.260043	1.949099	0.250000	-0.941001	-0.045481
5.568151	0.903987	1.260043	1.949099	0.250000	-0.941001	-0.045481
5.577863	0.903987	1.260043	1.949099	0.250000	-0.941001	-0.045481
5.587657	0.903987	1.260043	1.949099	0.250000	-0.941001	-0.045481
5.598398	0.903987	1.260043	1.949099	0.250000	-0.941001	-0.045481
5.608112	0.903987	1.260043	1.949099	0.250000	-0.941001	-0.045481
5.617871	0.901483	1.286971	1.767883	0.250000	-0.538357	-0.029185
5.627640	0.901483	1.286971	1.767883	0.250000	-0.538357	-0.029185
5.637537	0.901483	1.286971	1.767883	0.250000	-0.538357	-0.029185
5.647629	0.901483	1.286971	1.767883	0.250000	-0.538357	-0.029185
5.657776	0.901483	1.286971	1.767883	0.250000	-0.538357	-0.029185
5.668215	0.901483	1.286971	1.767883	0.250000	-0.538357	-0.029185
5.677503	0.901483	1.286971	1.767883	0.250000	-0.538357	-0.029185
5.687700	0.901483	1.286971	1.767883	0.250000	-0.538357	-0.029185
5.697982	0.901483	1.286971	1.767883	0.250000	-0.538357	-0.029185
5.708117	0.898120	1.301993	1.713926	0.250000	-0.403486	-0.025527
5.717595	0.898120	1.301993	1.713926	0.250000	-0.403486	-0.025527
5.727558	0.898120	1.301993	1.713926	0.250000	-0.403486	-0.025527
5.737550	0.898120	1.301993	1.713926	0.250000	-0.403486	-0.025527
5.747602	0.898120	1.301993	1.713926	0.250000	-0.403486	-0.025527
5.757465	0.898120	1.301993	1.713926	0.250000	-0.403486	-0.025527
5.768243	0.893454	1.308286	1.559610	0.250000	-0.037319	-0.008707
5.777982	0.893454	1.308286	1.559610	0.250000	-0.037319	-0.008707
5.787697	0.893454	1.308286	1.559610	0.250000	-0.037319	-0.008707
5.797568	0.893454	1.308286	1.559610	0.250000	-0.037319	-0.008707
5.807606	0.893454	1.308286	1.559610	0.250000	-0.037319	-0.008707
5.818051	0.893454	1.308286	1.559610	0.250000	-0.037319	-0.008707
5.827586	0.893268	1.321940	1.529297	0.250000	0.079098	-0.004034
5.837579	0.893268	1.321940	1.529297	0.250000	0.079098	-0.004034
5.847533	0.893268	1.321940	1.529297	0.250000	0.079098	-0.004034
5.858040	0.893268	1.321940	1.529297	0.250000	0.079098	-0.004034
5.867811	0.893268	1.321940	1.529297	0.250000	0.079098	-0.004034
5.877527	0.894911	1.331438	1.513945	0.250000	0.186459	0.000883
5.888321	0.894911	1.331438	1.513945	0.250000	0.186459	0.000883
5.897538	0.894911	1.331438	1.513945	0.250000	0.186459	0.000883
5.907607	0.894911	1.331438	1.513945	0.250000	0.186459	0.000883
5.917583	0.894911	1.331438	1.513945	0.250000	0.186459	0.000883
5.928391	0.894911	1.331438	1.513945	0.250000	0.186459	0.000883
5.937682	0.899016	1.349509	1.481152	0.250000	0.390438	0.011215
5.947515	0.899016	1.349509	1.481152	0.250000	0.390438	0.011215
5.957520	0.899016	1.349509	1.481152	0.250000	0.390438	0.011215
5.967541	0.899016	1.349509	1.481152	0.250000	0.390438	0.011215
5.978042	0.899016	1.349509	1.481152	0.250000	0.390438	0.011215
5.987801	0.898649	1.354950	1.459235	0.250000	0.459883	0.014188
5.997586	0.898649	1.354950	1.459235	0.250000	0.459883	0.014188
6.007574	0.898649	1.354950	1.459235	0.250000	0.459883	0.014188
6.017542	0.898649	1.354950	1.459235	0.250000	0.459883	0.014188
6.027575	0.898649	1.354950	1.459235	0.250000	0.459883	0.014188
6.037604	0.898145	1.363459	1.427979	0.250000	0.572569	0.018984
6.047585	0.898145	1.363459	1.427979	0.250000	0.572569	0.018984
6.057581	0.898145	1.363459	1.427979	0.250000	0.572569	0.018984
6.067624	0.898145	1.363459	1.427979	0.250000	0.572569	0.018984
6.077650	0.898145	1.363459	1.427979	0.250000	0.572569	0.018984
6.087513	0.898145	1.363459	1.427979	0.250000	0.572569	0.018984
6.097529	0.901578	1.375650	1.422231	0.250000	0.632758	0.022618
