t	x(t)	y(t)	theta(t)	v(t)	gamma(t)	efa
0.005615	0.693766	0.150264	1.583016	0.250000	-0.555801	-0.015107
0.006079	0.693766	0.150264	1.583016	0.250000	-0.555801	-0.015107
0.016449	0.693766	0.150264	1.583016	0.250000	-0.555801	-0.015107
0.026957	0.693766	0.150264	1.583016	0.250000	-0.555801	-0.015107
0.036681	0.693766	0.150264	1.583016	0.250000	-0.555801	-0.015107
0.046540	0.693766	0.150264	1.583016	0.250000	-0.555801	-0.015107
0.056235	0.693766	0.150264	1.583016	0.250000	-0.555801	-0.015107
0.066053	0.693766	0.150264	1.583016	0.250000	-0.555801	-0.015107
0.076805	0.693766	0.150264	1.583016	0.250000	-0.555801	-0.015107
0.086521	0.693766	0.150264	1.583016	0.250000	-0.555801	-0.015107
0.096263	0.693766	0.150264	1.583016	0.250000	-0.555801	-0.015107
0.107499	0.693766	0.150264	1.583016	0.250000	-0.555801	-0.015107
0.116912	0.693766	0.150264	1.583016	0.250000	-0.555801	-0.015107
0.126486	0.693766	0.150264	1.583016	0.250000	-0.555801	-0.015107
0.136288	0.693766	0.150264	1.583016	0.250000	-0.555801	-0.015107
0.146107	0.693766	0.150264	1.583016	0.250000	-0.555801	-0.015107
0.156761	0.693766	0.150264	1.583016	0.250000	-0.555801	-0.015107
0.166045	0.693766	0.150264	1.583016	0.250000	-0.555801	-0.015107
0.176264	0.693766	0.150264	1.583016	0.250000	-0.555801	-0.015107
0.186097	0.693766	0.150264	1.583016	0.250000	-0.555801	-0.015107
0.196784	0.693766	0.150264	1.583016	0.250000	-0.555801	-0.015107
0.206671	0.693766	0.150264	1.583016	0.250000	-0.555801	-0.015107
0.216422	0.693766	0.150264	1.583016	0.250000	-0.555801	-0.015107
0.226097	0.693766	0.150264	1.583016	0.250000	-0.555801	-0.015107
0.236744	0.693766	0.150264	1.583016	0.250000	-0.555801	-0.015107
0.246594	0.693766	0.150264	1.583016	0.250000	-0.555801	-0.015107
0.256379	0.693766	0.150264	1.583016	0.250000	-0.555801	-0.015107
0.266066	0.693766	0.150264	1.583016	0.250000	-0.555801	-0.015107
0.276797	0.693683	0.154196	1.580794	0.250000	-0.581843	-0.016058
0.286539	0.693683	0.154196	1.580794	0.250000	-0.581843	-0.016058
0.297260	0.693683	0.154196	1.580794	0.250000	-0.581843	-0.016058
0.306148	0.693683	0.154196	1.580794	0.250000	-0.581843	-0.016058
0.316192	0.693683	0.154196	1.580794	0.250000	-0.581843	-0.016058
0.326582	0.693939	0.163230	1.561562	0.250000	-0.626640	-0.017170
0.336368	0.693939	0.163230	1.561562	0.250000	-0.626640	-0.017170
0.346088	0.693939	0.163230	1.561562	0.250000	-0.626640	-0.017170
0.356852	0.693939	0.163230	1.561562	0.250000	-0.626640	-0.017170
0.366628	0.693939	0.163230	1.561562	0.250000	-0.626640	-0.017170
0.376468	0.693939	0.163230	1.561562	0.250000	-0.626640	-0.017170
0.386177	0.693939	0.163230	1.561562	0.250000	-0.626640	-0.017170
0.396123	0.693939	0.163230	1.561562	0.250000	-0.626640	-0.017170
0.406650	0.693939	0.163230	1.561562	0.250000	-0.626640	-0.017170
0.416429	0.693939	0.163230	1.561562	0.250000	-0.626640	-0.017170
0.426126	0.694371	0.178953	1.522495	0.250000	-0.695177	-0.019334
0.436988	0.694371	0.178953	1.522495	0.250000	-0.695177	-0.019334
0.446656	0.694371	0.178953	1.522495	0.250000	-0.695177	-0.019334
0.456402	0.694371	0.178953	1.522495	0.250000	-0.695177	-0.019334
0.466099	0.694371	0.178953	1.522495	0.250000	-0.695177	-0.019334
0.476878	0.694371	0.178953	1.522495	0.250000	-0.695177	-0.019334
0.487140	0.694371	0.178953	1.522495	0.250000	-0.695177	-0.019334
0.496425	0.694371	0.178953	1.522495	0.250000	-0.695177	-0.019334
0.506251	0.694371	0.178953	1.522495	0.250000	-0.695177	-0.019334
0.516262	0.694371	0.178953	1.522495	0.250000	-0.695177	-0.019334
0.526713	0.694371	0.178953	1.522495	0.250000	-0.695177	-0.019334
0.536416	0.696674	0.198689	1.469158	0.250000	-0.725224	-0.019760
0.546206	0.696674	0.198689	1.469158	0.250000	-0.725224	-0.019760
0.556937	0.696674	0.198689	1.469158	0.250000	-0.725224	-0.019760
0.566183	0.696674	0.198689	1.469158	0.250000	-0.725224	-0.019760
0.576231	0.696674	0.198689	1.469158	0.250000	-0.725224	-0.019760
0.586100	0.696674	0.198689	1.469158	0.250000	-0.725224	-0.019760
0.596222	0.698745	0.216436	1.428570	0.250000	-0.802182	-0.023696
0.606133	0.698745	0.216436	1.428570	0.250000	-0.802182	-0.023696
0.616190	0.698745	0.216436	1.428570	0.250000	-0.802182	-0.023696
0.627024	0.698745	0.216436	1.428570	0.250000	-0.802182	-0.023696
0.636192	0.698745	0.216436	1.428570	0.250000	-0.802182	-0.023696
0.646091	0.698745	0.216436	1.428570	0.250000	-0.802182	-0.023696
0.656230	0.698745	0.216436	1.428570	0.250000	-0.802182	-0.023696
0.666185	0.701608	0.232467	1.391356	0.250000	-0.850159	-0.026650
0.676089	0.701608	0.232467	1.391356	0.250000	-0.850159	-0.026650
0.686777	0.701608	0.232467	1.391356	0.250000	-0.850159	-0.026650
0.696058	0.701608	0.232467	1.391356	0.250000	-0.850159	-0.026650
0.706160	0.701608	0.232467	1.391356	0.250000	-0.850159	-0.026650
0.716257	0.701608	0.232467	1.391356	0.250000	-0.850159	-0.026650
0.726023	0.703765	0.245443	1.351836	0.250000	-0.860586	-0.028403
0.736372	0.703765	0.245443	1.351836	0.250000	-0.860586	-0.028403
0.746233	0.703765	0.245443	1.351836	0.250000	-0.860586	-0.028403
0.756153	0.703765	0.245443	1.351836	0.250000	-0.860586	-0.028403
0.766120	0.703765	0.245443	1.351836	0.250000	-0.860586	-0.028403
0.776357	0.703765	0.245443	1.351836	0.250000	-0.860586	-0.028403
0.786120	0.703765	0.245443	1.351836	0.250000	-0.860586	-0.028403
0.796226	0.706245	0.259214	1.306808	0.250000	-0.856749	-0.030007
0.806289	0.706245	0.259214	1.306808	0.250000	-0.856749	-0.030007
0.816166	0.706245	0.259214	1.306808	0.250000	-0.856749	-0.030007
0.826373	0.706245	0.259214	1.306808	0.250000	-0.856749	-0.030007
0.836124	0.706245	0.259214	1.306808	0.250000	-0.856749	-0.030007
0.846097	0.706245	0.259214	1.306808	0.250000	-0.856749	-0.030007
0.856128	0.706245	0.259214	1.306808	0.250000	-0.856749	-0.030007
0.866265	0.706245	0.259214	1.306808	0.250000	-0.856749	-0.030007
0.876095	0.706245	0.259214	1.306808	0.250000	-0.856749	-0.030007
0.886210	0.706245	0.259214	1.306808	0.250000	-0.856749	-0.030007
0.896250	0.706245	0.259214	1.306808	0.250000	-0.856749	-0.030007
0.907490	0.706245	0.259214	1.306808	0.250000	-0.856749	-0.030007
0.916159	0.706245	0.259214	1.306808	0.250000	-0.856749	-0.030007
0.926135	0.711266	0.276804	1.257039	0.250000	-0.878824	-0.034329
0.936044	0.711266	0.276804	1.257039	0.250000	-0.878824	-0.034329
0.946384	0.711266	0.276804	1.257039	0.250000	-0.878824	-0.034329
0.956146	0.711266	0.276804	1.257039	0.250000	-0.878824	-0.034329
0.966852	0.711266	0.276804	1.257039	0.250000	-0.878824	-0.034329
0.976613	0.716802	0.292860	1.217748	0.250000	-0.881827	-0.037452
0.986405	0.716802	0.292860	1.217748	0.250000	-0.881827	-0.037452
0.996184	0.716802	0.292860	1.217748	0.250000	-0.881827	-0.037452
1.006923	0.716802	0.292860	1.217748	0.250000	-0.881827	-0.037452
1.016114	0.716802	0.292860	1.217748	0.250000	-0.881827	-0.037452
1.026128	0.716802	0.292860	1.217748	0.250000	-0.881827	-0.037452
1.037379	0.716802	0.292860	1.217748	0.250000	-0.881827	-0.037452
1.046106	0.716802	0.292860	1.217748	0.250000	-0.881827	-0.037452
1.056673	0.724427	0.311235	1.173406	0.250000	-0.856349	-0.039164
1.066374	0.724427	0.311235	1.173406	0.250000	-0.856349	-0.039164
1.076183	0.724427	0.311235	1.173406	0.250000	-0.856349	-0.039164
1.086955	0.724427	0.311235	1.173406	0.250000	-0.856349	-0.039164
1.096662	0.730078	0.323633	1.139205	0.250000	-0.838989	-0.041587
1.107446	0.730078	0.323633	1.139205	0.250000	-0.838989	-0.041587
1.116207	0.730078	0.323633	1.139205	0.250000	-0.838989	-0.041587
1.126050	0.730078	0.323633	1.139205	0.250000	-0.838989	-0.041587
1.136651	0.730078	0.323633	1.139205	0.250000	-0.838989	-0.041587
1.147399	0.730078	0.323633	1.139205	0.250000	-0.838989	-0.041587
1.156225	0.730078	0.323633	1.139205	0.250000	-0.838989	-0.041587
1.166986	0.730078	0.323633	1.139205	0.250000	-0.838989	-0.041587
1.176721	0.730078	0.323633	1.139205	0.250000	-0.838989	-0.041587
1.186520	0.730078	0.323633	1.139205	0.250000	-0.838989	-0.041587
1.196223	0.730078	0.323633	1.139205	0.250000	-0.838989	-0.041587
1.206166	0.730078	0.323633	1.139205	0.250000	-0.838989	-0.041587
1.216707	0.738457	0.340157	1.098523	0.250000	-0.795795	-0.043527
1.226502	0.738457	0.340157	1.098523	0.250000	-0.795795	-0.043527
1.236244	0.738457	0.340157	1.098523	0.250000	-0.795795	-0.043527
1.246064	0.738457	0.340157	1.098523	0.250000	-0.795795	-0.043527
1.256775	0.738457	0.340157	1.098523	0.250000	-0.795795	-0.043527
1.266518	0.746223	0.353599	1.051437	0.250000	-0.704105	-0.041763
1.276248	0.746223	0.353599	1.051437	0.250000	-0.704105	-0.041763
1.286126	0.746223	0.353599	1.051437	0.250000	-0.704105	-0.041763
1.296767	0.746223	0.353599	1.051437	0.250000	-0.704105	-0.041763
1.306560	0.746223	0.353599	1.051437	0.250000	-0.704105	-0.041763
1.316274	0.746223	0.353599	1.051437	0.250000	-0.704105	-0.041763
1.326085	0.746223	0.353599	1.051437	0.250000	-0.704105	-0.041763
1.336729	0.746223	0.353599	1.051437	0.250000	-0.704105	-0.041763
1.346548	0.746223	0.353599	1.051437	0.250000	-0.704105	-0.041763
1.356269	0.746223	0.353599	1.051437	0.250000	-0.704105	-0.041763
1.367039	0.746223	0.353599	1.051437	0.250000	-0.704105	-0.041763
1.376871	0.757462	0.371330	0.998535	0.250000	-0.560251	-0.038940
1.388541	0.757462	0.371330	0.998535	0.250000	-0.560251	-0.038940
1.396300	0.757462	0.371330	0.998535	0.250000	-0.560251	-0.038940
1.406111	0.757462	0.371330	0.998535	0.250000	-0.560251	-0.038940
1.416119	0.757462	0.371330	0.998535	0.250000	-0.560251	-0.038940
1.426544	0.766625	0.384069	0.945445	0.250000	-0.364740	-0.032546
1.436323	0.766625	0.384069	0.945445	0.250000	-0.364740	-0.032546
1.446079	0.766625	0.384069	0.945445	0.250000	-0.364740	-0.032546
1.456800	0.766625	0.384069	0.945445	0.250000	-0.364740	-0.032546
1.466528	0.766625	0.384069	0.945445	0.250000	-0.364740	-0.032546
1.476327	0.766625	0.384069	0.945445	0.250000	-0.364740	-0.032546
1.488280	0.766625	0.384069	0.945445	0.250000	-0.364740	-0.032546
1.496827	0.766625	0.384069	0.945445	0.250000	-0.364740	-0.032546
1.506677	0.766625	0.384069	0.945445	0.250000	-0.364740	-0.032546
1.516392	0.766625	0.384069	0.945445	0.250000	-0.364740	-0.032546
1.526120	0.766625	0.384069	0.945445	0.250000	-0.364740	-0.032546
1.539798	0.779640	0.401539	0.893946	0.250000	-0.050857	-0.022924
1.546094	0.779640	0.401539	0.893946	0.250000	-0.050857	-0.022924
1.556356	0.779640	0.401539	0.893946	0.250000	-0.050857	-0.022924
1.566106	0.779640	0.401539	0.893946	0.250000	-0.050857	-0.022924
1.577662	0.779640	0.401539	0.893946	0.250000	-0.050857	-0.022924
1.586648	0.779640	0.401539	0.893946	0.250000	-0.050857	-0.022924
1.596419	0.779640	0.401539	0.893946	0.250000	-0.050857	-0.022924
1.606120	0.779640	0.401539	0.893946	0.250000	-0.050857	-0.022924
1.616857	0.779640	0.401539	0.893946	0.250000	-0.050857	-0.022924
1.626585	0.792299	0.415253	0.832583	0.250000	0.337846	-0.008253
1.636382	0.792299	0.415253	0.832583	0.250000	0.337846	-0.008253
1.646370	0.792299	0.415253	0.832583	0.250000	0.337846	-0.008253
1.656932	0.792299	0.415253	0.832583	0.250000	0.337846	-0.008253
1.666634	0.792299	0.415253	0.832583	0.250000	0.337846	-0.008253
1.676419	0.792299	0.415253	0.832583	0.250000	0.337846	-0.008253
1.686127	0.792299	0.415253	0.832583	0.250000	0.337846	-0.008253
1.696879	0.792299	0.415253	0.832583	0.250000	0.337846	-0.008253
1.706144	0.792299	0.415253	0.832583	0.250000	0.337846	-0.008253
1.716470	0.792299	0.415253	0.832583	0.250000	0.337846	-0.008253
1.726233	0.792299	0.415253	0.832583	0.250000	0.337846	-0.008253
1.736111	0.809196	0.433219	0.759221	0.250000	0.781070	0.009571
1.746720	0.809196	0.433219	0.759221	0.250000	0.781070	0.009571
1.756805	0.809196	0.433219	0.759221	0.250000	0.781070	0.009571
1.766245	0.809196	0.433219	0.759221	0.250000	0.781070	0.009571
1.777317	0.809196	0.433219	0.759221	0.250000	0.781070	0.009571
1.786275	0.809196	0.433219	0.759221	0.250000	0.781070	0.009571
1.796545	0.809196	0.433219	0.759221	0.250000	0.781070	0.009571
1.806272	0.809196	0.433219	0.759221	0.250000	0.781070	0.009571
1.816088	0.809196	0.433219	0.759221	0.250000	0.781070	0.009571
1.826086	0.809196	0.433219	0.759221	0.250000	0.781070	0.009571
1.836535	0.809196	0.433219	0.759221	0.250000	0.781070	0.009571
1.846281	0.809196	0.433219	0.759221	0.250000	0.781070	0.009571
1.856952	0.827455	0.449418	0.699669	0.250000	1.065007	0.023151
1.866803	0.827455	0.449418	0.699669	0.250000	1.065007	0.023151
1.876503	0.827455	0.449418	0.699669	0.250000	1.065007	0.023151
1.886303	0.827455	0.449418	0.699669	0.250000	1.065007	0.023151
1.896997	0.827455	0.449418	0.699669	0.250000	1.065007	0.023151
1.906748	0.827455	0.449418	0.699669	0.250000	1.065007	0.023151
1.916059	0.827455	0.449418	0.699669	0.250000	1.065007	0.023151
1.926123	0.827455	0.449418	0.699669	0.250000	1.065007	0.023151
1.936133	0.827455	0.449418	0.699669	0.250000	1.065007	0.023151
1.946089	0.827455	0.449418	0.699669	0.250000	1.065007	0.023151
1.956531	0.845219	0.466001	0.676509	0.250000	1.254855	0.033401
1.966319	0.845219	0.466001	0.676509	0.250000	1.254855	0.033401
1.976057	0.845219	0.466001	0.676509	0.250000	1.254855	0.033401
1.986802	0.845219	0.466001	0.676509	0.250000	1.254855	0.033401
1.996532	0.845219	0.466001	0.676509	0.250000	1.254855	0.033401
2.006328	0.845219	0.466001	0.676509	0.250000	1.254855	0.033401
2.016112	0.845219	0.466001	0.676509	0.250000	1.254855	0.033401
2.026782	0.845219	0.466001	0.676509	0.250000	1.254855	0.033401
2.036528	0.845219	0.466001	0.676509	0.250000	1.254855	0.033401
2.046304	0.845219	0.466001	0.676509	0.250000	1.254855	0.033401
2.056104	0.845219	0.466001	0.676509	0.250000	1.254855	0.033401
2.066862	0.863111	0.481664	0.715141	0.250000	1.348282	0.046378
2.076585	0.863111	0.481664	0.715141	0.250000	1.348282	0.046378
2.086347	0.863111	0.481664	0.715141	0.250000	1.348282	0.046378
2.096079	0.863111	0.481664	0.715141	0.250000	1.348282	0.046378
2.106959	0.863111	0.481664	0.715141	0.250000	1.348282	0.046378
2.116720	0.863111	0.481664	0.715141	0.250000	1.348282	0.046378
2.126705	0.863111	0.481664	0.715141	0.250000	1.348282	0.046378
2.136491	0.863111	0.481664	0.715141	0.250000	1.348282	0.046378
2.146230	0.863111	0.481664	0.715141	0.250000	1.348282	0.046378
2.156113	0.863111	0.481664	0.715141	0.250000	1.348282	0.046378
2.166045	0.863111	0.481664	0.715141	0.250000	1.348282	0.046378
2.176439	0.878129	0.495584	0.782252	0.250000	1.220606	0.063827
2.186204	0.878129	0.495584	0.782252	0.250000	1.220606	0.063827
2.196933	0.878129	0.495584	0.782252	0.250000	1.220606	0.063827
2.206114	0.878129	0.495584	0.782252	0.250000	1.220606	0.063827
2.216117	0.878129	0.495584	0.782252	0.250000	1.220606	0.063827
2.226150	0.878129	0.495584	0.782252	0.250000	1.220606	0.063827
2.236221	0.878129	0.495584	0.782252	0.250000	1.220606	0.063827
2.246126	0.878129	0.495584	0.782252	0.250000	1.220606	0.063827
2.256607	0.878129	0.495584	0.782252	0.250000	1.220606	0.063827
2.266357	0.878129	0.495584	0.782252	0.250000	1.220606	0.063827
2.276100	0.895784	0.514814	0.869693	0.250000	1.029250	0.071717
2.286846	0.895784	0.514814	0.869693	0.250000	1.029250	0.071717
2.296603	0.895784	0.514814	0.869693	0.250000	1.029250	0.071717
2.306379	0.895784	0.514814	0.869693	0.250000	1.029250	0.071717
2.316221	0.895784	0.514814	0.869693	0.250000	1.029250	0.071717
2.326099	0.895784	0.514814	0.869693	0.250000	1.029250	0.071717
2.336527	0.895784	0.514814	0.869693	0.250000	1.029250	0.071717
2.346372	0.895784	0.514814	0.869693	0.250000	1.029250	0.071717
2.356143	0.895784	0.514814	0.869693	0.250000	1.029250	0.071717
2.366116	0.895784	0.514814	0.869693	0.250000	1.029250	0.071717
2.376164	0.895784	0.514814	0.869693	0.250000	1.029250	0.071717
2.386159	0.895784	0.514814	0.869693	0.250000	1.029250	0.071717
2.396642	0.909091	0.531186	0.938885	0.250000	0.931553	0.069807
2.406164	0.909091	0.531186	0.938885	0.250000	0.931553	0.069807
2.416143	0.909091	0.531186	0.938885	0.250000	0.931553	0.069807
2.426092	0.909091	0.531186	0.938885	0.250000	0.931553	0.069807
2.436748	0.923164	0.552299	1.003198	0.250000	0.879746	0.067099
2.446148	0.923164	0.552299	1.003198	0.250000	0.879746	0.067099
2.456160	0.923164	0.552299	1.003198	0.250000	0.879746	0.067099
2.466118	0.923164	0.552299	1.003198	0.250000	0.879746	0.067099
2.476653	0.923164	0.552299	1.003198	0.250000	0.879746	0.067099
2.488912	0.923164	0.552299	1.003198	0.250000	0.879746	0.067099
2.496183	0.928897	0.562855	1.040647	0.250000	0.849695	0.063979
2.506464	0.928897	0.562855	1.040647	0.250000	0.849695	0.063979
2.516215	0.928897	0.562855	1.040647	0.250000	0.849695	0.063979
2.526453	0.928897	0.562855	1.040647	0.250000	0.849695	0.063979
2.536204	0.928897	0.562855	1.040647	0.250000	0.849695	0.063979
2.549929	0.928897	0.562855	1.040647	0.250000	0.849695	0.063979
2.556664	0.928897	0.562855	1.040647	0.250000	0.849695	0.063979
2.566499	0.928897	0.562855	1.040647	0.250000	0.849695	0.063979
2.576303	0.928897	0.562855	1.040647	0.250000	0.849695	0.063979
2.586957	0.928897	0.562855	1.040647	0.250000	0.849695	0.063979
2.596706	0.928897	0.562855	1.040647	0.250000	0.849695	0.063979
2.606490	0.937240	0.578888	1.078591	0.250000	0.847810	0.061604
2.616195	0.937240	0.578888	1.078591	0.250000	0.847810	0.061604
2.626115	0.937240	0.578888	1.078591	0.250000	0.847810	0.061604
2.636412	0.937240	0.578888	1.078591	0.250000	0.847810	0.061604
2.646094	0.937240	0.578888	1.078591	0.250000	0.847810	0.061604
2.656221	0.942031	0.588830	1.113936	0.250000	0.833710	0.059222
2.666220	0.942031	0.588830	1.113936	0.250000	0.833710	0.059222
2.676742	0.942031	0.588830	1.113936	0.250000	0.833710	0.059222
2.686221	0.942031	0.588830	1.113936	0.250000	0.833710	0.059222
2.696263	0.942031	0.588830	1.113936	0.250000	0.833710	0.059222
2.706084	0.942031	0.588830	1.113936	0.250000	0.833710	0.059222
2.716132	0.947746	0.600528	1.153234	0.250000	0.812638	0.056843
2.726113	0.947746	0.600528	1.153234	0.250000	0.812638	0.056843
2.736223	0.947746	0.600528	1.153234	0.250000	0.812638	0.056843
2.746104	0.947746	0.600528	1.153234	0.250000	0.812638	0.056843
2.756724	0.947746	0.600528	1.153234	0.250000	0.812638	0.056843
2.766467	0.950352	0.608951	1.185883	0.250000	0.791994	0.054114
2.776298	0.950352	0.608951	1.185883	0.250000	0.791994	0.054114
2.786047	0.950352	0.608951	1.185883	0.250000	0.791994	0.054114
2.797419	0.950352	0.608951	1.185883	0.250000	0.791994	0.054114
2.806544	0.950352	0.608951	1.185883	0.250000	0.791994	0.054114
2.816286	0.950352	0.608951	1.185883	0.250000	0.791994	0.054114
2.826055	0.950352	0.608951	1.185883	0.250000	0.791994	0.054114
2.836732	0.950352	0.608951	1.185883	0.250000	0.791994	0.054114
2.846555	0.950352	0.608951	1.185883	0.250000	0.791994	0.054114
2.856283	0.950352	0.608951	1.185883	0.250000	0.791994	0.054114
2.866034	0.954592	0.622388	1.223025	0.250000	0.774627	0.051555
2.876774	0.954592	0.622388	1.223025	0.250000	0.774627	0.051555
2.886582	0.954592	0.622388	1.223025	0.250000	0.774627	0.051555
2.896319	0.954592	0.622388	1.223025	0.250000	0.774627	0.051555
2.907784	0.954592	0.622388	1.223025	0.250000	0.774627	0.051555
2.916165	0.954592	0.622388	1.223025	0.250000	0.774627	0.051555
2.926160	0.954592	0.622388	1.223025	0.250000	0.774627	0.051555
2.936894	0.954592	0.622388	1.223025	0.250000	0.774627	0.051555
2.946129	0.954592	0.622388	1.223025	0.250000	0.774627	0.051555
2.956848	0.954592	0.622388	1.223025	0.250000	0.774627	0.051555
2.966547	0.961983	0.643463	1.272327	0.250000	0.750904	0.049412
2.976122	0.961983	0.643463	1.272327	0.250000	0.750904	0.049412
2.986125	0.961983	0.643463	1.272327	0.250000	0.750904	0.049412
2.996820	0.961983	0.643463	1.272327	0.250000	0.750904	0.049412
3.006587	0.961983	0.643463	1.272327	0.250000	0.750904	0.049412
3.016227	0.961983	0.643463	1.272327	0.250000	0.750904	0.049412
3.026101	0.961983	0.643463	1.272327	0.250000	0.750904	0.049412
3.036859	0.961983	0.643463	1.272327	0.250000	0.750904	0.049412
3.046708	0.961983	0.643463	1.272327	0.250000	0.750904	0.049412
3.056410	0.961983	0.643463	1.272327	0.250000	0.750904	0.049412
3.066358	0.961983	0.643463	1.272327	0.250000	0.750904	0.049412
3.076858	0.968213	0.664483	1.332785	0.250000	0.718242	0.047241
3.086664	0.968213	0.664483	1.332785	0.250000	0.718242	0.047241
3.097074	0.968213	0.664483	1.332785	0.250000	0.718242	0.047241
3.106699	0.968213	0.664483	1.332785	0.250000	0.718242	0.047241
3.116204	0.968213	0.664483	1.332785	0.250000	0.718242	0.047241
3.126668	0.968213	0.664483	1.332785	0.250000	0.718242	0.047241
3.136353	0.968213	0.664483	1.332785	0.250000	0.718242	0.047241
3.146123	0.968213	0.664483	1.332785	0.250000	0.718242	0.047241
3.156952	0.968213	0.664483	1.332785	0.250000	0.718242	0.047241
3.166616	0.968213	0.664483	1.332785	0.250000	0.718242	0.047241
3.176449	0.973089	0.687663	1.399699	0.250000	0.633577	0.042473
3.186217	0.973089	0.687663	1.399699	0.250000	0.633577	0.042473
3.197386	0.973089	0.687663	1.399699	0.250000	0.633577	0.042473
3.206791	0.973089	0.687663	1.399699	0.250000	0.633577	0.042473
3.216475	0.973089	0.687663	1.399699	0.250000	0.633577	0.042473
3.226188	0.973089	0.687663	1.399699	0.250000	0.633577	0.042473
3.236902	0.973089	0.687663	1.399699	0.250000	0.633577	0.042473
3.247188	0.973089	0.687663	1.399699	0.250000	0.633577	0.042473
3.256488	0.973089	0.687663	1.399699	0.250000	0.633577	0.042473
3.266186	0.973089	0.687663	1.399699	0.250000	0.633577	0.042473
3.277151	0.973089	0.687663	1.399699	0.250000	0.633577	0.042473
3.286030	0.973539	0.705995	1.522145	0.250000	0.366774	0.026983
3.296490	0.973539	0.705995	1.522145	0.250000	0.366774	0.026983
3.306258	0.973539	0.705995	1.522145	0.250000	0.366774	0.026983
3.316083	0.973539	0.705995	1.522145	0.250000	0.366774	0.026983
3.326053	0.973539	0.705995	1.522145	0.250000	0.366774	0.026983
3.339514	0.975114	0.727677	1.572221	0.250000	0.266703	0.021908
3.346201	0.975114	0.727677	1.572221	0.250000	0.266703	0.021908
3.356987	0.975114	0.727677	1.572221	0.250000	0.266703	0.021908
3.366838	0.975114	0.727677	1.572221	0.250000	0.266703	0.021908
3.376508	0.975114	0.727677	1.572221	0.250000	0.266703	0.021908
3.386275	0.975114	0.727677	1.572221	0.250000	0.266703	0.021908
3.396031	0.975114	0.727677	1.572221	0.250000	0.266703	0.021908
3.406781	0.975114	0.727677	1.572221	0.250000	0.266703	0.021908
3.416524	0.975114	0.727677	1.572221	0.250000	0.266703	0.021908
3.426257	0.975783	0.750079	1.626321	0.250000	0.151336	0.015486
3.436016	0.975783	0.750079	1.626321	0.250000	0.151336	0.015486
3.446766	0.975783	0.750079	1.626321	0.250000	0.151336	0.015486
3.456537	0.975783	0.750079	1.626321	0.250000	0.151336	0.015486
3.466339	0.975783	0.750079	1.626321	0.250000	0.151336	0.015486
3.476063	0.977198	0.770636	1.615063	0.250000	0.216505	0.019106
3.488281	0.977198	0.770636	1.615063	0.250000	0.216505	0.019106
3.497545	0.977198	0.770636	1.615063	0.250000	0.216505	0.019106
3.506385	0.977198	0.770636	1.615063	0.250000	0.216505	0.019106
3.516165	0.977198	0.770636	1.615063	0.250000	0.216505	0.019106
3.526064	0.977198	0.770636	1.615063	0.250000	0.216505	0.019106
3.536524	0.977198	0.770636	1.615063	0.250000	0.216505	0.019106
3.547615	0.974178	0.784606	1.670635	0.250000	0.056210	0.009090
3.556088	0.974178	0.784606	1.670635	0.250000	0.056210	0.009090
3.566783	0.974178	0.784606	1.670635	0.250000	0.056210	0.009090
3.576522	0.974178	0.784606	1.670635	0.250000	0.056210	0.009090
3.586355	0.974178	0.784606	1.670635	0.250000	0.056210	0.009090
3.596120	0.970710	0.794750	1.702375	0.250000	-0.052249	0.001807
3.606896	0.970710	0.794750	1.702375	0.250000	-0.052249	0.001807
3.616623	0.970710	0.794750	1.702375	0.250000	-0.052249	0.001807
3.626415	0.970710	0.794750	1.702375	0.250000	-0.052249	0.001807
3.636150	0.970710	0.794750	1.702375	0.250000	-0.052249	0.001807
3.646883	0.970710	0.794750	1.702375	0.250000	-0.052249	0.001807
3.656585	0.966996	0.804970	1.739757	0.250000	-0.176301	-0.006371
3.666316	0.966996	0.804970	1.739757	0.250000	-0.176301	-0.006371
3.676085	0.966996	0.804970	1.739757	0.250000	-0.176301	-0.006371
3.686075	0.966996	0.804970	1.739757	0.250000	-0.176301	-0.006371
3.696600	0.967124	0.821497	1.769480	0.250000	-0.217718	-0.008760
3.706995	0.967124	0.821497	1.769480	0.250000	-0.217718	-0.008760
3.716195	0.967124	0.821497	1.769480	0.250000	-0.217718	-0.008760
3.726904	0.967124	0.821497	1.769480	0.250000	-0.217718	-0.008760
3.736625	0.967124	0.821497	1.769480	0.250000	-0.217718	-0.008760
3.747787	0.967124	0.821497	1.769480	0.250000	-0.217718	-0.008760
3.756197	0.967124	0.821497	1.769480	0.250000	-0.217718	-0.008760
3.766845	0.967124	0.821497	1.769480	0.250000	-0.217718	-0.008760
3.776618	0.967124	0.821497	1.769480	0.250000	-0.217718	-0.008760
3.786405	0.967124	0.821497	1.769480	0.250000	-0.217718	-0.008760
3.796189	0.967124	0.821497	1.769480	0.250000	-0.217718	-0.008760
3.806921	0.961858	0.832816	1.814920	0.250000	-0.367881	-0.019339
3.816153	0.961858	0.832816	1.814920	0.250000	-0.367881	-0.019339
3.826428	0.961858	0.832816	1.814920	0.250000	-0.367881	-0.019339
3.836189	0.961858	0.832816	1.814920	0.250000	-0.367881	-0.019339
3.846071	0.961858	0.832816	1.814920	0.250000	-0.367881	-0.019339
3.856708	0.961858	0.832816	1.814920	0.250000	-0.367881	-0.019339
3.866077	0.958690	0.848089	1.851464	0.250000	-0.452467	-0.025455
3.876162	0.958690	0.848089	1.851464	0.250000	-0.452467	-0.025455
3.886064	0.958690	0.848089	1.851464	0.250000	-0.452467	-0.025455
3.896696	0.958690	0.848089	1.851464	0.250000	-0.452467	-0.025455
3.906461	0.952871	0.859766	1.886120	0.250000	-0.560746	-0.033917
3.916121	0.952871	0.859766	1.886120	0.250000	-0.560746	-0.033917
3.926078	0.952871	0.859766	1.886120	0.250000	-0.560746	-0.033917
3.937182	0.952871	0.859766	1.886120	0.250000	-0.560746	-0.033917
3.946479	0.952871	0.859766	1.886120	0.250000	-0.560746	-0.033917
3.956264	0.952871	0.859766	1.886120	0.250000	-0.560746	-0.033917
3.967000	0.949751	0.873985	1.905594	0.250000	-0.591320	-0.037320
3.976690	0.949751	0.873985	1.905594	0.250000	-0.591320	-0.037320
3.986516	0.949751	0.873985	1.905594	0.250000	-0.591320	-0.037320
3.996284	0.949751	0.873985	1.905594	0.250000	-0.591320	-0.037320
4.006077	0.949751	0.873985	1.905594	0.250000	-0.591320	-0.037320
4.016081	0.945329	0.887033	1.921375	0.250000	-0.623205	-0.041519
4.026526	0.945329	0.887033	1.921375	0.250000	-0.623205	-0.041519
4.036222	0.945329	0.887033	1.921375	0.250000	-0.623205	-0.041519
4.046031	0.945329	0.887033	1.921375	0.250000	-0.623205	-0.041519
4.056784	0.945329	0.887033	1.921375	0.250000	-0.623205	-0.041519
4.066484	0.939399	0.897614	1.937561	0.250000	-0.670521	-0.047714
4.076285	0.939399	0.897614	1.937561	0.250000	-0.670521	-0.047714
4.086069	0.939399	0.897614	1.937561	0.250000	-0.670521	-0.047714
4.096821	0.939399	0.897614	1.937561	0.250000	-0.670521	-0.047714
4.106505	0.939399	0.897614	1.937561	0.250000	-0.670521	-0.047714
4.116102	0.936286	0.909629	1.944526	0.250000	-0.667253	-0.048745
4.126128	0.936286	0.909629	1.944526	0.250000	-0.667253	-0.048745
4.136826	0.936286	0.909629	1.944526	0.250000	-0.667253	-0.048745
4.146597	0.936286	0.909629	1.944526	0.250000	-0.667253	-0.048745
4.156349	0.936286	0.909629	1.944526	0.250000	-0.667253	-0.048745
4.166052	0.936286	0.909629	1.944526	0.250000	-0.667253	-0.048745
4.176827	0.930843	0.921619	1.949539	0.250000	-0.680083	-0.051956
4.186594	0.930843	0.921619	1.949539	0.250000	-0.680083	-0.051956
4.196294	0.930843	0.921619	1.949539	0.250000	-0.680083	-0.051956
4.206151	0.930843	0.921619	1.949539	0.250000	-0.680083	-0.051956
4.216835	0.930843	0.921619	1.949539	0.250000	-0.680083	-0.051956
4.226628	0.925493	0.935513	1.948173	0.250000	-0.676287	-0.053311
4.236365	0.925493	0.935513	1.948173	0.250000	-0.676287	-0.053311
4.246134	0.925493	0.935513	1.948173	0.250000	-0.676287	-0.053311
4.256857	0.925493	0.935513	1.948173	0.250000	-0.676287	-0.053311
4.266572	0.925493	0.935513	1.948173	0.250000	-0.676287	-0.053311
4.276353	0.918459	0.945001	2.025363	0.250000	-0.857381	-0.067319
4.286289	0.918459	0.945001	2.025363	0.250000	-0.857381	-0.067319
4.296849	0.918459	0.945001	2.025363	0.250000	-0.857381	-0.067319
4.307273	0.918459	0.945001	2.025363	0.250000	-0.857381	-0.067319
4.316404	0.918459	0.945001	2.025363	0.250000	-0.857381	-0.067319
4.326167	0.918459	0.945001	2.025363	0.250000	-0.857381	-0.067319
4.336911	0.913093	0.958474	2.017568	0.250000	-0.850178	-0.067853
4.346675	0.913093	0.958474	2.017568	0.250000	-0.850178	-0.067853
4.356418	0.913093	0.958474	2.017568	0.250000	-0.850178	-0.067853
4.366198	0.913093	0.958474	2.017568	0.250000	-0.850178	-0.067853
4.376912	0.910543	0.972806	2.017947	0.250000	-0.843482	-0.066498
4.386059	0.910543	0.972806	2.017947	0.250000	-0.843482	-0.066498
4.396401	0.910543	0.972806	2.017947	0.250000	-0.843482	-0.066498
4.406090	0.910543	0.972806	2.017947	0.250000	-0.843482	-0.066498
4.416912	0.910543	0.972806	2.017947	0.250000	-0.843482	-0.066498
4.426670	0.910543	0.972806	2.017947	0.250000	-0.843482	-0.066498
4.436467	0.904687	0.985167	2.018663	0.250000	-0.864369	-0.068443
4.447153	0.904687	0.985167	2.018663	0.250000	-0.864369	-0.068443
4.456049	0.904687	0.985167	2.018663	0.250000	-0.864369	-0.068443
4.466081	0.904687	0.985167	2.018663	0.250000	-0.864369	-0.068443
4.476533	0.904687	0.985167	2.018663	0.250000	-0.864369	-0.068443
4.487798	0.904687	0.985167	2.018663	0.250000	-0.864369	-0.068443
4.496114	0.901918	0.998174	2.094121	0.250000	-1.002949	-0.076276
4.506729	0.901918	0.998174	2.094121	0.250000	-1.002949	-0.076276
4.516469	0.901918	0.998174	2.094121	0.250000	-1.002949	-0.076276
4.526175	0.901918	0.998174	2.094121	0.250000	-1.002949	-0.076276
4.536965	0.901918	0.998174	2.094121	0.250000	-1.002949	-0.076276
4.546734	0.901918	0.998174	2.094121	0.250000	-1.002949	-0.076276
4.556443	0.901918	0.998174	2.094121	0.250000	-1.002949	-0.076276
4.566203	0.901918	0.998174	2.094121	0.250000	-1.002949	-0.076276
4.576990	0.901918	0.998174	2.094121	0.250000	-1.002949	-0.076276
4.586751	0.892005	1.007038	2.057860	0.250000	-0.998397	-0.079191
4.599492	0.892005	1.007038	2.057860	0.250000	-0.998397	-0.079191
4.607696	0.892005	1.007038	2.057860	0.250000	-0.998397	-0.079191
4.616067	0.892005	1.007038	2.057860	0.250000	-0.998397	-0.079191
4.626024	0.892005	1.007038	2.057860	0.250000	-0.998397	-0.079191
4.636524	0.892005	1.007038	2.057860	0.250000	-0.998397	-0.079191
4.646172	0.892005	1.007038	2.057860	0.250000	-0.998397	-0.079191
4.656135	0.892005	1.007038	2.057860	0.250000	-0.998397	-0.079191
4.666123	0.892005	1.007038	2.057860	0.250000	-0.998397	-0.079191
4.676605	0.892005	1.007038	2.057860	0.250000	-0.998397	-0.079191
4.686095	0.887091	1.028518	1.933885	0.250000	-0.806066	-0.063989
4.695996	0.887091	1.028518	1.933885	0.250000	-0.806066	-0.063989
4.706741	0.887091	1.028518	1.933885	0.250000	-0.806066	-0.063989
4.716535	0.887091	1.028518	1.933885	0.250000	-0.806066	-0.063989
4.726357	0.887091	1.028518	1.933885	0.250000	-0.806066	-0.063989
4.736077	0.887091	1.028518	1.933885	0.250000	-0.806066	-0.063989
4.746078	0.877748	1.043000	1.813300	0.250000	-0.654909	-0.054883
4.756579	0.877748	1.043000	1.813300	0.250000	-0.654909	-0.054883
4.766311	0.877748	1.043000	1.813300	0.250000	-0.654909	-0.054883
4.776053	0.877748	1.043000	1.813300	0.250000	-0.654909	-0.054883
4.786838	0.877748	1.043000	1.813300	0.250000	-0.654909	-0.054883
4.796563	0.877748	1.043000	1.813300	0.250000	-0.654909	-0.054883
4.806294	0.877748	1.043000	1.813300	0.250000	-0.654909	-0.054883
4.816103	0.877748	1.043000	1.813300	0.250000	-0.654909	-0.054883
4.826080	0.877748	1.043000	1.813300	0.250000	-0.654909	-0.054883
4.836572	0.874730	1.063138	1.771620	0.250000	-0.616411	-0.049178
4.847727	0.874730	1.063138	1.771620	0.250000	-0.616411	-0.049178
4.856155	0.874730	1.063138	1.771620	0.250000	-0.616411	-0.049178
4.866937	0.874730	1.063138	1.771620	0.250000	-0.616411	-0.049178
4.876580	0.874730	1.063138	1.771620	0.250000	-0.616411	-0.049178
4.886168	0.874730	1.063138	1.771620	0.250000	-0.616411	-0.049178
4.896086	0.874730	1.063138	1.771620	0.250000	-0.616411	-0.049178
4.907335	0.874730	1.063138	1.771620	0.250000	-0.616411	-0.049178
4.916635	0.874730	1.063138	1.771620	0.250000	-0.616411	-0.049178
4.926346	0.874730	1.063138	1.771620	0.250000	-0.616411	-0.049178
4.936108	0.869739	1.079885	1.730957	0.250000	-0.598123	-0.046848
4.946905	0.869739	1.079885	1.730957	0.250000	-0.598123	-0.046848
4.956682	0.869739	1.079885	1.730957	0.250000	-0.598123	-0.046848
4.966394	0.869739	1.079885	1.730957	0.250000	-0.598123	-0.046848
4.976126	0.869739	1.079885	1.730957	0.250000	-0.598123	-0.046848
4.986909	0.869739	1.079885	1.730957	0.250000	-0.598123	-0.046848
4.996678	0.869739	1.079885	1.730957	0.250000	-0.598123	-0.046848
5.006463	0.869739	1.079885	1.730957	0.250000	-0.598123	-0.046848
5.016199	0.869739	1.079885	1.730957	0.250000	-0.598123	-0.046848
5.026938	0.869739	1.079885	1.730957	0.250000	-0.598123	-0.046848
5.036635	0.867512	1.104542	1.667358	0.250000	-0.517946	-0.039196
5.046050	0.867512	1.104542	1.667358	0.250000	-0.517946	-0.039196
5.056169	0.867512	1.104542	1.667358	0.250000	-0.517946	-0.039196
5.066027	0.867512	1.104542	1.667358	0.250000	-0.517946	-0.039196
5.076648	0.867512	1.104542	1.667358	0.250000	-0.517946	-0.039196
5.087542	0.867512	1.104542	1.667358	0.250000	-0.517946	-0.039196
5.096232	0.867512	1.104542	1.667358	0.250000	-0.517946	-0.039196
5.106085	0.867512	1.104542	1.667358	0.250000	-0.517946	-0.039196
5.116701	0.867512	1.104542	1.667358	0.250000	-0.517946	-0.039196
5.126173	0.867512	1.104542	1.667358	0.250000	-0.517946	-0.039196
5.136225	0.865989	1.127991	1.673158	0.250000	-0.589819	-0.041409
5.147002	0.865989	1.127991	1.673158	0.250000	-0.589819	-0.041409
5.157076	0.865989	1.127991	1.673158	0.250000	-0.589819	-0.041409
5.166494	0.865989	1.127991	1.673158	0.250000	-0.589819	-0.041409
5.176196	0.865989	1.127991	1.673158	0.250000	-0.589819	-0.041409
5.187008	0.864173	1.141938	1.616817	0.250000	-0.506867	-0.036343
5.196782	0.864173	1.141938	1.616817	0.250000	-0.506867	-0.036343
5.206552	0.864173	1.141938	1.616817	0.250000	-0.506867	-0.036343
5.216298	0.864173	1.141938	1.616817	0.250000	-0.506867	-0.036343
5.227015	0.864173	1.141938	1.616817	0.250000	-0.506867	-0.036343
5.236711	0.864173	1.141938	1.616817	0.250000	-0.506867	-0.036343
5.246514	0.862085	1.150364	1.581191	0.250000	-0.457374	-0.034025
5.256235	0.862085	1.150364	1.581191	0.250000	-0.457374	-0.034025
5.265980	0.862085	1.150364	1.581191	0.250000	-0.457374	-0.034025
5.276486	0.862085	1.150364	1.581191	0.250000	-0.457374	-0.034025
5.286554	0.862085	1.150364	1.581191	0.250000	-0.457374	-0.034025
5.296332	0.862085	1.150364	1.581191	0.250000	-0.457374	-0.034025
5.306078	0.861799	1.161452	1.487010	0.250000	-0.249402	-0.022314
5.316825	0.861799	1.161452	1.487010	0.250000	-0.249402	-0.022314
5.326592	0.861799	1.161452	1.487010	0.250000	-0.249402	-0.022314
5.336323	0.861799	1.161452	1.487010	0.250000	-0.249402	-0.022314
5.346223	0.861799	1.161452	1.487010	0.250000	-0.249402	-0.022314
5.356841	0.861799	1.161452	1.487010	0.250000	-0.249402	-0.022314
5.366548	0.861799	1.161452	1.487010	0.250000	-0.249402	-0.022314
5.376369	0.861799	1.161452	1.487010	0.250000	-0.249402	-0.022314
5.386135	0.861799	1.161452	1.487010	0.250000	-0.249402	-0.022314
5.396773	0.861799	1.161452	1.487010	0.250000	-0.249402	-0.022314
5.406409	0.865230	1.182317	1.439227	0.250000	-0.122422	-0.014008
5.416301	0.865230	1.182317	1.439227	0.250000	-0.122422	-0.014008
5.426072	0.865230	1.182317	1.439227	0.250000	-0.122422	-0.014008
5.436801	0.865230	1.182317	1.439227	0.250000	-0.122422	-0.014008
5.446321	0.865230	1.182317	1.439227	0.250000	-0.122422	-0.014008
5.456365	0.865230	1.182317	1.439227	0.250000	-0.122422	-0.014008
5.466071	0.870351	1.207536	1.394820	0.250000	0.023220	-0.005095
5.476835	0.870351	1.207536	1.394820	0.250000	0.023220	-0.005095
5.487998	0.870351	1.207536	1.394820	0.250000	0.023220	-0.005095
5.496381	0.870351	1.207536	1.394820	0.250000	0.023220	-0.005095
5.506176	0.870351	1.207536	1.394820	0.250000	0.023220	-0.005095
5.516863	0.870351	1.207536	1.394820	0.250000	0.023220	-0.005095
5.526807	0.870351	1.207536	1.394820	0.250000	0.023220	-0.005095
5.536548	0.870351	1.207536	1.394820	0.250000	0.023220	-0.005095
5.546237	0.870351	1.207536	1.394820	0.250000	0.023220	-0.005095
5.556075	0.870351	1.207536	1.394820	0.250000	0.023220	-0.005095
5.566792	0.870351	1.207536	1.394820	0.250000	0.023220	-0.005095
5.576529	0.875111	1.229481	1.338950	0.250000	0.212397	0.005309
5.586300	0.875111	1.229481	1.338950	0.250000	0.212397	0.005309
5.596045	0.875111	1.229481	1.338950	0.250000	0.212397	0.005309
5.606107	0.875111	1.229481	1.338950	0.250000	0.212397	0.005309
5.616231	0.875111	1.229481	1.338950	0.250000	0.212397	0.005309
5.626176	0.875111	1.229481	1.338950	0.250000	0.212397	0.005309
5.636109	0.875111	1.229481	1.338950	0.250000	0.212397	0.005309
5.646251	0.875111	1.229481	1.338950	0.250000	0.212397	0.005309
5.656583	0.875111	1.229481	1.338950	0.250000	0.212397	0.005309
5.666366	0.875111	1.229481	1.338950	0.250000	0.212397	0.005309
5.676103	0.875111	1.229481	1.338950	0.250000	0.212397	0.005309
5.686848	0.879242	1.245780	1.306650	0.250000	0.337904	0.012151
5.698593	0.879242	1.245780	1.306650	0.250000	0.337904	0.012151
5.706478	0.879242	1.245780	1.306650	0.250000	0.337904	0.012151
5.716257	0.879242	1.245780	1.306650	0.250000	0.337904	0.012151
5.726900	0.879242	1.245780	1.306650	0.250000	0.337904	0.012151
5.736642	0.879242	1.245780	1.306650	0.250000	0.337904	0.012151
5.746505	0.882103	1.255236	1.268837	0.250000	0.460917	0.018816
5.756167	0.882103	1.255236	1.268837	0.250000	0.460917	0.018816
5.766099	0.882103	1.255236	1.268837	0.250000	0.460917	0.018816
5.776684	0.882103	1.255236	1.268837	0.250000	0.460917	0.018816
5.786416	0.882103	1.255236	1.268837	0.250000	0.460917	0.018816
5.796148	0.882103	1.255236	1.268837	0.250000	0.460917	0.018816
5.806045	0.882103	1.255236	1.268837	0.250000	0.460917	0.018816
5.816146	0.882103	1.255236	1.268837	0.250000	0.460917	0.018816
5.826118	0.882103	1.255236	1.268837	0.250000	0.460917	0.018816
5.836149	0.882103	1.255236	1.268837	0.250000	0.460917	0.018816
5.847875	0.886554	1.269300	1.250173	0.250000	0.567106	0.024862
5.856703	0.886554	1.269300	1.250173	0.250000	0.567106	0.024862
5.866508	0.886554	1.269300	1.250173	0.250000	0.567106	0.024862
5.876187	0.886554	1.269300	1.250173	0.250000	0.567106	0.024862
5.886134	0.886554	1.269300	1.250173	0.250000	0.567106	0.024862
5.896677	0.886554	1.269300	1.250173	0.250000	0.567106	0.024862
5.906464	0.891124	1.283569	1.232833	0.250000	0.675905	0.031047
5.916080	0.891124	1.283569	1.232833	0.250000	0.675905	0.031047
5.926963	0.891124	1.283569	1.232833	0.250000	0.675905	0.031047
5.936654	0.891124	1.283569	1.232833	0.250000	0.675905	0.031047
5.946445	0.891124	1.283569	1.232833	0.250000	0.675905	0.031047
5.956218	0.891124	1.283569	1.232833	0.250000	0.675905	0.031047
5.966921	0.897849	1.302936	1.220642	0.250000	0.802038	0.038467
5.976641	0.897849	1.302936	1.220642	0.250000	0.802038	0.038467
5.986463	0.897849	1.302936	1.220642	0.250000	0.802038	0.038467
6.000283	0.897849	1.302936	1.220642	0.250000	0.802038	0.038467
6.006115	0.903358	1.317603	1.214001	0.250000	0.883428	0.043442
6.016316	0.903358	1.317603	1.214001	0.250000	0.883428	0.043442
6.026113	0.903358	1.317603	1.214001	0.250000	0.883428	0.043442
6.036212	0.903358	1.317603	1.214001	0.250000	0.883428	0.043442
6.046088	0.903358	1.317603	1.214001	0.250000	0.883428	0.043442
6.056700	0.903358	1.317603	1.214001	0.250000	0.883428	0.043442
6.066094	0.909251	1.336535	1.218166	0.250000	0.984202	0.049375
6.076264	0.909251	1.336535	1.218166	0.250000	0.984202	0.049375
6.086068	0.909251	1.336535	1.218166	0.250000	0.984202	0.049375
6.096777	0.909251	1.336535	1.218166	0.250000	0.984202	0.049375
6.106552	0.914282	1.351850	1.227778	0.250000	1.037144	0.052656
6.116295	0.914282	1.351850	1.227778	0.250000	1.037144	0.052656
6.126096	0.914282	1.351850	1.227778	0.250000	1.037144	0.052656
6.136770	0.914282	1.351850	1.227778	0.250000	1.037144	0.052656
6.146464	0.914282	1.351850	1.227778	0.250000	1.037144	0.052656
6.156303	0.914282	1.351850	1.227778	0.250000	1.037144	0.052656
6.166014	0.917746	1.361028	1.203243	0.250000	1.136706	0.058809
6.176749	0.917746	1.361028	1.203243	0.250000	1.136706	0.058809
6.186545	0.917746	1.361028	1.203243	0.250000	1.136706	0.058809
6.196447	0.917746	1.361028	1.203243	0.250000	1.136706	0.058809
6.206291	0.917746	1.361028	1.203243	0.250000	1.136706	0.058809
6.216466	0.917746	1.361028	1.203243	0.250000	1.136706	0.058809
6.226635	0.917746	1.361028	1.203243	0.250000	1.136706	0.058809
6.236351	0.917746	1.361028	1.203243	0.250000	1.136706	0.058809
6.246113	0.917746	1.361028	1.203243	0.250000	1.136706	0.058809
6.256864	0.917746	1.361028	1.203243	0.250000	1.136706	0.058809
6.266794	0.917746	1.361028	1.203243	0.250000	1.136706	0.058809
6.276598	0.921638	1.371726	1.218310	0.250000	1.162649	0.060821
6.286143	0.921638	1.371726	1.218310	0.250000	1.162649	0.060821
6.296911	0.921638	1.371726	1.218310	0.250000	1.162649	0.060821
6.306643	0.921638	1.371726	1.218310	0.250000	1.162649	0.060821
6.316399	0.921638	1.371726	1.218310	0.250000	1.162649	0.060821
6.326121	0.921638	1.371726	1.218310	0.250000	1.162649	0.060821
6.336843	0.925573	1.386371	1.243514	0.250000	1.192553	0.062840
