x(i)	y(i)	theta(i)
0.596383	0.245700	1.449822
0.596731	0.248554	1.449070
0.597080	0.251396	1.448385
0.597429	0.254227	1.447768
0.597778	0.257047	1.447220
0.598128	0.259856	1.446741
0.598477	0.262654	1.446332
0.598827	0.265441	1.445995
0.599175	0.268218	1.445730
0.599523	0.270983	1.445537
0.599870	0.273738	1.445418
0.600216	0.276482	1.445374
0.600561	0.279215	1.445405
0.600904	0.281938	1.445512
0.601245	0.284650	1.445697
0.601585	0.287352	1.445960
0.601922	0.290043	1.446301
0.602257	0.292724	1.446723
0.602589	0.295394	1.447226
0.602919	0.298055	1.447810
0.603246	0.300705	1.448477
0.603569	0.303345	1.449228
0.603889	0.305974	1.450064
0.604206	0.308594	1.450986
0.604519	0.311203	1.451994
0.604828	0.313803	1.453089
0.605132	0.316393	1.454274
0.605433	0.318973	1.455548
0.605728	0.321543	1.456913
0.606019	0.324103	1.458370
0.606305	0.326653	1.459919
0.606586	0.329194	1.461563
0.606862	0.331726	1.463301
0.607131	0.334247	1.465135
0.607395	0.336760	1.467067
0.607653	0.339262	1.469096
0.607905	0.341756	1.471225
0.608151	0.344240	1.473454
0.608389	0.346715	1.475784
0.608621	0.349180	1.478217
0.608846	0.351637	1.480754
0.609064	0.354084	1.483395
0.609274	0.356522	1.486142
0.609477	0.358951	1.488996
0.609672	0.361371	1.491958
0.609859	0.363783	1.495029
0.610037	0.366185	1.498210
0.610207	0.368579	1.501503
0.610369	0.370963	1.504907
0.610521	0.373340	1.508426
0.610665	0.375707	1.512058
0.610799	0.378066	1.515807
0.610924	0.380416	1.519671
0.611039	0.382758	1.523654
0.611145	0.385091	1.527755
0.611240	0.387416	1.531975
0.611325	0.389733	1.536317
0.611399	0.392041	1.540779
0.611463	0.394342	1.545364
0.611516	0.396634	1.550073
0.611558	0.398917	1.554905
0.611588	0.401193	1.559863
0.611607	0.403461	1.564946
0.611615	0.405721	1.570156
0.611610	0.407973	1.575493
0.611594	0.410217	1.580958
0.611565	0.412453	1.586552
0.611523	0.414681	1.592274
0.611469	0.416902	1.598126
0.611402	0.419115	1.604108
0.611322	0.421320	1.610220
0.611228	0.423518	1.616463
0.611121	0.425709	1.622837
0.611000	0.427892	1.629342
0.610866	0.430067	1.635977
0.610717	0.432235	1.642744
0.610553	0.434396	1.649642
0.610376	0.436550	1.656671
0.610183	0.438697	1.663830
0.609976	0.440836	1.671119
0.609753	0.442969	1.678538
0.609515	0.445094	1.686086
0.609262	0.447212	1.693762
0.608992	0.449324	1.701566
0.608707	0.451428	1.709496
0.608406	0.453526	1.717552
0.608088	0.455617	1.725732
0.607753	0.457701	1.734004
0.607403	0.459779	1.742264
0.607035	0.461850	1.750501
0.606651	0.463915	1.758715
0.606251	0.465973	1.766903
0.605835	0.468024	1.775065
0.605403	0.470070	1.783198
0.604954	0.472108	1.791301
0.604490	0.474141	1.799372
0.604010	0.476167	1.807410
0.603514	0.478188	1.815413
0.603003	0.480202	1.823380
0.602476	0.482210	1.831310
0.601934	0.484212	1.839200
0.601377	0.486208	1.847051
0.600804	0.488198	1.854860
0.600216	0.490182	1.862625
0.599614	0.492160	1.870347
0.598996	0.494133	1.878023
0.598364	0.496100	1.885653
0.597717	0.498061	1.893235
0.597055	0.500017	1.900768
0.596379	0.501967	1.908250
0.595689	0.503912	1.915682
0.594984	0.505851	1.923062
0.594265	0.507785	1.930388
0.593532	0.509713	1.937661
0.592785	0.511636	1.944878
0.592024	0.513554	1.952040
0.591249	0.515467	1.959145
0.590461	0.517375	1.966192
0.589659	0.519278	1.973182
0.588844	0.521175	1.980112
0.588015	0.523068	1.986983
0.587173	0.524956	1.993793
0.586317	0.526838	2.000542
0.585449	0.528717	2.007230
0.584568	0.530590	2.013856
0.583673	0.532458	2.020419
0.582766	0.534322	2.026919
0.581847	0.536182	2.033355
0.580914	0.538037	2.039728
0.579970	0.539887	2.046036
0.579013	0.541733	2.052279
0.578043	0.543574	2.058457
0.577061	0.545411	2.064570
0.576068	0.547244	2.070617
0.575062	0.549073	2.076599
0.574044	0.550897	2.082514
0.573015	0.552718	2.088363
0.571974	0.554534	2.094146
0.570921	0.556346	2.099862
0.569857	0.558155	2.105511
0.568782	0.559959	2.111094
0.567695	0.561760	2.116610
0.566597	0.563556	2.122059
0.565488	0.565349	2.127441
0.564368	0.567139	2.132756
0.563237	0.568924	2.138004
0.562095	0.570706	2.143186
0.560943	0.572485	2.148300
0.559780	0.574260	2.153348
0.558606	0.576031	2.158329
0.557422	0.577799	2.163244
0.556228	0.579564	2.168092
0.555024	0.581326	2.172874
0.553809	0.583084	2.177590
0.552585	0.584839	2.182240
0.551351	0.586591	2.186824
0.550106	0.588340	2.191343
0.548853	0.590086	2.195796
0.547589	0.591829	2.200184
0.546316	0.593569	2.204507
0.545034	0.595307	2.208766
0.543743	0.597041	2.212960
0.542442	0.598773	2.217089
0.541132	0.600502	2.221155
0.539813	0.602228	2.225157
0.538486	0.603952	2.229095
0.537149	0.605673	2.232971
0.535804	0.607392	2.236783
0.534450	0.609108	2.240533
0.533088	0.610822	2.244221
0.531717	0.612533	2.247846
0.530338	0.614243	2.251410
0.528951	0.615950	2.254912
0.527556	0.617654	2.258353
0.526153	0.619357	2.261734
0.524742	0.621058	2.265054
0.523323	0.622757	2.268313
0.521896	0.624453	2.271513
0.520462	0.626148	2.274654
0.519020	0.627841	2.277735
0.517571	0.629532	2.280757
0.516115	0.631221	2.283720
0.514652	0.632909	2.286626
0.513181	0.634595	2.289473
0.511703	0.636280	2.292263
0.510219	0.637963	2.294995
0.508728	0.639644	2.297670
0.507230	0.641324	2.300289
0.505725	0.643003	2.302851
0.504214	0.644680	2.305357
0.502697	0.646356	2.307808
0.501173	0.648031	2.310203
0.499643	0.649704	2.312543
0.498107	0.651377	2.314827
0.496565	0.653048	2.317058
0.495017	0.654718	2.319234
0.493463	0.656388	2.321356
0.491904	0.658056	2.323425
0.490339	0.659724	2.325440
0.488769	0.661391	2.327402
0.487193	0.663057	2.329311
0.485612	0.664722	2.331168
0.484025	0.666387	2.332972
0.482434	0.668051	2.334724
0.480837	0.669715	2.336425
0.479236	0.671378	2.338074
0.477630	0.673041	2.339672
0.476019	0.674703	2.341219
0.474404	0.676365	2.342716
0.472784	0.678027	2.344162
0.471160	0.679688	2.345557
0.469531	0.681350	2.346903
0.467898	0.683011	2.348199
0.466261	0.684672	2.349446
0.464621	0.686333	2.350643
0.462976	0.687994	2.351792
0.461327	0.689656	2.352891
0.459675	0.691317	2.353942
0.458019	0.692979	2.354944
0.456360	0.694641	2.355899
0.454697	0.696303	2.356805
0.453031	0.697965	2.357663
0.451362	0.699628	2.358459
0.449690	0.701292	2.359173
0.448015	0.702955	2.359805
0.446338	0.704620	2.360355
0.444658	0.706285	2.360824
0.442976	0.707951	2.361211
0.441292	0.709617	2.361518
0.439606	0.711284	2.361744
0.437919	0.712953	2.361889
0.436231	0.714622	2.361955
0.434542	0.716291	2.361940
0.432852	0.717962	2.361845
0.431161	0.719634	2.361670
0.429470	0.721307	2.361415
0.427779	0.722982	2.361081
0.426088	0.724657	2.360667
0.424397	0.726334	2.360174
0.422707	0.728011	2.359600
0.421017	0.729691	2.358947
0.419328	0.731371	2.358214
0.417640	0.733054	2.357401
0.415954	0.734737	2.356509
0.414269	0.736423	2.355536
0.412587	0.738109	2.354483
0.410906	0.739798	2.353350
0.409227	0.741488	2.352136
0.407551	0.743180	2.350841
0.405877	0.744874	2.349465
0.404207	0.746570	2.348008
0.402539	0.748268	2.346469
0.400875	0.749967	2.344849
0.399214	0.751669	2.343146
0.397557	0.753373	2.341360
0.395904	0.755079	2.339492
0.394255	0.756787	2.337540
0.392611	0.758497	2.335505
0.390971	0.760210	2.333386
0.389336	0.761925	2.331182
0.387706	0.763643	2.328893
0.386081	0.765363	2.326518
0.384462	0.767085	2.324057
0.382849	0.768810	2.321510
0.381241	0.770538	2.318875
0.379640	0.772268	2.316153
0.378044	0.774001	2.313342
0.376456	0.775737	2.310443
0.374874	0.777476	2.307454
0.373300	0.779217	2.304375
0.371732	0.780962	2.301205
0.370172	0.782709	2.297943
0.368620	0.784460	2.294589
0.367075	0.786214	2.291142
0.365539	0.787970	2.287602
0.364011	0.789730	2.283967
0.362491	0.791494	2.280237
0.360980	0.793260	2.276411
0.359478	0.795030	2.272488
0.357986	0.796803	2.268468
0.356502	0.798580	2.264349
0.355029	0.800361	2.260131
0.353565	0.802144	2.255813
0.352111	0.803932	2.251394
0.350667	0.805723	2.246874
0.349234	0.807518	2.242251
0.347812	0.809317	2.237524
0.346400	0.811119	2.232693
0.345000	0.812926	2.227757
0.343611	0.814736	2.222715
0.342234	0.816550	2.217566
0.340868	0.818369	2.212309
0.339514	0.820191	2.206944
0.338173	0.822018	2.201468
0.336844	0.823848	2.195883
0.335528	0.825684	2.190186
0.334224	0.827523	2.184377
0.332934	0.829367	2.178455
0.331657	0.831215	2.172419
0.330393	0.833067	2.166268
0.329144	0.834925	2.160002
0.327908	0.836786	2.153620
0.326686	0.838653	2.147121
0.325479	0.840524	2.140504
0.324286	0.842399	2.133769
0.323108	0.844280	2.126915
0.321946	0.846165	2.119941
0.320798	0.848055	2.112847
0.319666	0.849951	2.105632
0.318550	0.851851	2.098295
0.317449	0.853756	2.090837
0.316365	0.855666	2.083257
0.315297	0.857582	2.075554
0.314246	0.859502	2.067728
0.313211	0.861428	2.059779
0.312193	0.863360	2.051707
0.311193	0.865296	2.043511
0.310210	0.867238	2.035192
0.309245	0.869186	2.026750
0.308297	0.871139	2.018184
0.307368	0.873097	2.009495
0.306457	0.875062	2.000684
0.305564	0.877031	1.991750
0.304690	0.879007	1.982694
0.303835	0.880988	1.973517
0.303000	0.882976	1.964219
0.302183	0.884969	1.954802
0.301387	0.886968	1.945266
0.300610	0.888973	1.935612
0.299853	0.890984	1.925841
0.299116	0.893001	1.915954
0.298400	0.895024	1.905954
0.297705	0.897054	1.895841
0.297030	0.899090	1.885617
0.296377	0.901132	1.875285
0.295745	0.903180	1.864845
0.295134	0.905235	1.854299
0.294546	0.907297	1.843651
0.293979	0.909364	1.832902
0.293435	0.911439	1.822055
0.292912	0.913520	1.811112
0.292413	0.915608	1.800077
0.291936	0.917702	1.788951
0.291483	0.919803	1.777738
0.291053	0.921912	1.766442
0.290646	0.924027	1.755064
0.290263	0.926149	1.743610
0.289904	0.928277	1.732081
0.289569	0.930413	1.720482
0.289259	0.932557	1.708817
0.288973	0.934707	1.697089
0.288712	0.936864	1.685302
0.288476	0.939029	1.673461
0.288265	0.941201	1.661569
0.288080	0.943380	1.649631
0.287920	0.945567	1.637650
0.287787	0.947761	1.625632
0.287679	0.949963	1.613580
0.287598	0.952172	1.601500
0.287543	0.954389	1.589395
0.287515	0.956614	1.577270
0.287515	0.958846	1.565130
0.287541	0.961087	1.552979
0.287595	0.963335	1.540822
0.287676	0.965591	1.528663
0.287785	0.967854	1.516507
0.287923	0.970126	1.504359
0.288088	0.972406	1.492223
0.288282	0.974694	1.480103
0.288505	0.976990	1.468004
0.288757	0.979295	1.455930
0.289038	0.981607	1.443887
0.289348	0.983928	1.431876
0.289688	0.986257	1.419904
0.290058	0.988595	1.407974
0.290458	0.990941	1.396090
0.290888	0.993296	1.384255
0.291348	0.995659	1.372475
0.291839	0.998031	1.360751
0.292361	1.000412	1.349089
0.292915	1.002801	1.337490
0.293499	1.005199	1.325959
0.294115	1.007606	1.314499
0.294763	1.010022	1.303113
0.295443	1.012447	1.291803
0.296155	1.014881	1.280572
0.296899	1.017323	1.269424
0.297677	1.019775	1.258360
0.298486	1.022236	1.247382
0.299329	1.024707	1.236494
0.300206	1.027186	1.225697
0.301116	1.029675	1.214993
0.302059	1.032173	1.204383
0.303037	1.034681	1.193870
0.304048	1.037198	1.183455
0.305094	1.039725	1.173140
0.306175	1.042261	1.162925
0.307290	1.044807	1.152812
0.308441	1.047362	1.142802
0.309627	1.049928	1.132895
