t	x(t)	y(t)	theta(t)	v(t)	gamma(t)	efa
0.006886	0.605291	0.270811	1.554819	0.250000	-0.028808	-0.004127
0.009205	0.605291	0.270811	1.554819	0.250000	-0.028808	-0.004127
0.017396	0.605291	0.270811	1.554819	0.250000	-0.028808	-0.004127
0.027462	0.605291	0.270811	1.554819	0.250000	-0.028808	-0.004127
0.037291	0.605291	0.270811	1.554819	0.250000	-0.028808	-0.004127
0.048064	0.605291	0.270811	1.554819	0.250000	-0.028808	-0.004127
0.057919	0.605291	0.270811	1.554819	0.250000	-0.028808	-0.004127
0.067509	0.605291	0.270811	1.554819	0.250000	-0.028808	-0.004127
0.078232	0.605291	0.270811	1.554819	0.250000	-0.028808	-0.004127
0.087953	0.605291	0.270811	1.554819	0.250000	-0.028808	-0.004127
0.097769	0.605291	0.270811	1.554819	0.250000	-0.028808	-0.004127
0.107544	0.605419	0.270413	1.560682	0.250000	-0.042716	-0.004799
0.118236	0.605419	0.270413	1.560682	0.250000	-0.042716	-0.004799
0.128492	0.605548	0.270015	1.566545	0.250000	-0.056671	-0.005476
0.137726	0.605548	0.270015	1.566545	0.250000	-0.056671	-0.005476
0.147509	0.605548	0.270015	1.566545	0.250000	-0.056671	-0.005476
0.158219	0.605548	0.270015	1.566545	0.250000	-0.056671	-0.005476
0.167998	0.605548	0.270015	1.566545	0.250000	-0.056671	-0.005476
0.177781	0.605548	0.270015	1.566545	0.250000	-0.056671	-0.005476
0.187591	0.605411	0.270994	1.564818	0.250000	-0.053799	-0.005380
0.197300	0.605411	0.270994	1.564818	0.250000	-0.053799	-0.005380
0.208036	0.605411	0.270994	1.564818	0.250000	-0.053799	-0.005380
0.217762	0.605411	0.270994	1.564818	0.250000	-0.053799	-0.005380
0.227631	0.604987	0.273634	1.555933	0.250000	-0.029832	-0.004576
0.237341	0.604987	0.273634	1.555933	0.250000	-0.029832	-0.004576
0.247953	0.604987	0.273634	1.555933	0.250000	-0.029832	-0.004576
0.257418	0.604987	0.273634	1.555933	0.250000	-0.029832	-0.004576
0.267613	0.604987	0.273634	1.555933	0.250000	-0.029832	-0.004576
0.277790	0.604458	0.280136	1.550822	0.250000	-0.003987	-0.004278
0.288090	0.604458	0.280136	1.550822	0.250000	-0.003987	-0.004278
0.297432	0.604458	0.280136	1.550822	0.250000	-0.003987	-0.004278
0.307610	0.604458	0.280136	1.550822	0.250000	-0.003987	-0.004278
0.317419	0.604458	0.280136	1.550822	0.250000	-0.003987	-0.004278
0.328111	0.604458	0.280136	1.550822	0.250000	-0.003987	-0.004278
0.337824	0.604458	0.280136	1.550822	0.250000	-0.003987	-0.004278
0.347591	0.604458	0.280136	1.550822	0.250000	-0.003987	-0.004278
0.358337	0.604151	0.289480	1.551056	0.250000	0.020472	-0.004279
0.367367	0.604151	0.289480	1.551056	0.250000	0.020472	-0.004279
0.377313	0.604151	0.289480	1.551056	0.250000	0.020472	-0.004279
0.387823	0.604151	0.289480	1.551056	0.250000	0.020472	-0.004279
0.399308	0.604394	0.302268	1.546904	0.250000	0.086599	-0.002528
0.408110	0.604394	0.302268	1.546904	0.250000	0.086599	-0.002528
0.417905	0.604394	0.302268	1.546904	0.250000	0.086599	-0.002528
0.427747	0.604394	0.302268	1.546904	0.250000	0.086599	-0.002528
0.437363	0.604394	0.302268	1.546904	0.250000	0.086599	-0.002528
0.447308	0.604394	0.302268	1.546904	0.250000	0.086599	-0.002528
0.457316	0.604299	0.313508	1.546197	0.250000	0.151132	-0.001014
0.467755	0.604299	0.313508	1.546197	0.250000	0.151132	-0.001014
0.477353	0.604299	0.313508	1.546197	0.250000	0.151132	-0.001014
0.488132	0.604299	0.313508	1.546197	0.250000	0.151132	-0.001014
0.497479	0.604299	0.313508	1.546197	0.250000	0.151132	-0.001014
0.507834	0.604813	0.323609	1.527704	0.250000	0.253891	0.003279
0.517413	0.604813	0.323609	1.527704	0.250000	0.253891	0.003279
0.528111	0.605314	0.334159	1.524407	0.250000	0.333218	0.006214
0.537389	0.605314	0.334159	1.524407	0.250000	0.333218	0.006214
0.547358	0.605314	0.334159	1.524407	0.250000	0.333218	0.006214
0.557337	0.605314	0.334159	1.524407	0.250000	0.333218	0.006214
0.567359	0.605314	0.334159	1.524407	0.250000	0.333218	0.006214
0.577343	0.605314	0.334159	1.524407	0.250000	0.333218	0.006214
0.587719	0.605314	0.334159	1.524407	0.250000	0.333218	0.006214
0.597474	0.605501	0.344911	1.520751	0.250000	0.413327	0.009263
0.608235	0.605501	0.344911	1.520751	0.250000	0.413327	0.009263
0.617311	0.605501	0.344911	1.520751	0.250000	0.413327	0.009263
0.627737	0.605501	0.344911	1.520751	0.250000	0.413327	0.009263
0.637448	0.606615	0.357893	1.535881	0.250000	0.473773	0.011685
0.648217	0.606615	0.357893	1.535881	0.250000	0.473773	0.011685
0.657909	0.606615	0.357893	1.535881	0.250000	0.473773	0.011685
0.667816	0.606615	0.357893	1.535881	0.250000	0.473773	0.011685
0.677540	0.607245	0.368254	1.544225	0.250000	0.519337	0.013687
0.688282	0.607245	0.368254	1.544225	0.250000	0.519337	0.013687
0.700068	0.607452	0.378880	1.550340	0.250000	0.583873	0.016594
0.707762	0.607452	0.378880	1.550340	0.250000	0.583873	0.016594
0.717517	0.607452	0.378880	1.550340	0.250000	0.583873	0.016594
0.728203	0.606861	0.386864	1.547862	0.250000	0.630391	0.018557
0.737657	0.606861	0.386864	1.547862	0.250000	0.630391	0.018557
0.747740	0.606861	0.386864	1.547862	0.250000	0.630391	0.018557
0.757481	0.606861	0.386864	1.547862	0.250000	0.630391	0.018557
0.768250	0.606861	0.386864	1.547862	0.250000	0.630391	0.018557
0.777922	0.606861	0.386864	1.547862	0.250000	0.630391	0.018557
0.787771	0.606861	0.386864	1.547862	0.250000	0.630391	0.018557
0.797356	0.606861	0.386864	1.547862	0.250000	0.630391	0.018557
0.807271	0.606861	0.386864	1.547862	0.250000	0.630391	0.018557
0.818034	0.605171	0.394303	1.556483	0.250000	0.654635	0.018997
0.827860	0.605171	0.394303	1.556483	0.250000	0.654635	0.018997
0.837562	0.605171	0.394303	1.556483	0.250000	0.654635	0.018997
0.847307	0.605208	0.403548	1.575380	0.250000	0.674678	0.020058
0.858187	0.605208	0.403548	1.575380	0.250000	0.674678	0.020058
0.867887	0.605208	0.403548	1.575380	0.250000	0.674678	0.020058
0.877596	0.605208	0.403548	1.575380	0.250000	0.674678	0.020058
0.887792	0.605208	0.403548	1.575380	0.250000	0.674678	0.020058
0.898217	0.605208	0.403548	1.575380	0.250000	0.674678	0.020058
0.907827	0.605208	0.403548	1.575380	0.250000	0.674678	0.020058
0.917562	0.605208	0.403548	1.575380	0.250000	0.674678	0.020058
0.927365	0.603436	0.414631	1.605825	0.250000	0.681516	0.019957
0.937347	0.603436	0.414631	1.605825	0.250000	0.681516	0.019957
0.947846	0.603436	0.414631	1.605825	0.250000	0.681516	0.019957
0.957584	0.603436	0.414631	1.605825	0.250000	0.681516	0.019957
0.967415	0.603436	0.414631	1.605825	0.250000	0.681516	0.019957
0.978121	0.603436	0.414631	1.605825	0.250000	0.681516	0.019957
0.991766	0.603164	0.427577	1.668502	0.250000	0.645895	0.018657
0.997540	0.603164	0.427577	1.668502	0.250000	0.645895	0.018657
1.007356	0.603164	0.427577	1.668502	0.250000	0.645895	0.018657
1.017353	0.603164	0.427577	1.668502	0.250000	0.645895	0.018657
1.027840	0.603164	0.427577	1.668502	0.250000	0.645895	0.018657
1.037359	0.603164	0.427577	1.668502	0.250000	0.645895	0.018657
1.047453	0.603164	0.427577	1.668502	0.250000	0.645895	0.018657
1.057444	0.600185	0.441480	1.711739	0.250000	0.631567	0.017810
1.067920	0.600185	0.441480	1.711739	0.250000	0.631567	0.017810
1.077306	0.600185	0.441480	1.711739	0.250000	0.631567	0.017810
1.087530	0.600185	0.441480	1.711739	0.250000	0.631567	0.017810
1.098150	0.600185	0.441480	1.711739	0.250000	0.631567	0.017810
1.107901	0.600185	0.441480	1.711739	0.250000	0.631567	0.017810
1.117635	0.597391	0.454753	1.760334	0.250000	0.607964	0.016910
1.127557	0.597391	0.454753	1.760334	0.250000	0.607964	0.016910
1.137332	0.597391	0.454753	1.760334	0.250000	0.607964	0.016910
1.151185	0.597391	0.454753	1.760334	0.250000	0.607964	0.016910
1.157596	0.597391	0.454753	1.760334	0.250000	0.607964	0.016910
1.167439	0.597391	0.454753	1.760334	0.250000	0.607964	0.016910
1.177375	0.597391	0.454753	1.760334	0.250000	0.607964	0.016910
1.187483	0.592522	0.469627	1.784654	0.250000	0.627962	0.017974
1.197726	0.592522	0.469627	1.784654	0.250000	0.627962	0.017974
1.207523	0.592522	0.469627	1.784654	0.250000	0.627962	0.017974
1.218181	0.590474	0.479955	1.818368	0.250000	0.618924	0.018297
1.227967	0.590474	0.479955	1.818368	0.250000	0.618924	0.018297
1.237679	0.590474	0.479955	1.818368	0.250000	0.618924	0.018297
1.247432	0.590474	0.479955	1.818368	0.250000	0.618924	0.018297
1.257287	0.586365	0.490832	1.847594	0.250000	0.614614	0.018459
1.267990	0.586365	0.490832	1.847594	0.250000	0.614614	0.018459
1.277710	0.586365	0.490832	1.847594	0.250000	0.614614	0.018459
1.287404	0.586365	0.490832	1.847594	0.250000	0.614614	0.018459
1.297343	0.582069	0.498123	1.876281	0.250000	0.572224	0.016040
1.308003	0.582069	0.498123	1.876281	0.250000	0.572224	0.016040
1.317354	0.582069	0.498123	1.876281	0.250000	0.572224	0.016040
1.327482	0.577610	0.506750	1.905909	0.250000	0.543372	0.014702
1.337268	0.577610	0.506750	1.905909	0.250000	0.543372	0.014702
1.348112	0.577610	0.506750	1.905909	0.250000	0.543372	0.014702
1.357873	0.577610	0.506750	1.905909	0.250000	0.543372	0.014702
1.367478	0.577610	0.506750	1.905909	0.250000	0.543372	0.014702
1.377353	0.577610	0.506750	1.905909	0.250000	0.543372	0.014702
1.392044	0.573166	0.513372	1.948684	0.250000	0.460705	0.010282
1.397429	0.573166	0.513372	1.948684	0.250000	0.460705	0.010282
1.407541	0.573166	0.513372	1.948684	0.250000	0.460705	0.010282
1.417392	0.571792	0.520222	1.970009	0.250000	0.455834	0.010967
1.428069	0.571792	0.520222	1.970009	0.250000	0.455834	0.010967
1.437782	0.571792	0.520222	1.970009	0.250000	0.455834	0.010967
1.447547	0.571792	0.520222	1.970009	0.250000	0.455834	0.010967
1.457325	0.568432	0.525640	2.019098	0.250000	0.361436	0.006277
1.468118	0.568432	0.525640	2.019098	0.250000	0.361436	0.006277
1.477811	0.568432	0.525640	2.019098	0.250000	0.361436	0.006277
1.487706	0.568432	0.525640	2.019098	0.250000	0.361436	0.006277
1.497379	0.568432	0.525640	2.019098	0.250000	0.361436	0.006277
1.508090	0.568432	0.525640	2.019098	0.250000	0.361436	0.006277
1.517881	0.565268	0.535159	2.070511	0.250000	0.292263	0.003812
1.527611	0.565268	0.535159	2.070511	0.250000	0.292263	0.003812
1.537354	0.565268	0.535159	2.070511	0.250000	0.292263	0.003812
1.547307	0.565268	0.535159	2.070511	0.250000	0.292263	0.003812
1.557792	0.565268	0.535159	2.070511	0.250000	0.292263	0.003812
1.567697	0.565268	0.535159	2.070511	0.250000	0.292263	0.003812
1.577405	0.557689	0.545257	2.125500	0.250000	0.178400	-0.002118
1.587422	0.557689	0.545257	2.125500	0.250000	0.178400	-0.002118
1.598317	0.552213	0.556648	2.133201	0.250000	0.211596	0.000560
1.607619	0.552213	0.556648	2.133201	0.250000	0.211596	0.000560
1.617525	0.552213	0.556648	2.133201	0.250000	0.211596	0.000560
1.628141	0.552213	0.556648	2.133201	0.250000	0.211596	0.000560
1.637871	0.552213	0.556648	2.133201	0.250000	0.211596	0.000560
1.648807	0.552213	0.556648	2.133201	0.250000	0.211596	0.000560
1.657425	0.552213	0.556648	2.133201	0.250000	0.211596	0.000560
1.668160	0.552213	0.556648	2.133201	0.250000	0.211596	0.000560
1.677917	0.552213	0.556648	2.133201	0.250000	0.211596	0.000560
1.691738	0.544704	0.567493	2.137883	0.250000	0.235947	0.002244
1.698897	0.544704	0.567493	2.137883	0.250000	0.235947	0.002244
1.707297	0.544704	0.567493	2.137883	0.250000	0.235947	0.002244
1.717909	0.544704	0.567493	2.137883	0.250000	0.235947	0.002244
1.730437	0.544704	0.567493	2.137883	0.250000	0.235947	0.002244
1.737431	0.544704	0.567493	2.137883	0.250000	0.235947	0.002244
1.748193	0.544704	0.567493	2.137883	0.250000	0.235947	0.002244
1.757342	0.544704	0.567493	2.137883	0.250000	0.235947	0.002244
1.767703	0.539138	0.576778	2.154129	0.250000	0.231983	0.002769
1.777448	0.539138	0.576778	2.154129	0.250000	0.231983	0.002769
1.788219	0.539138	0.576778	2.154129	0.250000	0.231983	0.002769
1.797271	0.530792	0.589027	2.187576	0.250000	0.180742	0.000822
1.807763	0.530792	0.589027	2.187576	0.250000	0.180742	0.000822
1.817535	0.530792	0.589027	2.187576	0.250000	0.180742	0.000822
1.828188	0.530792	0.589027	2.187576	0.250000	0.180742	0.000822
1.837902	0.522198	0.598620	2.220306	0.250000	0.108839	-0.002699
1.847691	0.522198	0.598620	2.220306	0.250000	0.108839	-0.002699
1.857389	0.522198	0.598620	2.220306	0.250000	0.108839	-0.002699
1.867298	0.522198	0.598620	2.220306	0.250000	0.108839	-0.002699
1.877302	0.522198	0.598620	2.220306	0.250000	0.108839	-0.002699
1.887954	0.522198	0.598620	2.220306	0.250000	0.108839	-0.002699
1.897859	0.522198	0.598620	2.220306	0.250000	0.108839	-0.002699
1.907401	0.522198	0.598620	2.220306	0.250000	0.108839	-0.002699
1.917344	0.511468	0.609147	2.260003	0.250000	0.005185	-0.008044
1.927782	0.511468	0.609147	2.260003	0.250000	0.005185	-0.008044
1.937513	0.511468	0.609147	2.260003	0.250000	0.005185	-0.008044
1.947299	0.511468	0.609147	2.260003	0.250000	0.005185	-0.008044
1.958021	0.511468	0.609147	2.260003	0.250000	0.005185	-0.008044
1.967863	0.511468	0.609147	2.260003	0.250000	0.005185	-0.008044
1.977579	0.499314	0.618354	2.301847	0.250000	-0.132269	-0.015909
1.987343	0.499314	0.618354	2.301847	0.250000	-0.132269	-0.015909
1.997350	0.499314	0.618354	2.301847	0.250000	-0.132269	-0.015909
2.007780	0.499314	0.618354	2.301847	0.250000	-0.132269	-0.015909
2.017521	0.492852	0.626125	2.306570	0.250000	-0.137812	-0.015658
2.027305	0.492852	0.626125	2.306570	0.250000	-0.137812	-0.015658
2.038042	0.492852	0.626125	2.306570	0.250000	-0.137812	-0.015658
2.050200	0.492852	0.626125	2.306570	0.250000	-0.137812	-0.015658
2.057726	0.492852	0.626125	2.306570	0.250000	-0.137812	-0.015658
2.067398	0.492852	0.626125	2.306570	0.250000	-0.137812	-0.015658
2.077363	0.492852	0.626125	2.306570	0.250000	-0.137812	-0.015658
2.087843	0.482913	0.638721	2.294793	0.250000	-0.095631	-0.012227
2.097726	0.482913	0.638721	2.294793	0.250000	-0.095631	-0.012227
2.107401	0.482913	0.638721	2.294793	0.250000	-0.095631	-0.012227
2.118122	0.482913	0.638721	2.294793	0.250000	-0.095631	-0.012227
2.127872	0.482913	0.638721	2.294793	0.250000	-0.095631	-0.012227
2.137626	0.482913	0.638721	2.294793	0.250000	-0.095631	-0.012227
2.147421	0.482913	0.638721	2.294793	0.250000	-0.095631	-0.012227
2.158134	0.472887	0.650839	2.282060	0.250000	-0.060309	-0.009342
2.167870	0.472887	0.650839	2.282060	0.250000	-0.060309	-0.009342
2.177623	0.472887	0.650839	2.282060	0.250000	-0.060309	-0.009342
2.187335	0.472887	0.650839	2.282060	0.250000	-0.060309	-0.009342
2.198083	0.461308	0.662034	2.286615	0.250000	-0.098354	-0.010716
2.208300	0.461308	0.662034	2.286615	0.250000	-0.098354	-0.010716
2.217683	0.461308	0.662034	2.286615	0.250000	-0.098354	-0.010716
2.227525	0.461308	0.662034	2.286615	0.250000	-0.098354	-0.010716
2.238422	0.451779	0.670635	2.298917	0.250000	-0.163552	-0.013669
2.247928	0.451779	0.670635	2.298917	0.250000	-0.163552	-0.013669
2.257597	0.451779	0.670635	2.298917	0.250000	-0.163552	-0.013669
2.267458	0.444200	0.677580	2.312430	0.250000	-0.225409	-0.016628
2.277310	0.444200	0.677580	2.312430	0.250000	-0.225409	-0.016628
2.287544	0.444200	0.677580	2.312430	0.250000	-0.225409	-0.016628
2.297431	0.444200	0.677580	2.312430	0.250000	-0.225409	-0.016628
2.307482	0.444200	0.677580	2.312430	0.250000	-0.225409	-0.016628
2.317345	0.439582	0.684496	2.303421	0.250000	-0.201779	-0.014377
2.327945	0.439582	0.684496	2.303421	0.250000	-0.201779	-0.014377
2.337734	0.439582	0.684496	2.303421	0.250000	-0.201779	-0.014377
2.347487	0.439582	0.684496	2.303421	0.250000	-0.201779	-0.014377
2.358166	0.439582	0.684496	2.303421	0.250000	-0.201779	-0.014377
2.367867	0.439582	0.684496	2.303421	0.250000	-0.201779	-0.014377
2.377733	0.439582	0.684496	2.303421	0.250000	-0.201779	-0.014377
2.387545	0.435978	0.690310	2.280726	0.250000	-0.143997	-0.010336
2.398261	0.435978	0.690310	2.280726	0.250000	-0.143997	-0.010336
2.408005	0.435978	0.690310	2.280726	0.250000	-0.143997	-0.010336
2.417702	0.435978	0.690310	2.280726	0.250000	-0.143997	-0.010336
2.427501	0.435978	0.690310	2.280726	0.250000	-0.143997	-0.010336
2.438260	0.435978	0.690310	2.280726	0.250000	-0.143997	-0.010336
2.448137	0.426782	0.700206	2.254122	0.250000	-0.113491	-0.007694
2.457752	0.426782	0.700206	2.254122	0.250000	-0.113491	-0.007694
2.467507	0.426782	0.700206	2.254122	0.250000	-0.113491	-0.007694
2.477358	0.426782	0.700206	2.254122	0.250000	-0.113491	-0.007694
2.488055	0.426782	0.700206	2.254122	0.250000	-0.113491	-0.007694
2.497775	0.426782	0.700206	2.254122	0.250000	-0.113491	-0.007694
2.507571	0.426782	0.700206	2.254122	0.250000	-0.113491	-0.007694
2.518228	0.426782	0.700206	2.254122	0.250000	-0.113491	-0.007694
2.528024	0.413941	0.714101	2.227403	0.250000	-0.109147	-0.006005
2.537769	0.413941	0.714101	2.227403	0.250000	-0.109147	-0.006005
2.547656	0.413941	0.714101	2.227403	0.250000	-0.109147	-0.006005
2.557389	0.413941	0.714101	2.227403	0.250000	-0.109147	-0.006005
2.568182	0.404125	0.727080	2.213235	0.250000	-0.124230	-0.004848
2.577922	0.404125	0.727080	2.213235	0.250000	-0.124230	-0.004848
2.587559	0.404125	0.727080	2.213235	0.250000	-0.124230	-0.004848
2.597434	0.404125	0.727080	2.213235	0.250000	-0.124230	-0.004848
2.608070	0.404125	0.727080	2.213235	0.250000	-0.124230	-0.004848
2.617900	0.404125	0.727080	2.213235	0.250000	-0.124230	-0.004848
2.627740	0.404125	0.727080	2.213235	0.250000	-0.124230	-0.004848
2.637382	0.404125	0.727080	2.213235	0.250000	-0.124230	-0.004848
2.648032	0.393078	0.742262	2.189470	0.250000	-0.145499	-0.003276
2.657872	0.393078	0.742262	2.189470	0.250000	-0.145499	-0.003276
2.667672	0.393078	0.742262	2.189470	0.250000	-0.145499	-0.003276
2.677405	0.393078	0.742262	2.189470	0.250000	-0.145499	-0.003276
2.687410	0.393078	0.742262	2.189470	0.250000	-0.145499	-0.003276
2.700540	0.393078	0.742262	2.189470	0.250000	-0.145499	-0.003276
2.708788	0.393078	0.742262	2.189470	0.250000	-0.145499	-0.003276
2.717574	0.393078	0.742262	2.189470	0.250000	-0.145499	-0.003276
2.729862	0.379390	0.757631	2.178468	0.250000	-0.250366	-0.006798
2.739233	0.379390	0.757631	2.178468	0.250000	-0.250366	-0.006798
2.747650	0.379390	0.757631	2.178468	0.250000	-0.250366	-0.006798
2.757430	0.379390	0.757631	2.178468	0.250000	-0.250366	-0.006798
2.767381	0.379390	0.757631	2.178468	0.250000	-0.250366	-0.006798
2.777899	0.379390	0.757631	2.178468	0.250000	-0.250366	-0.006798
2.787691	0.379390	0.757631	2.178468	0.250000	-0.250366	-0.006798
2.797469	0.379390	0.757631	2.178468	0.250000	-0.250366	-0.006798
2.807393	0.368085	0.772223	2.158449	0.250000	-0.325327	-0.008571
2.817962	0.368085	0.772223	2.158449	0.250000	-0.325327	-0.008571
2.827686	0.368085	0.772223	2.158449	0.250000	-0.325327	-0.008571
2.837404	0.368085	0.772223	2.158449	0.250000	-0.325327	-0.008571
2.848207	0.368085	0.772223	2.158449	0.250000	-0.325327	-0.008571
2.857931	0.368085	0.772223	2.158449	0.250000	-0.325327	-0.008571
2.867543	0.357738	0.785502	2.147035	0.250000	-0.426825	-0.012138
2.877483	0.357738	0.785502	2.147035	0.250000	-0.426825	-0.012138
2.887371	0.357738	0.785502	2.147035	0.250000	-0.426825	-0.012138
2.898075	0.357738	0.785502	2.147035	0.250000	-0.426825	-0.012138
2.907690	0.354856	0.794056	2.129988	0.250000	-0.448551	-0.010867
2.917461	0.354856	0.794056	2.129988	0.250000	-0.448551	-0.010867
2.927713	0.344377	0.806158	2.124645	0.250000	-0.583269	-0.017086
2.937952	0.344377	0.806158	2.124645	0.250000	-0.583269	-0.017086
2.947683	0.344377	0.806158	2.124645	0.250000	-0.583269	-0.017086
2.957430	0.344377	0.806158	2.124645	0.250000	-0.583269	-0.017086
2.968161	0.344377	0.806158	2.124645	0.250000	-0.583269	-0.017086
2.977362	0.344707	0.810586	2.108247	0.250000	-0.553987	-0.013981
2.987828	0.344707	0.810586	2.108247	0.250000	-0.553987	-0.013981
2.997451	0.344707	0.810586	2.108247	0.250000	-0.553987	-0.013981
3.008194	0.344707	0.810586	2.108247	0.250000	-0.553987	-0.013981
3.017958	0.340840	0.818799	2.098175	0.250000	-0.605813	-0.015259
3.027708	0.340840	0.818799	2.098175	0.250000	-0.605813	-0.015259
3.037464	0.340840	0.818799	2.098175	0.250000	-0.605813	-0.015259
3.047328	0.340840	0.818799	2.098175	0.250000	-0.605813	-0.015259
3.058717	0.340840	0.818799	2.098175	0.250000	-0.605813	-0.015259
3.067832	0.340840	0.818799	2.098175	0.250000	-0.605813	-0.015259
3.077459	0.340840	0.818799	2.098175	0.250000	-0.605813	-0.015259
3.088465	0.340840	0.818799	2.098175	0.250000	-0.605813	-0.015259
3.097998	0.333022	0.832405	2.070244	0.250000	-0.675580	-0.017486
3.107767	0.333022	0.832405	2.070244	0.250000	-0.675580	-0.017486
3.117549	0.333022	0.832405	2.070244	0.250000	-0.675580	-0.017486
3.127305	0.333022	0.832405	2.070244	0.250000	-0.675580	-0.017486
3.138014	0.333022	0.832405	2.070244	0.250000	-0.675580	-0.017486
3.147791	0.327511	0.841983	2.051005	0.250000	-0.753181	-0.020658
3.157489	0.327511	0.841983	2.051005	0.250000	-0.753181	-0.020658
3.167346	0.327511	0.841983	2.051005	0.250000	-0.753181	-0.020658
3.177361	0.327511	0.841983	2.051005	0.250000	-0.753181	-0.020658
3.187312	0.327511	0.841983	2.051005	0.250000	-0.753181	-0.020658
3.197418	0.327511	0.841983	2.051005	0.250000	-0.753181	-0.020658
3.210375	0.321053	0.854309	2.021039	0.250000	-0.808940	-0.022884
3.217310	0.321053	0.854309	2.021039	0.250000	-0.808940	-0.022884
3.227792	0.321053	0.854309	2.021039	0.250000	-0.808940	-0.022884
3.237583	0.321053	0.854309	2.021039	0.250000	-0.808940	-0.022884
3.247326	0.321053	0.854309	2.021039	0.250000	-0.808940	-0.022884
3.258058	0.321053	0.854309	2.021039	0.250000	-0.808940	-0.022884
3.267304	0.321053	0.854309	2.021039	0.250000	-0.808940	-0.022884
3.277587	0.321053	0.854309	2.021039	0.250000	-0.808940	-0.022884
3.287331	0.323680	0.856458	1.994243	0.250000	-0.758317	-0.018635
3.297391	0.323680	0.856458	1.994243	0.250000	-0.758317	-0.018635
3.307863	0.323680	0.856458	1.994243	0.250000	-0.758317	-0.018635
3.317442	0.323680	0.856458	1.994243	0.250000	-0.758317	-0.018635
3.327394	0.323680	0.856458	1.994243	0.250000	-0.758317	-0.018635
3.337355	0.323680	0.856458	1.994243	0.250000	-0.758317	-0.018635
3.347336	0.320401	0.863958	1.962614	0.250000	-0.759075	-0.018317
3.357340	0.320401	0.863958	1.962614	0.250000	-0.759075	-0.018317
3.367361	0.320401	0.863958	1.962614	0.250000	-0.759075	-0.018317
3.377408	0.320401	0.863958	1.962614	0.250000	-0.759075	-0.018317
3.387917	0.320401	0.863958	1.962614	0.250000	-0.759075	-0.018317
3.397630	0.320401	0.863958	1.962614	0.250000	-0.759075	-0.018317
3.407402	0.315946	0.873540	1.925861	0.250000	-0.808319	-0.020677
3.418162	0.315946	0.873540	1.925861	0.250000	-0.808319	-0.020677
3.428016	0.315946	0.873540	1.925861	0.250000	-0.808319	-0.020677
3.437664	0.315946	0.873540	1.925861	0.250000	-0.808319	-0.020677
3.447420	0.315946	0.873540	1.925861	0.250000	-0.808319	-0.020677
3.458003	0.310424	0.898980	1.891357	0.250000	-0.935037	-0.025964
3.467963	0.310424	0.898980	1.891357	0.250000	-0.935037	-0.025964
3.477728	0.310424	0.898980	1.891357	0.250000	-0.935037	-0.025964
3.487498	0.310424	0.898980	1.891357	0.250000	-0.935037	-0.025964
3.497374	0.310424	0.898980	1.891357	0.250000	-0.935037	-0.025964
3.507947	0.310424	0.898980	1.891357	0.250000	-0.935037	-0.025964
3.519558	0.310424	0.898980	1.891357	0.250000	-0.935037	-0.025964
3.527441	0.293651	0.934769	1.849041	0.250000	-1.175796	-0.043338
3.537346	0.293651	0.934769	1.849041	0.250000	-1.175796	-0.043338
3.547944	0.293651	0.934769	1.849041	0.250000	-1.175796	-0.043338
3.557737	0.291413	0.943095	1.823262	0.250000	-1.179184	-0.044322
