t	x(t)	y(t)	theta(t)	v(t)	gamma(t)	efa
0.001818	0.525226	0.207477	1.638422	0.250000	-0.278453	-0.032321
0.005809	0.525226	0.207477	1.638422	0.250000	-0.278453	-0.032321
0.014676	0.525226	0.207477	1.638422	0.250000	-0.278453	-0.032321
0.022389	0.525226	0.207477	1.638422	0.250000	-0.278453	-0.032321
0.032333	0.525226	0.207477	1.638422	0.250000	-0.278453	-0.032321
0.042180	0.525226	0.207477	1.638422	0.250000	-0.278453	-0.032321
0.052806	0.525226	0.207477	1.638422	0.250000	-0.278453	-0.032321
0.062583	0.525226	0.207477	1.638422	0.250000	-0.278453	-0.032321
0.072315	0.525226	0.207477	1.638422	0.250000	-0.278453	-0.032321
0.082223	0.525226	0.207477	1.638422	0.250000	-0.278453	-0.032321
0.092269	0.525190	0.206429	1.642549	0.250000	-0.289731	-0.033009
0.103624	0.525190	0.206429	1.642549	0.250000	-0.289731	-0.033009
0.112404	0.525190	0.206429	1.642549	0.250000	-0.289731	-0.033009
0.122295	0.525154	0.205380	1.646675	0.250000	-0.302398	-0.033835
0.132925	0.525154	0.205380	1.646675	0.250000	-0.302398	-0.033835
0.142376	0.525154	0.205380	1.646675	0.250000	-0.302398	-0.033835
0.152452	0.525154	0.205380	1.646675	0.250000	-0.302398	-0.033835
0.163166	0.525154	0.205380	1.646675	0.250000	-0.302398	-0.033835
0.172254	0.525281	0.206701	1.641673	0.250000	-0.286430	-0.032775
0.182587	0.525281	0.206701	1.641673	0.250000	-0.286430	-0.032775
0.192408	0.525281	0.206701	1.641673	0.250000	-0.286430	-0.032775
0.203134	0.525281	0.206701	1.641673	0.250000	-0.286430	-0.032775
0.212853	0.525281	0.206701	1.641673	0.250000	-0.286430	-0.032775
0.222641	0.525320	0.208845	1.640697	0.250000	-0.280963	-0.032310
0.232347	0.525320	0.208845	1.640697	0.250000	-0.280963	-0.032310
0.242281	0.525320	0.208845	1.640697	0.250000	-0.280963	-0.032310
0.252299	0.525320	0.208845	1.640697	0.250000	-0.280963	-0.032310
0.262299	0.525320	0.208845	1.640697	0.250000	-0.280963	-0.032310
0.272365	0.525952	0.212826	1.636669	0.250000	-0.259610	-0.030565
0.282416	0.525952	0.212826	1.636669	0.250000	-0.259610	-0.030565
0.292328	0.525952	0.212826	1.636669	0.250000	-0.259610	-0.030565
0.302742	0.525952	0.212826	1.636669	0.250000	-0.259610	-0.030565
0.312447	0.525952	0.212826	1.636669	0.250000	-0.259610	-0.030565
0.322239	0.525952	0.212826	1.636669	0.250000	-0.259610	-0.030565
0.332951	0.525952	0.212826	1.636669	0.250000	-0.259610	-0.030565
0.342743	0.525261	0.222477	1.624475	0.250000	-0.226314	-0.028085
0.352328	0.525261	0.222477	1.624475	0.250000	-0.226314	-0.028085
0.362205	0.525261	0.222477	1.624475	0.250000	-0.226314	-0.028085
0.372269	0.525261	0.222477	1.624475	0.250000	-0.226314	-0.028085
0.382680	0.525261	0.222477	1.624475	0.250000	-0.226314	-0.028085
0.392849	0.525261	0.222477	1.624475	0.250000	-0.226314	-0.028085
0.402366	0.525261	0.222477	1.624475	0.250000	-0.226314	-0.028085
0.414988	0.524886	0.236810	1.599825	0.250000	-0.160488	-0.022975
0.422246	0.524886	0.236810	1.599825	0.250000	-0.160488	-0.022975
0.432531	0.524886	0.236810	1.599825	0.250000	-0.160488	-0.022975
0.442314	0.524886	0.236810	1.599825	0.250000	-0.160488	-0.022975
0.452713	0.524886	0.236810	1.599825	0.250000	-0.160488	-0.022975
0.462743	0.524886	0.236810	1.599825	0.250000	-0.160488	-0.022975
0.472513	0.524886	0.236810	1.599825	0.250000	-0.160488	-0.022975
0.482343	0.524863	0.251414	1.566066	0.250000	-0.076892	-0.016531
0.493024	0.524863	0.251414	1.566066	0.250000	-0.076892	-0.016531
0.502764	0.524863	0.251414	1.566066	0.250000	-0.076892	-0.016531
0.512459	0.524863	0.251414	1.566066	0.250000	-0.076892	-0.016531
0.522232	0.524863	0.251414	1.566066	0.250000	-0.076892	-0.016531
0.533003	0.524863	0.251414	1.566066	0.250000	-0.076892	-0.016531
0.542747	0.524863	0.251414	1.566066	0.250000	-0.076892	-0.016531
0.553127	0.525592	0.265889	1.538745	0.250000	-0.013373	-0.010667
0.562277	0.525592	0.265889	1.538745	0.250000	-0.013373	-0.010667
0.572452	0.525592	0.265889	1.538745	0.250000	-0.013373	-0.010667
0.582270	0.525592	0.265889	1.538745	0.250000	-0.013373	-0.010667
0.592278	0.527386	0.279026	1.507913	0.250000	0.061295	-0.003897
0.602376	0.527386	0.279026	1.507913	0.250000	0.061295	-0.003897
0.613042	0.527386	0.279026	1.507913	0.250000	0.061295	-0.003897
0.622768	0.527386	0.279026	1.507913	0.250000	0.061295	-0.003897
0.632535	0.527268	0.294945	1.488808	0.250000	0.055207	-0.001217
0.642317	0.527268	0.294945	1.488808	0.250000	0.055207	-0.001217
0.652346	0.527268	0.294945	1.488808	0.250000	0.055207	-0.001217
0.662816	0.527268	0.294945	1.488808	0.250000	0.055207	-0.001217
0.673071	0.527268	0.294945	1.488808	0.250000	0.055207	-0.001217
0.682359	0.527268	0.294945	1.488808	0.250000	0.055207	-0.001217
0.693067	0.528544	0.307924	1.472723	0.250000	0.043265	0.001702
0.702843	0.528544	0.307924	1.472723	0.250000	0.043265	0.001702
0.712596	0.528544	0.307924	1.472723	0.250000	0.043265	0.001702
0.725178	0.528544	0.307924	1.472723	0.250000	0.043265	0.001702
0.732238	0.528544	0.307924	1.472723	0.250000	0.043265	0.001702
0.742307	0.528544	0.307924	1.472723	0.250000	0.043265	0.001702
0.752302	0.528544	0.307924	1.472723	0.250000	0.043265	0.001702
0.762321	0.528418	0.320123	1.462085	0.250000	-0.020800	0.001673
0.772332	0.528418	0.320123	1.462085	0.250000	-0.020800	0.001673
0.782368	0.528418	0.320123	1.462085	0.250000	-0.020800	0.001673
0.792609	0.529099	0.329885	1.452093	0.250000	-0.073236	0.001939
0.802382	0.529099	0.329885	1.452093	0.250000	-0.073236	0.001939
0.813101	0.529099	0.329885	1.452093	0.250000	-0.073236	0.001939
0.822226	0.529099	0.329885	1.452093	0.250000	-0.073236	0.001939
0.832354	0.529799	0.340047	1.450694	0.250000	-0.163323	0.000323
0.842461	0.529799	0.340047	1.450694	0.250000	-0.163323	0.000323
0.852274	0.529799	0.340047	1.450694	0.250000	-0.163323	0.000323
0.862257	0.531207	0.348551	1.461081	0.250000	-0.272835	-0.002402
0.872194	0.531207	0.348551	1.461081	0.250000	-0.272835	-0.002402
0.882443	0.531207	0.348551	1.461081	0.250000	-0.272835	-0.002402
0.892253	0.531207	0.348551	1.461081	0.250000	-0.272835	-0.002402
0.902294	0.531207	0.348551	1.461081	0.250000	-0.272835	-0.002402
0.912227	0.533057	0.358259	1.465264	0.250000	-0.372578	-0.004533
0.922425	0.533057	0.358259	1.465264	0.250000	-0.372578	-0.004533
0.933138	0.533057	0.358259	1.465264	0.250000	-0.372578	-0.004533
0.942271	0.533057	0.358259	1.465264	0.250000	-0.372578	-0.004533
0.952669	0.533057	0.358259	1.465264	0.250000	-0.372578	-0.004533
0.962433	0.533057	0.358259	1.465264	0.250000	-0.372578	-0.004533
0.972285	0.534340	0.367758	1.468299	0.250000	-0.485255	-0.007647
0.982365	0.534340	0.367758	1.468299	0.250000	-0.485255	-0.007647
0.992217	0.534340	0.367758	1.468299	0.250000	-0.485255	-0.007647
1.002469	0.534340	0.367758	1.468299	0.250000	-0.485255	-0.007647
1.012244	0.534852	0.378044	1.466230	0.250000	-0.597604	-0.011544
1.022466	0.534852	0.378044	1.466230	0.250000	-0.597604	-0.011544
1.032263	0.534852	0.378044	1.466230	0.250000	-0.597604	-0.011544
1.043544	0.534852	0.378044	1.466230	0.250000	-0.597604	-0.011544
1.052250	0.534852	0.378044	1.466230	0.250000	-0.597604	-0.011544
1.062346	0.534852	0.378044	1.466230	0.250000	-0.597604	-0.011544
1.072243	0.534852	0.378044	1.466230	0.250000	-0.597604	-0.011544
1.082306	0.535396	0.390206	1.462505	0.250000	-0.726192	-0.016725
1.092272	0.535396	0.390206	1.462505	0.250000	-0.726192	-0.016725
1.103084	0.535396	0.390206	1.462505	0.250000	-0.726192	-0.016725
1.112265	0.536515	0.399859	1.448853	0.250000	-0.783983	-0.018883
1.123019	0.536515	0.399859	1.448853	0.250000	-0.783983	-0.018883
1.132388	0.536515	0.399859	1.448853	0.250000	-0.783983	-0.018883
1.142303	0.536515	0.399859	1.448853	0.250000	-0.783983	-0.018883
1.153204	0.536515	0.399859	1.448853	0.250000	-0.783983	-0.018883
1.162890	0.537948	0.409504	1.430989	0.250000	-0.847044	-0.021486
1.172352	0.537948	0.409504	1.430989	0.250000	-0.847044	-0.021486
1.182305	0.537948	0.409504	1.430989	0.250000	-0.847044	-0.021486
1.192776	0.537948	0.409504	1.430989	0.250000	-0.847044	-0.021486
1.202543	0.537948	0.409504	1.430989	0.250000	-0.847044	-0.021486
1.212358	0.537948	0.409504	1.430989	0.250000	-0.847044	-0.021486
1.222565	0.537948	0.409504	1.430989	0.250000	-0.847044	-0.021486
1.232809	0.539768	0.420803	1.400540	0.250000	-0.880041	-0.022959
1.242527	0.539768	0.420803	1.400540	0.250000	-0.880041	-0.022959
1.252316	0.539768	0.420803	1.400540	0.250000	-0.880041	-0.022959
1.263032	0.543555	0.431540	1.372487	0.250000	-0.915607	-0.024196
1.273205	0.543555	0.431540	1.372487	0.250000	-0.915607	-0.024196
1.282576	0.543555	0.431540	1.372487	0.250000	-0.915607	-0.024196
1.292894	0.543555	0.431540	1.372487	0.250000	-0.915607	-0.024196
1.303102	0.545909	0.443737	1.344969	0.250000	-0.972910	-0.027805
1.312807	0.545909	0.443737	1.344969	0.250000	-0.972910	-0.027805
1.322576	0.548631	0.450610	1.334958	0.250000	-1.004417	-0.029420
1.332361	0.548631	0.450610	1.334958	0.250000	-1.004417	-0.029420
1.343101	0.548631	0.450610	1.334958	0.250000	-1.004417	-0.029420
1.352270	0.548631	0.450610	1.334958	0.250000	-1.004417	-0.029420
1.362641	0.548796	0.458777	1.317875	0.250000	-1.050262	-0.033209
1.372392	0.548796	0.458777	1.317875	0.250000	-1.050262	-0.033209
1.382739	0.548796	0.458777	1.317875	0.250000	-1.050262	-0.033209
1.392826	0.548796	0.458777	1.317875	0.250000	-1.050262	-0.033209
1.402613	0.548796	0.458777	1.317875	0.250000	-1.050262	-0.033209
1.412310	0.552792	0.464496	1.307686	0.250000	-1.066303	-0.033608
1.423089	0.552792	0.464496	1.307686	0.250000	-1.066303	-0.033608
1.432859	0.552792	0.464496	1.307686	0.250000	-1.066303	-0.033608
1.442612	0.552792	0.464496	1.307686	0.250000	-1.066303	-0.033608
1.452361	0.555919	0.473346	1.285434	0.250000	-1.090106	-0.035524
1.463109	0.555919	0.473346	1.285434	0.250000	-1.090106	-0.035524
1.472270	0.555919	0.473346	1.285434	0.250000	-1.090106	-0.035524
1.482274	0.555919	0.473346	1.285434	0.250000	-1.090106	-0.035524
1.493304	0.555919	0.473346	1.285434	0.250000	-1.090106	-0.035524
1.503188	0.555919	0.473346	1.285434	0.250000	-1.090106	-0.035524
1.512935	0.555919	0.473346	1.285434	0.250000	-1.090106	-0.035524
1.522251	0.555919	0.473346	1.285434	0.250000	-1.090106	-0.035524
1.532321	0.560633	0.484204	1.260096	0.250000	-1.129180	-0.038443
1.543164	0.560633	0.484204	1.260096	0.250000	-1.129180	-0.038443
1.552865	0.560633	0.484204	1.260096	0.250000	-1.129180	-0.038443
1.562654	0.563305	0.495873	1.228849	0.250000	-1.164355	-0.042314
1.572417	0.563305	0.495873	1.228849	0.250000	-1.164355	-0.042314
1.583278	0.563305	0.495873	1.228849	0.250000	-1.164355	-0.042314
1.593624	0.566429	0.504841	1.197632	0.250000	-1.187707	-0.045145
1.602295	0.566429	0.504841	1.197632	0.250000	-1.187707	-0.045145
1.612484	0.566429	0.504841	1.197632	0.250000	-1.187707	-0.045145
1.622258	0.570455	0.510037	1.174739	0.250000	-1.193399	-0.045761
1.632944	0.570455	0.510037	1.174739	0.250000	-1.193399	-0.045761
1.642759	0.570455	0.510037	1.174739	0.250000	-1.193399	-0.045761
1.652477	0.570455	0.510037	1.174739	0.250000	-1.193399	-0.045761
1.662305	0.570455	0.510037	1.174739	0.250000	-1.193399	-0.045761
1.672351	0.570455	0.510037	1.174739	0.250000	-1.193399	-0.045761
1.682261	0.570455	0.510037	1.174739	0.250000	-1.193399	-0.045761
1.692204	0.577425	0.518957	1.163042	0.250000	-1.222416	-0.047223
1.702256	0.577425	0.518957	1.163042	0.250000	-1.222416	-0.047223
1.712939	0.577425	0.518957	1.163042	0.250000	-1.222416	-0.047223
1.722354	0.577425	0.518957	1.163042	0.250000	-1.222416	-0.047223
1.732372	0.577425	0.518957	1.163042	0.250000	-1.222416	-0.047223
1.742308	0.577425	0.518957	1.163042	0.250000	-1.222416	-0.047223
1.752418	0.581610	0.527017	1.137629	0.250000	-1.246600	-0.049678
1.762691	0.581610	0.527017	1.137629	0.250000	-1.246600	-0.049678
1.772564	0.581610	0.527017	1.137629	0.250000	-1.246600	-0.049678
1.782385	0.581610	0.527017	1.137629	0.250000	-1.246600	-0.049678
1.792341	0.581610	0.527017	1.137629	0.250000	-1.246600	-0.049678
1.802429	0.581610	0.527017	1.137629	0.250000	-1.246600	-0.049678
1.812646	0.581610	0.527017	1.137629	0.250000	-1.246600	-0.049678
1.822296	0.585297	0.538325	1.112051	0.250000	-1.287446	-0.054082
1.833050	0.585297	0.538325	1.112051	0.250000	-1.287446	-0.054082
1.842251	0.585297	0.538325	1.112051	0.250000	-1.287446	-0.054082
1.852369	0.585297	0.538325	1.112051	0.250000	-1.287446	-0.054082
1.862370	0.585297	0.538325	1.112051	0.250000	-1.287446	-0.054082
1.872359	0.585297	0.538325	1.112051	0.250000	-1.287446	-0.054082
1.882333	0.585297	0.538325	1.112051	0.250000	-1.287446	-0.054082
1.892666	0.588402	0.547870	1.065181	0.250000	-1.290400	-0.056494
1.902428	0.588402	0.547870	1.065181	0.250000	-1.290400	-0.056494
1.913101	0.588402	0.547870	1.065181	0.250000	-1.290400	-0.056494
1.922877	0.594986	0.559491	1.029456	0.250000	-1.334849	-0.060372
1.932674	0.594986	0.559491	1.029456	0.250000	-1.334849	-0.060372
1.942422	0.594986	0.559491	1.029456	0.250000	-1.334849	-0.060372
1.952294	0.594986	0.559491	1.029456	0.250000	-1.334849	-0.060372
1.962897	0.594986	0.559491	1.029456	0.250000	-1.334849	-0.060372
1.972659	0.594986	0.559491	1.029456	0.250000	-1.334849	-0.060372
1.982393	0.594986	0.559491	1.029456	0.250000	-1.334849	-0.060372
1.992314	0.600467	0.569379	0.993428	0.250000	-1.362438	-0.062896
2.002441	0.600467	0.569379	0.993428	0.250000	-1.362438	-0.062896
2.012680	0.600467	0.569379	0.993428	0.250000	-1.362438	-0.062896
2.027306	0.600467	0.569379	0.993428	0.250000	-1.362438	-0.062896
2.032234	0.600467	0.569379	0.993428	0.250000	-1.362438	-0.062896
2.042299	0.600467	0.569379	0.993428	0.250000	-1.362438	-0.062896
2.052631	0.600467	0.569379	0.993428	0.250000	-1.362438	-0.062896
2.062452	0.608619	0.580384	0.958319	0.250000	-1.401190	-0.064702
2.073213	0.608619	0.580384	0.958319	0.250000	-1.401190	-0.064702
2.082920	0.617541	0.590145	0.933815	0.250000	-1.463831	-0.066022
2.092698	0.617541	0.590145	0.933815	0.250000	-1.463831	-0.066022
2.102566	0.617541	0.590145	0.933815	0.250000	-1.463831	-0.066022
2.113172	0.617541	0.590145	0.933815	0.250000	-1.463831	-0.066022
2.123163	0.617541	0.590145	0.933815	0.250000	-1.463831	-0.066022
2.132303	0.617541	0.590145	0.933815	0.250000	-1.463831	-0.066022
2.142450	0.617541	0.590145	0.933815	0.250000	-1.463831	-0.066022
2.154235	0.617541	0.590145	0.933815	0.250000	-1.463831	-0.066022
2.162297	0.617541	0.590145	0.933815	0.250000	-1.463831	-0.066022
2.172277	0.626186	0.599620	0.908682	0.250000	-1.522311	-0.066281
2.182332	0.626186	0.599620	0.908682	0.250000	-1.522311	-0.066281
2.192179	0.626186	0.599620	0.908682	0.250000	-1.522311	-0.066281
2.202974	0.626186	0.599620	0.908682	0.250000	-1.522311	-0.066281
2.213488	0.631239	0.605922	0.878606	0.250000	-1.544335	-0.065876
2.222561	0.631239	0.605922	0.878606	0.250000	-1.544335	-0.065876
2.232368	0.631239	0.605922	0.878606	0.250000	-1.544335	-0.065876
2.243003	0.631239	0.605922	0.878606	0.250000	-1.544335	-0.065876
2.252723	0.639151	0.614113	0.836588	0.250000	-1.592443	-0.064647
2.262475	0.639151	0.614113	0.836588	0.250000	-1.592443	-0.064647
2.272303	0.639151	0.614113	0.836588	0.250000	-1.592443	-0.064647
2.283026	0.639151	0.614113	0.836588	0.250000	-1.592443	-0.064647
2.292449	0.639151	0.614113	0.836588	0.250000	-1.592443	-0.064647
2.302549	0.639151	0.614113	0.836588	0.250000	-1.592443	-0.064647
2.312300	0.639151	0.614113	0.836588	0.250000	-1.592443	-0.064647
2.323094	0.646384	0.621611	0.795289	0.250000	-1.650105	-0.063694
2.332325	0.646384	0.621611	0.795289	0.250000	-1.650105	-0.063694
2.342674	0.646384	0.621611	0.795289	0.250000	-1.650105	-0.063694
2.352372	0.646384	0.621611	0.795289	0.250000	-1.650105	-0.063694
2.363061	0.646384	0.621611	0.795289	0.250000	-1.650105	-0.063694
2.372767	0.646384	0.621611	0.795289	0.250000	-1.650105	-0.063694
2.382618	0.656201	0.630285	0.746864	0.250000	-1.682677	-0.061889
2.392306	0.656201	0.630285	0.746864	0.250000	-1.682677	-0.061889
2.402225	0.656201	0.630285	0.746864	0.250000	-1.682677	-0.061889
2.412807	0.662339	0.636248	0.717189	0.250000	-1.708435	-0.061642
2.422569	0.662339	0.636248	0.717189	0.250000	-1.708435	-0.061642
2.432392	0.662339	0.636248	0.717189	0.250000	-1.708435	-0.061642
2.442322	0.662339	0.636248	0.717189	0.250000	-1.708435	-0.061642
2.452880	0.662339	0.636248	0.717189	0.250000	-1.708435	-0.061642
2.462631	0.662339	0.636248	0.717189	0.250000	-1.708435	-0.061642
2.472385	0.662339	0.636248	0.717189	0.250000	-1.708435	-0.061642
2.482368	0.662339	0.636248	0.717189	0.250000	-1.708435	-0.061642
2.492893	0.670961	0.643347	0.684772	0.250000	-1.737211	-0.061082
2.502626	0.670961	0.643347	0.684772	0.250000	-1.737211	-0.061082
2.512452	0.670961	0.643347	0.684772	0.250000	-1.737211	-0.061082
2.523088	0.670961	0.643347	0.684772	0.250000	-1.737211	-0.061082
2.532875	0.670961	0.643347	0.684772	0.250000	-1.737211	-0.061082
2.542563	0.670961	0.643347	0.684772	0.250000	-1.737211	-0.061082
2.552173	0.670961	0.643347	0.684772	0.250000	-1.737211	-0.061082
2.562259	0.681176	0.651372	0.664375	0.250000	-1.791320	-0.061011
2.572925	0.681176	0.651372	0.664375	0.250000	-1.791320	-0.061011
2.582651	0.681176	0.651372	0.664375	0.250000	-1.791320	-0.061011
2.592213	0.691684	0.658474	0.631261	0.250000	-1.752708	-0.060310
2.603177	0.691684	0.658474	0.631261	0.250000	-1.752708	-0.060310
2.613081	0.691684	0.658474	0.631261	0.250000	-1.752708	-0.060310
2.623307	0.700906	0.663515	0.606801	0.250000	-1.808199	-0.059555
2.633204	0.700906	0.663515	0.606801	0.250000	-1.808199	-0.059555
2.643179	0.700906	0.663515	0.606801	0.250000	-1.808199	-0.059555
2.652294	0.700906	0.663515	0.606801	0.250000	-1.808199	-0.059555
2.662657	0.700906	0.663515	0.606801	0.250000	-1.808199	-0.059555
2.672409	0.705819	0.666617	0.590403	0.250000	-1.792233	-0.059609
2.683160	0.705819	0.666617	0.590403	0.250000	-1.792233	-0.059609
2.692958	0.705819	0.666617	0.590403	0.250000	-1.792233	-0.059609
2.702727	0.705819	0.666617	0.590403	0.250000	-1.792233	-0.059609
2.712501	0.710606	0.669632	0.574186	0.250000	-1.877713	-0.060087
2.723189	0.710606	0.669632	0.574186	0.250000	-1.877713	-0.060087
2.732322	0.710606	0.669632	0.574186	0.250000	-1.877713	-0.060087
2.747601	0.717176	0.675087	0.560154	0.250000	-1.875007	-0.061533
2.752395	0.717176	0.675087	0.560154	0.250000	-1.875007	-0.061533
2.762251	0.717176	0.675087	0.560154	0.250000	-1.875007	-0.061533
2.773109	0.717176	0.675087	0.560154	0.250000	-1.875007	-0.061533
2.782724	0.717176	0.675087	0.560154	0.250000	-1.875007	-0.061533
2.793528	0.717176	0.675087	0.560154	0.250000	-1.875007	-0.061533
2.803271	0.717176	0.675087	0.560154	0.250000	-1.875007	-0.061533
2.812984	0.725180	0.679160	0.537210	0.250000	-1.852744	-0.061621
2.822757	0.725180	0.679160	0.537210	0.250000	-1.852744	-0.061621
2.832540	0.725180	0.679160	0.537210	0.250000	-1.852744	-0.061621
2.842293	0.725180	0.679160	0.537210	0.250000	-1.852744	-0.061621
2.852897	0.725180	0.679160	0.537210	0.250000	-1.852744	-0.061621
2.862802	0.725180	0.679160	0.537210	0.250000	-1.852744	-0.061621
2.872522	0.725180	0.679160	0.537210	0.250000	-1.852744	-0.061621
2.882269	0.725180	0.679160	0.537210	0.250000	-1.852744	-0.061621
2.893086	0.736430	0.686010	0.518342	0.250000	-1.842229	-0.062704
2.902835	0.736430	0.686010	0.518342	0.250000	-1.842229	-0.062704
2.912560	0.736430	0.686010	0.518342	0.250000	-1.842229	-0.062704
2.924660	0.736430	0.686010	0.518342	0.250000	-1.842229	-0.062704
2.932342	0.736430	0.686010	0.518342	0.250000	-1.842229	-0.062704
2.942420	0.736430	0.686010	0.518342	0.250000	-1.842229	-0.062704
2.952576	0.736430	0.686010	0.518342	0.250000	-1.842229	-0.062704
2.962529	0.747330	0.691060	0.485038	0.250000	-1.929023	-0.063966
2.973863	0.747330	0.691060	0.485038	0.250000	-1.929023	-0.063966
2.982878	0.747330	0.691060	0.485038	0.250000	-1.929023	-0.063966
2.992485	0.747330	0.691060	0.485038	0.250000	-1.929023	-0.063966
3.002382	0.759786	0.696981	0.451635	0.250000	-1.909473	-0.065821
3.013099	0.759786	0.696981	0.451635	0.250000	-1.909473	-0.065821
3.022872	0.759786	0.696981	0.451635	0.250000	-1.909473	-0.065821
3.033786	0.759786	0.696981	0.451635	0.250000	-1.909473	-0.065821
3.042371	0.759786	0.696981	0.451635	0.250000	-1.909473	-0.065821
3.052996	0.769022	0.700575	0.428542	0.250000	-1.894195	-0.066885
3.062880	0.769022	0.700575	0.428542	0.250000	-1.894195	-0.066885
3.072674	0.769022	0.700575	0.428542	0.250000	-1.894195	-0.066885
3.082404	0.776391	0.703732	0.407808	0.250000	-2.009495	-0.068739
3.093146	0.776391	0.703732	0.407808	0.250000	-2.009495	-0.068739
3.102903	0.776391	0.703732	0.407808	0.250000	-2.009495	-0.068739
3.112691	0.776391	0.703732	0.407808	0.250000	-2.009495	-0.068739
3.125394	0.776391	0.703732	0.407808	0.250000	-2.009495	-0.068739
3.132324	0.776391	0.703732	0.407808	0.250000	-2.009495	-0.068739
3.142937	0.776391	0.703732	0.407808	0.250000	-2.009495	-0.068739
3.152740	0.776391	0.703732	0.407808	0.250000	-2.009495	-0.068739
3.162463	0.776391	0.703732	0.407808	0.250000	-2.009495	-0.068739
3.172336	0.776391	0.703732	0.407808	0.250000	-2.009495	-0.068739
3.182358	0.776391	0.703732	0.407808	0.250000	-2.009495	-0.068739
3.192683	0.776391	0.703732	0.407808	0.250000	-2.009495	-0.068739
3.202472	0.784865	0.707008	0.386582	0.250000	-1.999982	-0.070395
3.213214	0.784865	0.707008	0.386582	0.250000	-1.999982	-0.070395
3.222906	0.784865	0.707008	0.386582	0.250000	-1.999982	-0.070395
3.232555	0.795740	0.710118	0.351964	0.250000	-1.981801	-0.072775
3.242453	0.795740	0.710118	0.351964	0.250000	-1.981801	-0.072775
3.252366	0.795740	0.710118	0.351964	0.250000	-1.981801	-0.072775
3.262311	0.795740	0.710118	0.351964	0.250000	-1.981801	-0.072775
3.272690	0.808646	0.713955	0.322220	0.250000	-1.969334	-0.075352
3.282472	0.808646	0.713955	0.322220	0.250000	-1.969334	-0.075352
3.293212	0.808646	0.713955	0.322220	0.250000	-1.969334	-0.075352
3.302379	0.808646	0.713955	0.322220	0.250000	-1.969334	-0.075352
3.312719	0.814850	0.714905	0.298510	0.250000	-2.091529	-0.077348
3.322501	0.814850	0.714905	0.298510	0.250000	-2.091529	-0.077348
3.333814	0.814850	0.714905	0.298510	0.250000	-2.091529	-0.077348
3.342358	0.814850	0.714905	0.298510	0.250000	-2.091529	-0.077348
3.352731	0.814850	0.714905	0.298510	0.250000	-2.091529	-0.077348
3.362374	0.814850	0.714905	0.298510	0.250000	-2.091529	-0.077348
3.372261	0.814850	0.714905	0.298510	0.250000	-2.091529	-0.077348
3.382285	0.821442	0.716903	0.272955	0.250000	-2.085873	-0.080493
3.392365	0.821442	0.716903	0.272955	0.250000	-2.085873	-0.080493
3.402506	0.821442	0.716903	0.272955	0.250000	-2.085873	-0.080493
3.412340	0.821442	0.716903	0.272955	0.250000	-2.085873	-0.080493
3.422997	0.821442	0.716903	0.272955	0.250000	-2.085873	-0.080493
3.432257	0.827790	0.718015	0.252457	0.250000	-2.077638	-0.082492
3.442533	0.827790	0.718015	0.252457	0.250000	-2.077638	-0.082492
3.453029	0.827790	0.718015	0.252457	0.250000	-2.077638	-0.082492
3.462330	0.827790	0.718015	0.252457	0.250000	-2.077638	-0.082492
3.472289	0.827790	0.718015	0.252457	0.250000	-2.077638	-0.082492
3.482572	0.827790	0.718015	0.252457	0.250000	-2.077638	-0.082492
3.492264	0.840407	0.720476	0.224993	0.250000	-2.068420	-0.085558
3.502255	0.840407	0.720476	0.224993	0.250000	-2.068420	-0.085558
3.512738	0.840407	0.720476	0.224993	0.250000	-2.068420	-0.085558
3.523506	0.840407	0.720476	0.224993	0.250000	-2.068420	-0.085558
3.532284	0.840407	0.720476	0.224993	0.250000	-2.068420	-0.085558
3.542250	0.840407	0.720476	0.224993	0.250000	-2.068420	-0.085558
3.552805	0.849016	0.722952	0.210167	0.250000	-2.068939	-0.088227
3.562560	0.849016	0.722952	0.210167	0.250000	-2.068939	-0.088227
3.572451	0.849016	0.722952	0.210167	0.250000	-2.068939	-0.088227
3.582221	0.849016	0.722952	0.210167	0.250000	-2.068939	-0.088227
3.592807	0.849016	0.722952	0.210167	0.250000	-2.068939	-0.088227
3.602586	0.849016	0.722952	0.210167	0.250000	-2.068939	-0.088227
3.612345	0.849016	0.722952	0.210167	0.250000	-2.068939	-0.088227
3.623112	0.857128	0.724954	0.190006	0.250000	-2.067423	-0.091589
3.632335	0.857128	0.724954	0.190006	0.250000	-2.067423	-0.091589
3.642564	0.857128	0.724954	0.190006	0.250000	-2.067423	-0.091589
3.652317	0.857128	0.724954	0.190006	0.250000	-2.067423	-0.091589
3.663242	0.857128	0.724954	0.190006	0.250000	-2.067423	-0.091589
3.672850	0.857128	0.724954	0.190006	0.250000	-2.067423	-0.091589
3.682332	0.857128	0.724954	0.190006	0.250000	-2.067423	-0.091589
3.692293	0.857128	0.724954	0.190006	0.250000	-2.067423	-0.091589
3.703096	0.857128	0.724954	0.190006	0.250000	-2.067423	-0.091589
3.712850	0.857128	0.724954	0.190006	0.250000	-2.067423	-0.091589
3.722595	0.865232	0.727463	0.170484	0.250000	-2.069442	-0.095650
3.732469	0.865232	0.727463	0.170484	0.250000	-2.069442	-0.095650
3.742289	0.865232	0.727463	0.170484	0.250000	-2.069442	-0.095650
3.752384	0.865232	0.727463	0.170484	0.250000	-2.069442	-0.095650
3.762632	0.865232	0.727463	0.170484	0.250000	-2.069442	-0.095650
3.772455	0.865232	0.727463	0.170484	0.250000	-2.069442	-0.095650
3.782303	0.865232	0.727463	0.170484	0.250000	-2.069442	-0.095650
3.792303	0.878204	0.728255	0.138100	0.250000	-2.198439	-0.099980
3.802670	0.878204	0.728255	0.138100	0.250000	-2.198439	-0.099980
3.812453	0.878204	0.728255	0.138100	0.250000	-2.198439	-0.099980
3.822502	0.878204	0.728255	0.138100	0.250000	-2.198439	-0.099980
3.832301	0.878204	0.728255	0.138100	0.250000	-2.198439	-0.099980
3.842398	0.878204	0.728255	0.138100	0.250000	-2.198439	-0.099980
3.852427	0.878204	0.728255	0.138100	0.250000	-2.198439	-0.099980
3.862325	0.878204	0.728255	0.138100	0.250000	-2.198439	-0.099980
3.872907	0.894667	0.728432	0.098291	0.250000	-2.183466	-0.105185
3.882677	0.894667	0.728432	0.098291	0.250000	-2.183466	-0.105185
3.892402	0.908362	0.728618	0.068184	0.250000	-2.174356	-0.109847
3.903336	0.908362	0.728618	0.068184	0.250000	-2.174356	-0.109847
3.912983	0.908362	0.728618	0.068184	0.250000	-2.174356	-0.109847
3.922666	0.908362	0.728618	0.068184	0.250000	-2.174356	-0.109847
3.932467	0.908362	0.728618	0.068184	0.250000	-2.174356	-0.109847
3.943201	0.919493	0.729141	0.047672	0.250000	-2.170560	-0.113747
3.952306	0.919493	0.729141	0.047672	0.250000	-2.170560	-0.113747
3.962709	0.919493	0.729141	0.047672	0.250000	-2.170560	-0.113747
3.972443	0.926661	0.730207	0.026460	0.250000	-2.170130	-0.118851
3.982306	0.926661	0.730207	0.026460	0.250000	-2.170130	-0.118851
3.994180	0.926661	0.730207	0.026460	0.250000	-2.170130	-0.118851
4.002704	0.926661	0.730207	0.026460	0.250000	-2.170130	-0.118851
4.012446	0.926661	0.730207	0.026460	0.250000	-2.170130	-0.118851
4.022313	0.934231	0.727183	0.000106	0.250000	-2.152920	-0.121193
4.032930	0.938522	0.726076	-0.010759	0.250000	-2.146684	-0.122403
4.042713	0.938522	0.726076	-0.010759	0.250000	-2.146684	-0.122403
4.052337	0.938522	0.726076	-0.010759	0.250000	-2.146684	-0.122403
4.062295	0.938522	0.726076	-0.010759	0.250000	-2.146684	-0.122403
4.072300	0.938522	0.726076	-0.010759	0.250000	-2.146684	-0.122403
4.082352	0.938522	0.726076	-0.010759	0.250000	-2.146684	-0.122403
4.093315	0.938522	0.726076	-0.010759	0.250000	-2.146684	-0.122403
4.102325	0.938522	0.726076	-0.010759	0.250000	-2.146684	-0.122403
4.112307	0.948148	0.723412	-0.027724	0.250000	-2.276289	-0.123819
4.123413	0.948148	0.723412	-0.027724	0.250000	-2.276289	-0.123819
4.132542	0.948148	0.723412	-0.027724	0.250000	-2.276289	-0.123819
4.142270	0.948148	0.723412	-0.027724	0.250000	-2.276289	-0.123819
4.154826	0.956961	0.726521	-0.034928	0.250000	-2.287275	-0.128817
4.162321	0.956961	0.726521	-0.034928	0.250000	-2.287275	-0.128817
4.172326	0.956961	0.726521	-0.034928	0.250000	-2.287275	-0.128817
4.182377	0.956961	0.726521	-0.034928	0.250000	-2.287275	-0.128817
4.192295	0.956961	0.726521	-0.034928	0.250000	-2.287275	-0.128817
4.202386	0.956961	0.726521	-0.034928	0.250000	-2.287275	-0.128817
4.212632	0.973403	0.727309	-0.068401	0.250000	-2.285649	-0.138282
4.222370	0.973403	0.727309	-0.068401	0.250000	-2.285649	-0.138282
4.233051	0.982863	0.729153	-0.083225	0.250000	-2.289907	-0.144446
4.243032	0.982863	0.729153	-0.083225	0.250000	-2.289907	-0.144446
4.252592	0.982863	0.729153	-0.083225	0.250000	-2.289907	-0.144446
4.262340	0.982863	0.729153	-0.083225	0.250000	-2.289907	-0.144446
4.273095	0.982863	0.729153	-0.083225	0.250000	-2.289907	-0.144446
4.282322	0.982863	0.729153	-0.083225	0.250000	-2.289907	-0.144446
4.292622	0.982863	0.729153	-0.083225	0.250000	-2.289907	-0.144446
4.302391	0.982863	0.729153	-0.083225	0.250000	-2.289907	-0.144446
4.313093	0.982863	0.729153	-0.083225	0.250000	-2.289907	-0.144446
4.322298	0.996746	0.725590	-0.119056	0.250000	-2.273942	-0.151313
4.332624	0.996746	0.725590	-0.119056	0.250000	-2.273942	-0.151313
4.342343	0.996746	0.725590	-0.119056	0.250000	-2.273942	-0.151313
4.353687	0.996746	0.725590	-0.119056	0.250000	-2.273942	-0.151313
4.362789	0.996746	0.725590	-0.119056	0.250000	-2.273942	-0.151313
4.372416	0.996746	0.725590	-0.119056	0.250000	-2.273942	-0.151313
4.387271	1.005622	0.723050	-0.140117	0.250000	-2.264044	-0.155393
4.393022	1.005622	0.723050	-0.140117	0.250000	-2.264044	-0.155393
4.402267	1.005622	0.723050	-0.140117	0.250000	-2.264044	-0.155393
4.412375	1.015021	0.719869	-0.173595	0.250000	-2.249107	-0.162559
4.422368	1.015021	0.719869	-0.173595	0.250000	-2.249107	-0.162559
4.433122	1.015021	0.719869	-0.173595	0.250000	-2.249107	-0.162559
4.442893	1.015021	0.719869	-0.173595	0.250000	-2.249107	-0.162559
4.452604	1.024231	0.718853	-0.195344	0.250000	-2.243191	-0.169102
4.463154	1.024231	0.718853	-0.195344	0.250000	-2.243191	-0.169102
4.473177	1.024231	0.718853	-0.195344	0.250000	-2.243191	-0.169102
4.482347	1.024231	0.718853	-0.195344	0.250000	-2.243191	-0.169102
4.492653	1.029290	0.717011	-0.208981	0.250000	-2.236351	-0.172042
4.502440	1.029290	0.717011	-0.208981	0.250000	-2.236351	-0.172042
4.513094	1.029290	0.717011	-0.208981	0.250000	-2.236351	-0.172042
4.522861	1.035433	0.715182	-0.222608	0.250000	-2.230139	-0.175344
4.533653	1.035433	0.715182	-0.222608	0.250000	-2.230139	-0.175344
4.542455	1.035433	0.715182	-0.222608	0.250000	-2.230139	-0.175344
4.553215	1.035433	0.715182	-0.222608	0.250000	-2.230139	-0.175344
4.562350	1.035433	0.715182	-0.222608	0.250000	-2.230139	-0.175344
4.572711	1.035433	0.715182	-0.222608	0.250000	-2.230139	-0.175344
4.582466	1.035433	0.715182	-0.222608	0.250000	-2.230139	-0.175344
4.593208	1.041759	0.712378	-0.236047	0.250000	-2.360251	-0.178052
4.602328	1.041759	0.712378	-0.236047	0.250000	-2.360251	-0.178052
4.612363	1.041759	0.712378	-0.236047	0.250000	-2.360251	-0.178052
4.622488	1.041759	0.712378	-0.236047	0.250000	-2.360251	-0.178052
4.632226	1.051179	0.709845	-0.261306	0.250000	-2.349782	-0.185135
4.642947	1.051179	0.709845	-0.261306	0.250000	-2.349782	-0.185135
4.652722	1.051179	0.709845	-0.261306	0.250000	-2.349782	-0.185135
4.662512	1.051179	0.709845	-0.261306	0.250000	-2.349782	-0.185135
4.672325	1.051179	0.709845	-0.261306	0.250000	-2.349782	-0.185135
4.683098	1.051179	0.709845	-0.261306	0.250000	-2.349782	-0.185135
4.692839	1.051179	0.709845	-0.261306	0.250000	-2.349782	-0.185135
4.702561	1.063511	0.707235	-0.285130	0.250000	-2.341159	-0.192917
4.712284	1.063511	0.707235	-0.285130	0.250000	-2.341159	-0.192917
4.723383	1.070284	0.705075	-0.307153	0.250000	-2.331010	-0.199388
4.732325	1.070284	0.705075	-0.307153	0.250000	-2.331010	-0.199388
4.742354	1.070284	0.705075	-0.307153	0.250000	-2.331010	-0.199388
4.752298	1.070284	0.705075	-0.307153	0.250000	-2.331010	-0.199388
4.763041	1.070284	0.705075	-0.307153	0.250000	-2.331010	-0.199388
4.772291	1.070284	0.705075	-0.307153	0.250000	-2.331010	-0.199388
4.782586	1.081280	0.703362	-0.325684	0.250000	-2.325290	-0.206795
4.792314	1.081280	0.703362	-0.325684	0.250000	-2.325290	-0.206795
4.803032	1.081280	0.703362	-0.325684	0.250000	-2.325290	-0.206795
4.812827	1.081280	0.703362	-0.325684	0.250000	-2.325290	-0.206795
4.822528	1.087679	0.701953	-0.341617	0.250000	-2.318649	-0.212468
4.832307	1.087679	0.701953	-0.341617	0.250000	-2.318649	-0.212468
4.843034	1.087679	0.701953	-0.341617	0.250000	-2.318649	-0.212468
4.852344	1.087679	0.701953	-0.341617	0.250000	-2.318649	-0.212468
4.862451	1.087679	0.701953	-0.341617	0.250000	-2.318649	-0.212468
4.872368	1.087679	0.701953	-0.341617	0.250000	-2.318649	-0.212468
4.883049	1.087679	0.701953	-0.341617	0.250000	-2.318649	-0.212468
4.892816	1.098034	0.696336	-0.369242	0.250000	-2.301868	-0.219440
4.902588	1.098034	0.696336	-0.369242	0.250000	-2.301868	-0.219440
4.912341	1.098034	0.696336	-0.369242	0.250000	-2.301868	-0.219440
4.922949	1.110757	0.689381	-0.408655	0.250000	-2.278294	-0.230368
4.932736	1.110757	0.689381	-0.408655	0.250000	-2.278294	-0.230368
4.943362	1.110757	0.689381	-0.408655	0.250000	-2.278294	-0.230368
4.952347	1.110757	0.689381	-0.408655	0.250000	-2.278294	-0.230368
4.962485	1.110757	0.689381	-0.408655	0.250000	-2.278294	-0.230368
4.972855	1.110757	0.689381	-0.408655	0.250000	-2.278294	-0.230368
4.982608	1.110757	0.689381	-0.408655	0.250000	-2.278294	-0.230368
4.993173	1.110757	0.689381	-0.408655	0.250000	-2.278294	-0.230368
5.002309	1.124431	0.682142	-0.454172	0.250000	-2.380826	-0.244446
5.012841	1.124431	0.682142	-0.454172	0.250000	-2.380826	-0.244446
5.022341	1.124431	0.682142	-0.454172	0.250000	-2.380826	-0.244446
5.032384	1.135969	0.680559	-0.481220	0.250000	-2.368880	-0.257095
5.042273	1.135969	0.680559	-0.481220	0.250000	-2.368880	-0.257095
5.052268	1.135969	0.680559	-0.481220	0.250000	-2.368880	-0.257095
5.062336	1.135969	0.680559	-0.481220	0.250000	-2.368880	-0.257095
5.072448	1.135969	0.680559	-0.481220	0.250000	-2.368880	-0.257095
5.083102	1.135969	0.680559	-0.481220	0.250000	-2.368880	-0.257095
5.092938	1.140066	0.675789	-0.510348	0.250000	-2.347906	-0.264427
5.102639	1.140066	0.675789	-0.510348	0.250000	-2.347906	-0.264427
5.112467	1.140066	0.675789	-0.510348	0.250000	-2.347906	-0.264427
5.124741	1.140066	0.675789	-0.510348	0.250000	-2.347906	-0.264427
5.132604	1.142523	0.670620	-0.530403	0.250000	-2.331396	-0.267734
5.143204	1.142523	0.670620	-0.530403	0.250000	-2.331396	-0.267734
5.154587	1.142523	0.670620	-0.530403	0.250000	-2.331396	-0.267734
5.162296	1.142523	0.670620	-0.530403	0.250000	-2.331396	-0.267734
5.172310	1.142523	0.670620	-0.530403	0.250000	-2.331396	-0.267734
5.182777	1.142523	0.670620	-0.530403	0.250000	-2.331396	-0.267734
5.192384	1.146922	0.664510	-0.554727	0.250000	-2.312288	-0.272740
5.203238	1.146922	0.664510	-0.554727	0.250000	-2.312288	-0.272740
5.212291	1.146922	0.664510	-0.554727	0.250000	-2.312288	-0.272740
5.222282	1.146922	0.664510	-0.554727	0.250000	-2.312288	-0.272740
5.232390	1.153329	0.659105	-0.578859	0.250000	-2.294975	-0.279547
5.242996	1.153329	0.659105	-0.578859	0.250000	-2.294975	-0.279547
5.252858	1.153329	0.659105	-0.578859	0.250000	-2.294975	-0.279547
5.262904	1.153329	0.659105	-0.578859	0.250000	-2.294975	-0.279547
5.272424	1.153329	0.659105	-0.578859	0.250000	-2.294975	-0.279547
5.282457	1.153329	0.659105	-0.578859	0.250000	-2.294975	-0.279547
5.292997	1.153329	0.659105	-0.578859	0.250000	-2.294975	-0.279547
5.302297	1.153329	0.659105	-0.578859	0.250000	-2.294975	-0.279547
5.312353	1.153329	0.659105	-0.578859	0.250000	-2.294975	-0.279547
5.322300	1.164444	0.652904	-0.612376	0.250000	-2.272939	-0.291740
5.332391	1.164444	0.652904	-0.612376	0.250000	-2.272939	-0.291740
5.342799	1.164444	0.652904	-0.612376	0.250000	-2.272939	-0.291740
5.352500	1.164444	0.652904	-0.612376	0.250000	-2.272939	-0.291740
5.362329	1.164444	0.652904	-0.612376	0.250000	-2.272939	-0.291740
5.372288	1.164444	0.652904	-0.612376	0.250000	-2.272939	-0.291740
5.382356	1.164444	0.652904	-0.612376	0.250000	-2.272939	-0.291740
5.392491	1.177738	0.645076	-0.653604	0.250000	-2.244938	-0.307062
5.402325	1.177738	0.645076	-0.653604	0.250000	-2.244938	-0.307062
5.412998	1.177738	0.645076	-0.653604	0.250000	-2.244938	-0.307062
5.422738	1.177738	0.645076	-0.653604	0.250000	-2.244938	-0.307062
5.432484	1.186759	0.636201	-0.691737	0.250000	-2.334462	-0.318762
5.443305	1.186759	0.636201	-0.691737	0.250000	-2.334462	-0.318762
5.452442	1.186759	0.636201	-0.691737	0.250000	-2.334462	-0.318762
5.462279	1.186759	0.636201	-0.691737	0.250000	-2.334462	-0.318762
5.472337	1.186759	0.636201	-0.691737	0.250000	-2.334462	-0.318762
5.482325	1.186759	0.636201	-0.691737	0.250000	-2.334462	-0.318762
5.493449	1.197559	0.624355	-0.735560	0.250000	-2.300161	-0.331637
5.502329	1.197559	0.624355	-0.735560	0.250000	-2.300161	-0.331637
5.512580	1.197559	0.624355	-0.735560	0.250000	-2.300161	-0.331637
5.522286	1.197559	0.624355	-0.735560	0.250000	-2.300161	-0.331637
5.532295	1.197559	0.624355	-0.735560	0.250000	-2.300161	-0.331637
5.542886	1.203270	0.611968	-0.741749	0.250000	-2.291677	-0.328445
5.552637	1.203270	0.611968	-0.741749	0.250000	-2.291677	-0.328445
5.563358	1.203270	0.611968	-0.741749	0.250000	-2.291677	-0.328445
5.572291	1.203270	0.611968	-0.741749	0.250000	-2.291677	-0.328445
5.582837	1.205944	0.605435	-0.764904	0.250000	-2.272178	-0.333555
5.592574	1.205944	0.605435	-0.764904	0.250000	-2.272178	-0.333555
5.602324	1.205944	0.605435	-0.764904	0.250000	-2.272178	-0.333555
5.613110	1.205944	0.605435	-0.764904	0.250000	-2.272178	-0.333555
5.622854	1.205944	0.605435	-0.764904	0.250000	-2.272178	-0.333555
5.632605	1.205944	0.605435	-0.764904	0.250000	-2.272178	-0.333555
5.642380	1.205944	0.605435	-0.764904	0.250000	-2.272178	-0.333555
5.653119	1.214427	0.598374	-0.784286	0.250000	-2.258077	-0.341208
5.662274	1.214427	0.598374	-0.784286	0.250000	-2.258077	-0.341208
5.672651	1.217291	0.595334	-0.838416	0.250000	-2.215899	-0.359814
5.682384	1.217291	0.595334	-0.838416	0.250000	-2.215899	-0.359814
5.692286	1.217291	0.595334	-0.838416	0.250000	-2.215899	-0.359814
5.702305	1.217291	0.595334	-0.838416	0.250000	-2.215899	-0.359814
5.712661	1.227662	0.588921	-0.874520	0.250000	-2.295018	-0.375790
5.722352	1.227662	0.588921	-0.874520	0.250000	-2.295018	-0.375790
5.733750	1.227662	0.588921	-0.874520	0.250000	-2.295018	-0.375790
5.743002	1.227662	0.588921	-0.874520	0.250000	-2.295018	-0.375790
5.752483	1.227662	0.588921	-0.874520	0.250000	-2.295018	-0.375790
5.762446	1.227662	0.588921	-0.874520	0.250000	-2.295018	-0.375790
5.772312	1.227662	0.588921	-0.874520	0.250000	-2.295018	-0.375790
5.782917	1.227662	0.588921	-0.874520	0.250000	-2.295018	-0.375790
5.792284	1.230216	0.584026	-0.868350	0.250000	-2.299325	-0.372505
5.802455	1.230216	0.584026	-0.868350	0.250000	-2.299325	-0.372505
5.813241	1.230216	0.584026	-0.868350	0.250000	-2.299325	-0.372505
5.822386	1.230216	0.584026	-0.868350	0.250000	-2.299325	-0.372505
5.832766	1.230216	0.584026	-0.868350	0.250000	-2.299325	-0.372505
5.842509	1.230216	0.584026	-0.868350	0.250000	-2.299325	-0.372505
5.852319	1.238722	0.574551	-0.908413	0.250000	-2.267150	-0.386801
5.862308	1.238722	0.574551	-0.908413	0.250000	-2.267150	-0.386801
5.872309	1.238722	0.574551	-0.908413	0.250000	-2.267150	-0.386801
5.882488	1.238722	0.574551	-0.908413	0.250000	-2.267150	-0.386801
5.893208	1.238722	0.574551	-0.908413	0.250000	-2.267150	-0.386801
5.902287	1.244454	0.564829	-0.945080	0.250000	-2.236260	-0.397954
5.912954	1.244454	0.564829	-0.945080	0.250000	-2.236260	-0.397954
5.922505	1.244454	0.564829	-0.945080	0.250000	-2.236260	-0.397954
5.932294	1.244454	0.564829	-0.945080	0.250000	-2.236260	-0.397954
5.942208	1.252335	0.556194	-1.020624	0.250000	-2.173266	-0.424439
5.952733	1.252335	0.556194	-1.020624	0.250000	-2.173266	-0.424439
5.962344	1.252335	0.556194	-1.020624	0.250000	-2.173266	-0.424439
5.972291	1.252335	0.556194	-1.020624	0.250000	-2.173266	-0.424439
5.982348	1.252335	0.556194	-1.020624	0.250000	-2.173266	-0.424439
5.992718	1.252335	0.556194	-1.020624	0.250000	-2.173266	-0.424439
6.002585	1.252335	0.556194	-1.020624	0.250000	-2.173266	-0.424439
6.012265	1.257071	0.546842	-1.050149	0.250000	-2.147514	-0.433075
6.022982	1.257071	0.546842	-1.050149	0.250000	-2.147514	-0.433075
6.032712	1.257071	0.546842	-1.050149	0.250000	-2.147514	-0.433075
6.042640	1.257071	0.546842	-1.050149	0.250000	-2.147514	-0.433075
6.052388	1.257071	0.546842	-1.050149	0.250000	-2.147514	-0.433075
6.062278	1.264153	0.537358	-1.086920	0.250000	-2.209651	-0.446434
6.072776	1.264153	0.537358	-1.086920	0.250000	-2.209651	-0.446434
6.082361	1.264153	0.537358	-1.086920	0.250000	-2.209651	-0.446434
6.092229	1.265245	0.528848	-1.112808	0.250000	-2.185801	-0.451535
6.103092	1.265245	0.528848	-1.112808	0.250000	-2.185801	-0.451535
6.112324	1.265245	0.528848	-1.112808	0.250000	-2.185801	-0.451535
6.125196	1.270829	0.521284	-1.148769	0.250000	-2.154741	-0.464271
6.132365	1.270829	0.521284	-1.148769	0.250000	-2.154741	-0.464271
6.143046	1.270829	0.521284	-1.148769	0.250000	-2.154741	-0.464271
6.154753	1.270829	0.521284	-1.148769	0.250000	-2.154741	-0.464271
6.162311	1.271733	0.513257	-1.169164	0.250000	-2.135724	-0.467979
6.172367	1.271733	0.513257	-1.169164	0.250000	-2.135724	-0.467979
6.182327	1.271733	0.513257	-1.169164	0.250000	-2.135724	-0.467979
6.192311	1.276082	0.505985	-1.195022	0.250000	-2.113096	-0.476899
6.202688	1.276082	0.505985	-1.195022	0.250000	-2.113096	-0.476899
6.212701	1.276082	0.505985	-1.195022	0.250000	-2.113096	-0.476899
6.223108	1.276082	0.505985	-1.195022	0.250000	-2.113096	-0.476899
6.232343	1.276082	0.505985	-1.195022	0.250000	-2.113096	-0.476899
6.242602	1.276082	0.505985	-1.195022	0.250000	-2.113096	-0.476899
6.252444	1.276082	0.505985	-1.195022	0.250000	-2.113096	-0.476899
6.263094	1.276082	0.505985	-1.195022	0.250000	-2.113096	-0.476899
6.272282	1.275702	0.499569	-1.136235	0.250000	-2.164029	-0.455757
6.282620	1.275702	0.499569	-1.136235	0.250000	-2.164029	-0.455757
6.292366	1.275702	0.499569	-1.136235	0.250000	-2.164029	-0.455757
6.302315	1.275702	0.499569	-1.136235	0.250000	-2.164029	-0.455757
6.312890	1.275702	0.499569	-1.136235	0.250000	-2.164029	-0.455757
6.322613	1.278902	0.492654	-1.158249	0.250000	-2.144786	-0.463007
6.333325	1.278902	0.492654	-1.158249	0.250000	-2.144786	-0.463007
6.343181	1.278902	0.492654	-1.158249	0.250000	-2.144786	-0.463007
6.352532	1.278902	0.492654	-1.158249	0.250000	-2.144786	-0.463007
6.363703	1.278902	0.492654	-1.158249	0.250000	-2.144786	-0.463007
6.372474	1.278902	0.492654	-1.158249	0.250000	-2.144786	-0.463007
6.382227	1.278902	0.492654	-1.158249	0.250000	-2.144786	-0.463007
6.392293	1.280539	0.484784	-1.186678	0.250000	-2.200932	-0.470843
6.402683	1.280539	0.484784	-1.186678	0.250000	-2.200932	-0.470843
6.412431	1.280539	0.484784	-1.186678	0.250000	-2.200932	-0.470843
6.422272	1.280539	0.484784	-1.186678	0.250000	-2.200932	-0.470843
6.432295	1.283618	0.475093	-1.287129	0.250000	-2.110735	-0.500705
6.442637	1.283618	0.475093	-1.287129	0.250000	-2.110735	-0.500705
6.452393	1.283618	0.475093	-1.287129	0.250000	-2.110735	-0.500705
6.463149	1.283618	0.475093	-1.287129	0.250000	-2.110735	-0.500705
6.472903	1.283618	0.475093	-1.287129	0.250000	-2.110735	-0.500705
6.482627	1.283618	0.475093	-1.287129	0.250000	-2.110735	-0.500705
6.493354	1.283618	0.475093	-1.287129	0.250000	-2.110735	-0.500705
6.502330	1.283618	0.475093	-1.287129	0.250000	-2.110735	-0.500705
6.512299	1.287151	0.460599	-1.323159	0.250000	-2.077767	-0.510353
6.522308	1.287151	0.460599	-1.323159	0.250000	-2.077767	-0.510353
6.532481	1.287151	0.460599	-1.323159	0.250000	-2.077767	-0.510353
6.543218	1.289675	0.451510	-1.348288	0.250000	-2.054869	-0.517609
6.552275	1.289675	0.451510	-1.348288	0.250000	-2.054869	-0.517609
6.562688	1.294052	0.444175	-1.372737	0.250000	-2.033215	-0.526990
6.572479	1.294052	0.444175	-1.372737	0.250000	-2.033215	-0.526990
6.582281	1.294052	0.444175	-1.372737	0.250000	-2.033215	-0.526990
6.592253	1.294052	0.444175	-1.372737	0.250000	-2.033215	-0.526990
6.602354	1.294052	0.444175	-1.372737	0.250000	-2.033215	-0.526990
6.612459	1.326988	0.440213	-1.363388	0.250000	-2.050588	-0.555868
6.622641	1.326988	0.440213	-1.363388	0.250000	-2.050588	-0.555868
6.632955	1.326988	0.440213	-1.363388	0.250000	-2.050588	-0.555868
6.642726	1.326988	0.440213	-1.363388	0.250000	-2.050588	-0.555868
6.652362	1.326988	0.440213	-1.363388	0.250000	-2.050588	-0.555868
6.663180	1.326988	0.440213	-1.363388	0.250000	-2.050588	-0.555868
6.672344	1.326988	0.440213	-1.363388	0.250000	-2.050588	-0.555868
6.682800	1.326988	0.440213	-1.363388	0.250000	-2.050588	-0.555868
6.692514	1.326988	0.440213	-1.363388	0.250000	-2.050588	-0.555868
6.702281	1.326988	0.440213	-1.363388	0.250000	-2.050588	-0.555868
6.713041	1.329318	0.429666	-1.389944	0.250000	-2.026050	-0.563620
6.722745	1.329318	0.429666	-1.389944	0.250000	-2.026050	-0.563620
6.732531	1.329318	0.429666	-1.389944	0.250000	-2.026050	-0.563620
6.742371	1.329318	0.429666	-1.389944	0.250000	-2.026050	-0.563620
6.753006	1.327877	0.418743	-1.331433	0.250000	-2.150164	-0.542495
6.762769	1.327877	0.418743	-1.331433	0.250000	-2.150164	-0.542495
6.772525	1.327877	0.418743	-1.331433	0.250000	-2.150164	-0.542495
6.782289	1.327877	0.418743	-1.331433	0.250000	-2.150164	-0.542495
6.792980	1.327877	0.418743	-1.331433	0.250000	-2.150164	-0.542495
6.802663	1.296476	0.408772	-1.395634	0.250000	-2.082263	-0.529434
6.812324	1.296476	0.408772	-1.395634	0.250000	-2.082263	-0.529434
6.822228	1.296476	0.408772	-1.395634	0.250000	-2.082263	-0.529434
6.832288	1.296348	0.400836	-1.428667	0.250000	-2.051544	-0.537531
6.842888	1.296348	0.400836	-1.428667	0.250000	-2.051544	-0.537531
6.852615	1.296348	0.400836	-1.428667	0.250000	-2.051544	-0.537531
6.862384	1.296348	0.400836	-1.428667	0.250000	-2.051544	-0.537531
6.873137	1.296348	0.400836	-1.428667	0.250000	-2.051544	-0.537531
6.882844	1.296348	0.400836	-1.428667	0.250000	-2.051544	-0.537531
6.892723	1.296348	0.400836	-1.428667	0.250000	-2.051544	-0.537531
6.902308	1.296348	0.400836	-1.428667	0.250000	-2.051544	-0.537531
6.912289	1.296495	0.391839	-1.546842	0.250000	-2.003427	-0.567154
6.922248	1.296495	0.391839	-1.546842	0.250000	-2.003427	-0.567154
6.932604	1.296495	0.391839	-1.546842	0.250000	-2.003427	-0.567154
6.943333	1.296495	0.391839	-1.546842	0.250000	-2.003427	-0.567154
6.952263	1.296495	0.391839	-1.546842	0.250000	-2.003427	-0.567154
6.962332	1.296495	0.391839	-1.546842	0.250000	-2.003427	-0.567154
6.972588	1.296495	0.391839	-1.546842	0.250000	-2.003427	-0.567154
6.982366	1.296495	0.391839	-1.546842	0.250000	-2.003427	-0.567154
6.993073	1.296495	0.391839	-1.546842	0.250000	-2.003427	-0.567154
7.002446	1.298011	0.381939	-1.574580	0.250000	-1.977588	-0.574738
7.012363	1.298011	0.381939	-1.574580	0.250000	-1.977588	-0.574738
7.022383	1.298011	0.381939	-1.574580	0.250000	-1.977588	-0.574738
7.032280	1.299557	0.369515	-1.602297	0.250000	-1.951771	-0.582533
7.043718	1.299557	0.369515	-1.602297	0.250000	-1.951771	-0.582533
7.052306	1.299557	0.369515	-1.602297	0.250000	-1.951771	-0.582533
7.062339	1.299557	0.369515	-1.602297	0.250000	-1.951771	-0.582533
7.072260	1.299557	0.369515	-1.602297	0.250000	-1.951771	-0.582533
7.082318	1.299557	0.369515	-1.602297	0.250000	-1.951771	-0.582533
7.092441	1.299557	0.369515	-1.602297	0.250000	-1.951771	-0.582533
7.102423	1.299557	0.369515	-1.602297	0.250000	-1.951771	-0.582533
7.112289	1.300378	0.357592	-1.638202	0.250000	-1.972390	-0.591724
7.122334	1.300378	0.357592	-1.638202	0.250000	-1.972390	-0.591724
7.132722	1.300378	0.357592	-1.638202	0.250000	-1.972390	-0.591724
7.142450	1.300378	0.357592	-1.638202	0.250000	-1.972390	-0.591724
7.153136	1.300378	0.357592	-1.638202	0.250000	-1.972390	-0.591724
7.162940	1.300378	0.357592	-1.638202	0.250000	-1.972390	-0.591724
7.172282	1.300456	0.345707	-1.668844	0.250000	-1.943426	-0.599003
7.182355	1.300456	0.345707	-1.668844	0.250000	-1.943426	-0.599003
7.195200	1.300456	0.345707	-1.668844	0.250000	-1.943426	-0.599003
7.203042	1.300456	0.345707	-1.668844	0.250000	-1.943426	-0.599003
7.212768	1.300456	0.345707	-1.668844	0.250000	-1.943426	-0.599003
7.222553	1.300456	0.345707	-1.668844	0.250000	-1.943426	-0.599003
7.232288	1.300456	0.345707	-1.668844	0.250000	-1.943426	-0.599003
7.243032	1.300456	0.345707	-1.668844	0.250000	-1.943426	-0.599003
7.252749	1.298476	0.335405	-1.713981	0.250000	-1.900069	-0.606917
7.262334	1.298476	0.335405	-1.713981	0.250000	-1.900069	-0.606917
7.272308	1.298476	0.335405	-1.713981	0.250000	-1.900069	-0.606917
7.282991	1.298476	0.335405	-1.713981	0.250000	-1.900069	-0.606917
7.292730	1.298649	0.326352	-1.738424	0.250000	-1.924692	-0.613087
7.302321	1.298649	0.326352	-1.738424	0.250000	-1.924692	-0.613087
7.312248	1.298649	0.326352	-1.738424	0.250000	-1.924692	-0.613087
7.322395	1.298649	0.326352	-1.738424	0.250000	-1.924692	-0.613087
7.332770	1.298649	0.326352	-1.738424	0.250000	-1.924692	-0.613087
7.342513	1.298649	0.326352	-1.738424	0.250000	-1.924692	-0.613087
7.352295	1.298649	0.326352	-1.738424	0.250000	-1.924692	-0.613087
7.363120	1.297096	0.315555	-1.668636	0.250000	-1.991294	-0.598788
7.372791	1.297096	0.315555	-1.668636	0.250000	-1.991294	-0.598788
7.382558	1.297096	0.315555	-1.668636	0.250000	-1.991294	-0.598788
7.392319	1.297096	0.315555	-1.668636	0.250000	-1.991294	-0.598788
7.403034	1.297859	0.306307	-1.679213	0.250000	-1.981659	-0.602945
7.412715	1.297859	0.306307	-1.679213	0.250000	-1.981659	-0.602945
7.422592	1.297859	0.306307	-1.679213	0.250000	-1.981659	-0.602945
7.432380	1.297859	0.306307	-1.679213	0.250000	-1.981659	-0.602945
7.443063	1.297859	0.306307	-1.679213	0.250000	-1.981659	-0.602945
7.452779	1.297859	0.306307	-1.679213	0.250000	-1.981659	-0.602945
7.462312	1.297859	0.306307	-1.679213	0.250000	-1.981659	-0.602945
7.472319	1.297859	0.306307	-1.679213	0.250000	-1.981659	-0.602945
7.487052	1.297646	0.296177	-1.705265	0.250000	-1.957164	-0.609946
7.492532	1.297646	0.296177	-1.705265	0.250000	-1.957164	-0.609946
7.502295	1.299771	0.289714	-1.833772	0.250000	-1.876619	-0.637915
7.512317	1.299771	0.289714	-1.833772	0.250000	-1.876619	-0.637915
7.522368	1.299771	0.289714	-1.833772	0.250000	-1.876619	-0.637915
7.532345	1.299771	0.289714	-1.833772	0.250000	-1.876619	-0.637915
7.542347	1.299771	0.289714	-1.833772	0.250000	-1.876619	-0.637915
7.552397	1.299771	0.289714	-1.833772	0.250000	-1.876619	-0.637915
7.562319	1.299771	0.289714	-1.833772	0.250000	-1.876619	-0.637915
7.572309	1.299771	0.289714	-1.833772	0.250000	-1.876619	-0.637915
7.582278	1.295983	0.282447	-1.756047	0.250000	-1.951015	-0.621794
7.592560	1.295983	0.282447	-1.756047	0.250000	-1.951015	-0.621794
7.603122	1.295983	0.282447	-1.756047	0.250000	-1.951015	-0.621794
7.613658	1.295983	0.282447	-1.756047	0.250000	-1.951015	-0.621794
7.622658	1.296296	0.273621	-1.777306	0.250000	-1.931102	-0.628213
7.632500	1.296296	0.273621	-1.777306	0.250000	-1.931102	-0.628213
7.642960	1.296296	0.273621	-1.777306	0.250000	-1.931102	-0.628213
7.652895	1.296296	0.273621	-1.777306	0.250000	-1.931102	-0.628213
7.662662	1.296296	0.273621	-1.777306	0.250000	-1.931102	-0.628213
7.672421	1.296296	0.273621	-1.777306	0.250000	-1.931102	-0.628213
7.682563	1.296296	0.273621	-1.777306	0.250000	-1.931102	-0.628213
7.692457	1.290835	0.263119	-1.700702	0.250000	-2.025041	-0.724326
7.703573	1.290835	0.263119	-1.700702	0.250000	-2.025041	-0.724326
7.712313	1.290835	0.263119	-1.700702	0.250000	-2.025041	-0.724326
7.722337	1.290494	0.245026	-1.743716	0.250000	-1.981490	-0.720908
7.732468	1.290494	0.245026	-1.743716	0.250000	-1.981490	-0.720908
7.742703	1.290494	0.245026	-1.743716	0.250000	-1.981490	-0.720908
7.752464	1.290494	0.245026	-1.743716	0.250000	-1.981490	-0.720908
7.763186	1.290494	0.245026	-1.743716	0.250000	-1.981490	-0.720908
7.772946	1.281978	0.235789	-1.786673	0.250000	-1.936391	-0.707622
7.782750	1.281978	0.235789	-1.786673	0.250000	-1.936391	-0.707622
7.792461	1.281978	0.235789	-1.786673	0.250000	-1.936391	-0.707622
7.802221	1.281978	0.235789	-1.786673	0.250000	-1.936391	-0.707622
7.812298	1.281978	0.235789	-1.786673	0.250000	-1.936391	-0.707622
7.822721	1.280558	0.227267	-1.904700	0.250000	-1.814424	-0.684395
7.832484	1.280558	0.227267	-1.904700	0.250000	-1.814424	-0.684395
7.842978	1.280558	0.227267	-1.904700	0.250000	-1.814424	-0.684395
7.852696	1.277092	0.226306	-2.016940	0.250000	-1.695987	-0.650760
7.862760	1.277092	0.226306	-2.016940	0.250000	-1.695987	-0.650760
7.872538	1.277092	0.226306	-2.016940	0.250000	-1.695987	-0.650760
7.882291	1.277092	0.226306	-2.016940	0.250000	-1.695987	-0.650760
7.892747	1.275793	0.218789	-1.926073	0.250000	-1.791800	-0.677335
7.902455	1.275793	0.218789	-1.926073	0.250000	-1.791800	-0.677335
7.912562	1.275793	0.218789	-1.926073	0.250000	-1.791800	-0.677335
7.922335	1.275793	0.218789	-1.926073	0.250000	-1.791800	-0.677335
7.932394	1.275793	0.218789	-1.926073	0.250000	-1.791800	-0.677335
7.942343	1.275793	0.218789	-1.926073	0.250000	-1.791800	-0.677335
7.952589	1.275793	0.218789	-1.926073	0.250000	-1.791800	-0.677335
7.962286	1.275793	0.218789	-1.926073	0.250000	-1.791800	-0.677335
7.972336	1.275793	0.218789	-1.926073	0.250000	-1.791800	-0.677335
7.982995	1.268930	0.209095	-1.965339	0.250000	-1.750141	-0.664215
7.992256	1.268930	0.209095	-1.965339	0.250000	-1.750141	-0.664215
8.002300	1.268930	0.209095	-1.965339	0.250000	-1.750141	-0.664215
8.012273	1.268930	0.209095	-1.965339	0.250000	-1.750141	-0.664215
8.022840	1.265676	0.197915	-1.989514	0.250000	-1.724974	-0.658924
8.032573	1.265676	0.197915	-1.989514	0.250000	-1.724974	-0.658924
8.042309	1.265676	0.197915	-1.989514	0.250000	-1.724974	-0.658924
8.053031	1.265676	0.197915	-1.989514	0.250000	-1.724974	-0.658924
8.062271	1.265676	0.197915	-1.989514	0.250000	-1.724974	-0.658924
8.072548	1.265676	0.197915	-1.989514	0.250000	-1.724974	-0.658924
8.082305	1.265676	0.197915	-1.989514	0.250000	-1.724974	-0.658924
8.093134	1.263961	0.184929	-2.123559	0.250000	-1.583524	-0.621889
8.102993	1.263961	0.184929	-2.123559	0.250000	-1.583524	-0.621889
8.112647	1.263961	0.184929	-2.123559	0.250000	-1.583524	-0.621889
8.122366	1.263961	0.184929	-2.123559	0.250000	-1.583524	-0.621889
8.133114	1.263961	0.184929	-2.123559	0.250000	-1.583524	-0.621889
8.142878	1.263961	0.184929	-2.123559	0.250000	-1.583524	-0.621889
8.153180	1.263961	0.184929	-2.123559	0.250000	-1.583524	-0.621889
8.162432	1.263961	0.184929	-2.123559	0.250000	-1.583524	-0.621889
8.172352	1.263961	0.184929	-2.123559	0.250000	-1.583524	-0.621889
8.182871	1.259142	0.172824	-2.150952	0.250000	-1.554407	-0.613850
8.193149	1.259142	0.172824	-2.150952	0.250000	-1.554407	-0.613850
8.202397	1.259142	0.172824	-2.150952	0.250000	-1.554407	-0.613850
8.212296	1.259142	0.172824	-2.150952	0.250000	-1.554407	-0.613850
8.222881	1.259142	0.172824	-2.150952	0.250000	-1.554407	-0.613850
8.232343	1.259142	0.172824	-2.150952	0.250000	-1.554407	-0.613850
8.243211	1.259142	0.172824	-2.150952	0.250000	-1.554407	-0.613850
8.252586	1.259142	0.172824	-2.150952	0.250000	-1.554407	-0.613850
8.262988	1.246758	0.161306	-2.193882	0.250000	-1.507105	-0.594346
8.272673	1.246758	0.161306	-2.193882	0.250000	-1.507105	-0.594346
8.282299	1.246758	0.161306	-2.193882	0.250000	-1.507105	-0.594346
8.292271	1.234450	0.143944	-2.140074	0.250000	-1.564594	-0.610684
8.302438	1.234450	0.143944	-2.140074	0.250000	-1.564594	-0.610684
8.312711	1.234450	0.143944	-2.140074	0.250000	-1.564594	-0.610684
8.322584	1.234450	0.143944	-2.140074	0.250000	-1.564594	-0.610684
8.332291	1.226575	0.134801	-2.160323	0.250000	-1.542399	-0.601937
8.342275	1.226575	0.134801	-2.160323	0.250000	-1.542399	-0.601937
8.352361	1.226575	0.134801	-2.160323	0.250000	-1.542399	-0.601937
8.362474	1.226575	0.134801	-2.160323	0.250000	-1.542399	-0.601937
8.372394	1.226575	0.134801	-2.160323	0.250000	-1.542399	-0.601937
8.382308	1.226575	0.134801	-2.160323	0.250000	-1.542399	-0.601937
8.392818	1.226575	0.134801	-2.160323	0.250000	-1.542399	-0.601937
8.402535	1.226575	0.134801	-2.160323	0.250000	-1.542399	-0.601937
8.412246	1.221703	0.124645	-2.179617	0.250000	-1.522011	-0.597127
8.422954	1.221703	0.124645	-2.179617	0.250000	-1.522011	-0.597127
8.432292	1.221703	0.124645	-2.179617	0.250000	-1.522011	-0.597127
8.442347	1.221703	0.124645	-2.179617	0.250000	-1.522011	-0.597127
8.452200	1.216631	0.122348	-2.292833	0.250000	-1.398462	-0.555157
8.462279	1.216631	0.122348	-2.292833	0.250000	-1.398462	-0.555157
8.472263	1.216631	0.122348	-2.292833	0.250000	-1.398462	-0.555157
8.482268	1.213436	0.114164	-2.324377	0.250000	-1.364521	-0.546237
8.492279	1.213436	0.114164	-2.324377	0.250000	-1.364521	-0.546237
8.502344	1.213436	0.114164	-2.324377	0.250000	-1.364521	-0.546237
8.512353	1.213436	0.114164	-2.324377	0.250000	-1.364521	-0.546237
8.522362	1.213436	0.114164	-2.324377	0.250000	-1.364521	-0.546237
8.532303	1.213436	0.114164	-2.324377	0.250000	-1.364521	-0.546237
8.542315	1.213436	0.114164	-2.324377	0.250000	-1.364521	-0.546237
8.552321	1.207326	0.107921	-2.352182	0.250000	-1.333498	-0.534690
8.563556	1.207326	0.107921	-2.352182	0.250000	-1.333498	-0.534690
8.572329	1.207326	0.107921	-2.352182	0.250000	-1.333498	-0.534690
8.583089	1.207326	0.107921	-2.352182	0.250000	-1.333498	-0.534690
8.592778	1.207326	0.107921	-2.352182	0.250000	-1.333498	-0.534690
8.602274	1.207326	0.107921	-2.352182	0.250000	-1.333498	-0.534690
8.612325	1.207326	0.107921	-2.352182	0.250000	-1.333498	-0.534690
8.622300	1.201857	0.097354	-2.371820	0.250000	-1.312321	-0.529337
8.632868	1.201857	0.097354	-2.371820	0.250000	-1.312321	-0.529337
8.642663	1.201857	0.097354	-2.371820	0.250000	-1.312321	-0.529337
8.652385	1.201857	0.097354	-2.371820	0.250000	-1.312321	-0.529337
8.662292	1.201857	0.097354	-2.371820	0.250000	-1.312321	-0.529337
8.672312	1.201857	0.097354	-2.371820	0.250000	-1.312321	-0.529337
8.682630	1.201857	0.097354	-2.371820	0.250000	-1.312321	-0.529337
8.692325	1.190971	0.085544	-2.389562	0.250000	-1.292649	-0.522768
8.703234	1.190971	0.085544	-2.389562	0.250000	-1.292649	-0.522768
8.712936	1.190971	0.085544	-2.389562	0.250000	-1.292649	-0.522768
8.722667	1.190971	0.085544	-2.389562	0.250000	-1.292649	-0.522768
8.732385	1.190971	0.085544	-2.389562	0.250000	-1.292649	-0.522768
8.743150	1.190971	0.085544	-2.389562	0.250000	-1.292649	-0.522768
8.752901	1.190971	0.085544	-2.389562	0.250000	-1.292649	-0.522768
8.762645	1.190971	0.085544	-2.389562	0.250000	-1.292649	-0.522768
8.772340	1.179375	0.068779	-2.429157	0.250000	-1.249785	-0.511993
8.782310	1.179375	0.068779	-2.429157	0.250000	-1.249785	-0.511993
8.792295	1.179375	0.068779	-2.429157	0.250000	-1.249785	-0.511993
8.802336	1.179375	0.068779	-2.429157	0.250000	-1.249785	-0.511993
8.812403	1.179375	0.068779	-2.429157	0.250000	-1.249785	-0.511993
8.823258	1.179375	0.068779	-2.429157	0.250000	-1.249785	-0.511993
8.832942	1.160162	0.059169	-2.485704	0.250000	-1.184408	-0.484948
8.842612	1.160162	0.059169	-2.485704	0.250000	-1.184408	-0.484948
8.852459	1.160162	0.059169	-2.485704	0.250000	-1.184408	-0.484948
8.862273	1.160162	0.059169	-2.485704	0.250000	-1.184408	-0.484948
8.872941	1.160162	0.059169	-2.485704	0.250000	-1.184408	-0.484948
8.882635	1.160162	0.059169	-2.485704	0.250000	-1.184408	-0.484948
8.892395	1.140580	0.053599	-2.540331	0.250000	-1.119193	-0.455970
8.903278	1.140580	0.053599	-2.540331	0.250000	-1.119193	-0.455970
8.912985	1.140580	0.053599	-2.540331	0.250000	-1.119193	-0.455970
8.922774	1.140580	0.053599	-2.540331	0.250000	-1.119193	-0.455970
8.932477	1.140580	0.053599	-2.540331	0.250000	-1.119193	-0.455970
8.942333	1.140580	0.053599	-2.540331	0.250000	-1.119193	-0.455970
8.953014	1.140580	0.053599	-2.540331	0.250000	-1.119193	-0.455970
8.962751	1.126954	0.049474	-2.570758	0.250000	-1.082162	-0.439537
8.972342	1.126954	0.049474	-2.570758	0.250000	-1.082162	-0.439537
8.983216	1.126954	0.049474	-2.570758	0.250000	-1.082162	-0.439537
8.993139	1.126954	0.049474	-2.570758	0.250000	-1.082162	-0.439537
9.002982	1.126954	0.049474	-2.570758	0.250000	-1.082162	-0.439537
9.012398	1.126954	0.049474	-2.570758	0.250000	-1.082162	-0.439537
9.022361	1.126954	0.049474	-2.570758	0.250000	-1.082162	-0.439537
9.032370	1.126954	0.049474	-2.570758	0.250000	-1.082162	-0.439537
9.042370	1.115700	0.044511	-2.594729	0.250000	-1.053299	-0.428082
9.052528	1.115700	0.044511	-2.594729	0.250000	-1.053299	-0.428082
9.062467	1.115700	0.044511	-2.594729	0.250000	-1.053299	-0.428082
9.072648	1.115700	0.044511	-2.594729	0.250000	-1.053299	-0.428082
9.082495	1.115700	0.044511	-2.594729	0.250000	-1.053299	-0.428082
9.092533	1.115700	0.044511	-2.594729	0.250000	-1.053299	-0.428082
9.102360	1.115700	0.044511	-2.594729	0.250000	-1.053299	-0.428082
9.113087	1.115700	0.044511	-2.594729	0.250000	-1.053299	-0.428082
9.123767	1.115700	0.044511	-2.594729	0.250000	-1.053299	-0.428082
9.132373	1.103379	0.035955	-2.634508	0.250000	-1.006769	-0.413192
9.142787	1.103379	0.035955	-2.634508	0.250000	-1.006769	-0.413192
9.154957	1.103379	0.035955	-2.634508	0.250000	-1.006769	-0.413192
9.162736	1.103379	0.035955	-2.634508	0.250000	-1.006769	-0.413192
9.172385	1.103379	0.035955	-2.634508	0.250000	-1.006769	-0.413192
9.187950	1.103379	0.035955	-2.634508	0.250000	-1.006769	-0.413192
9.192331	1.084574	0.031756	-2.681208	0.250000	-0.948167	-0.389228
9.202383	1.084574	0.031756	-2.681208	0.250000	-0.948167	-0.389228
9.212596	1.084574	0.031756	-2.681208	0.250000	-0.948167	-0.389228
9.222351	1.084574	0.031756	-2.681208	0.250000	-0.948167	-0.389228
9.233117	1.067312	0.019718	-2.726914	0.250000	-0.894344	-0.374359
9.242881	1.067312	0.019718	-2.726914	0.250000	-0.894344	-0.374359
9.252702	1.067312	0.019718	-2.726914	0.250000	-0.894344	-0.374359
9.262324	1.067312	0.019718	-2.726914	0.250000	-0.894344	-0.374359
9.273116	1.067312	0.019718	-2.726914	0.250000	-0.894344	-0.374359
9.282872	1.067312	0.019718	-2.726914	0.250000	-0.894344	-0.374359
9.292572	1.044878	0.002705	-2.739232	0.250000	-0.883090	-0.376246
9.302426	1.044878	0.002705	-2.739232	0.250000	-0.883090	-0.376246
9.313148	1.044878	0.002705	-2.739232	0.250000	-0.883090	-0.376246
9.322914	1.044878	0.002705	-2.739232	0.250000	-0.883090	-0.376246
9.332646	1.044878	0.002705	-2.739232	0.250000	-0.883090	-0.376246
9.342368	1.044878	0.002705	-2.739232	0.250000	-0.883090	-0.376246
9.352462	1.044878	0.002705	-2.739232	0.250000	-0.883090	-0.376246
9.362928	1.048096	0.005469	-2.685444	0.250000	-0.946942	-0.395037
9.373291	1.048096	0.005469	-2.685444	0.250000	-0.946942	-0.395037
9.382379	1.048096	0.005469	-2.685444	0.250000	-0.946942	-0.395037
9.393272	1.056083	-0.001224	-2.682350	0.250000	-0.955350	-0.405698
9.403388	1.056083	-0.001224	-2.682350	0.250000	-0.955350	-0.405698
9.412699	1.056083	-0.001224	-2.682350	0.250000	-0.955350	-0.405698
9.422447	1.056083	-0.001224	-2.682350	0.250000	-0.955350	-0.405698
9.433033	1.072824	0.003541	-2.691897	0.250000	-0.945548	-0.405174
9.442890	1.072824	0.003541	-2.691897	0.250000	-0.945548	-0.405174
9.452681	1.072824	0.003541	-2.691897	0.250000	-0.945548	-0.405174
9.462401	1.072824	0.003541	-2.691897	0.250000	-0.945548	-0.405174
9.472492	1.072824	0.003541	-2.691897	0.250000	-0.945548	-0.405174
9.482924	1.072824	0.003541	-2.691897	0.250000	-0.945548	-0.405174
9.492812	1.072824	0.003541	-2.691897	0.250000	-0.945548	-0.405174
9.502592	1.072824	0.003541	-2.691897	0.250000	-0.945548	-0.405174
9.512286	1.066062	-0.008175	-2.756032	0.250000	-0.872624	-0.387867
9.522267	1.066062	-0.008175	-2.756032	0.250000	-0.872624	-0.387867
9.532689	1.066062	-0.008175	-2.756032	0.250000	-0.872624	-0.387867
9.542467	1.061194	-0.004574	-2.762378	0.250000	-0.862122	-0.380166
9.553165	1.061194	-0.004574	-2.762378	0.250000	-0.862122	-0.380166
9.562888	1.061194	-0.004574	-2.762378	0.250000	-0.862122	-0.380166
9.572760	1.061194	-0.004574	-2.762378	0.250000	-0.862122	-0.380166
9.582468	1.061194	-0.004574	-2.762378	0.250000	-0.862122	-0.380166
9.593206	1.058221	-0.001211	-2.771550	0.250000	-0.848515	-0.372266
9.602304	1.058221	-0.001211	-2.771550	0.250000	-0.848515	-0.372266
9.612701	1.058221	-0.001211	-2.771550	0.250000	-0.848515	-0.372266
9.622431	1.058221	-0.001211	-2.771550	0.250000	-0.848515	-0.372266
9.633205	1.060709	-0.006040	-2.773415	0.250000	-0.849282	-0.376916
9.642951	1.060709	-0.006040	-2.773415	0.250000	-0.849282	-0.376916
9.652385	1.060709	-0.006040	-2.773415	0.250000	-0.849282	-0.376916
9.662596	1.060709	-0.006040	-2.773415	0.250000	-0.849282	-0.376916
9.672284	1.060709	-0.006040	-2.773415	0.250000	-0.849282	-0.376916
9.682365	1.060709	-0.006040	-2.773415	0.250000	-0.849282	-0.376916
9.692725	1.060709	-0.006040	-2.773415	0.250000	-0.849282	-0.376916
9.702497	1.060709	-0.006040	-2.773415	0.250000	-0.849282	-0.376916
9.712184	1.057680	-0.007221	-2.767094	0.250000	-0.857012	-0.379451
9.722248	1.057680	-0.007221	-2.767094	0.250000	-0.857012	-0.379451
9.732272	1.057680	-0.007221	-2.767094	0.250000	-0.857012	-0.379451
9.742480	1.054535	-0.001443	-2.753434	0.250000	-0.870043	-0.378314
9.752494	1.054535	-0.001443	-2.753434	0.250000	-0.870043	-0.378314
9.762290	1.053838	0.001126	-2.749104	0.250000	-0.873846	-0.377368
9.772818	1.053838	0.001126	-2.749104	0.250000	-0.873846	-0.377368
9.782541	1.053838	0.001126	-2.749104	0.250000	-0.873846	-0.377368
9.792286	1.053838	0.001126	-2.749104	0.250000	-0.873846	-0.377368
9.803026	1.053838	0.001126	-2.749104	0.250000	-0.873846	-0.377368
9.812344	1.053838	0.001126	-2.749104	0.250000	-0.873846	-0.377368
9.822585	1.053838	0.001126	-2.749104	0.250000	-0.873846	-0.377368
9.832345	1.053838	0.001126	-2.749104	0.250000	-0.873846	-0.377368
9.843061	1.053838	0.001126	-2.749104	0.250000	-0.873846	-0.377368
9.852806	1.056529	0.000947	-2.760028	0.250000	-0.861165	-0.374245
9.862535	1.056529	0.000947	-2.760028	0.250000	-0.861165	-0.374245
9.872268	1.056529	0.000947	-2.760028	0.250000	-0.861165	-0.374245
9.883061	1.056529	0.000947	-2.760028	0.250000	-0.861165	-0.374245
9.892814	1.056529	0.000947	-2.760028	0.250000	-0.861165	-0.374245
9.902297	1.056529	0.000947	-2.760028	0.250000	-0.861165	-0.374245
9.912356	1.053855	0.002407	-2.771112	0.250000	-0.846184	-0.367489
9.923412	1.053855	0.002407	-2.771112	0.250000	-0.846184	-0.367489
9.932959	1.054997	0.008223	-2.759869	0.250000	-0.857132	-0.366985
9.942606	1.054997	0.008223	-2.759869	0.250000	-0.857132	-0.366985
9.952430	1.054997	0.008223	-2.759869	0.250000	-0.857132	-0.366985
9.963163	1.054997	0.008223	-2.759869	0.250000	-0.857132	-0.366985
9.972914	1.054997	0.008223	-2.759869	0.250000	-0.857132	-0.366985
9.982687	1.054997	0.008223	-2.759869	0.250000	-0.857132	-0.366985
9.993366	1.054997	0.008223	-2.759869	0.250000	-0.857132	-0.366985
10.003131	1.054997	0.008223	-2.759869	0.250000	-0.857132	-0.366985
10.012896	1.054997	0.008223	-2.759869	0.250000	-0.857132	-0.366985
10.022641	1.050407	0.014283	-2.757587	0.250000	-0.855566	-0.360555
10.035620	1.050407	0.014283	-2.757587	0.250000	-0.855566	-0.360555
10.042338	1.050407	0.014283	-2.757587	0.250000	-0.855566	-0.360555
10.052951	1.050407	0.014283	-2.757587	0.250000	-0.855566	-0.360555
10.062627	1.050407	0.014283	-2.757587	0.250000	-0.855566	-0.360555
10.072443	1.050407	0.014283	-2.757587	0.250000	-0.855566	-0.360555
10.082356	1.050407	0.014283	-2.757587	0.250000	-0.855566	-0.360555
10.092900	1.050407	0.014283	-2.757587	0.250000	-0.855566	-0.360555
10.102711	1.050407	0.014283	-2.757587	0.250000	-0.855566	-0.360555
10.112445	1.050407	0.014283	-2.757587	0.250000	-0.855566	-0.360555
10.126657	1.050407	0.014283	-2.757587	0.250000	-0.855566	-0.360555
10.132898	1.056525	0.011553	-2.684941	0.250000	-0.946644	-0.393476
10.142382	1.056525	0.011553	-2.684941	0.250000	-0.946644	-0.393476
10.152476	1.056525	0.011553	-2.684941	0.250000	-0.946644	-0.393476
10.163188	1.056525	0.011553	-2.684941	0.250000	-0.946644	-0.393476
10.172659	1.053153	0.004641	-2.698104	0.250000	-0.933407	-0.393331
10.182689	1.053153	0.004641	-2.698104	0.250000	-0.933407	-0.393331
10.192326	1.053153	0.004641	-2.698104	0.250000	-0.933407	-0.393331
10.202302	1.053153	0.004641	-2.698104	0.250000	-0.933407	-0.393331
10.212939	1.053153	0.004641	-2.698104	0.250000	-0.933407	-0.393331
10.222707	1.053153	0.004641	-2.698104	0.250000	-0.933407	-0.393331
10.232436	1.053153	0.004641	-2.698104	0.250000	-0.933407	-0.393331
10.242343	1.055757	-0.001251	-2.692586	0.250000	-0.943210	-0.401815
10.252478	1.055757	-0.001251	-2.692586	0.250000	-0.943210	-0.401815
10.262348	1.055757	-0.001251	-2.692586	0.250000	-0.943210	-0.401815
10.272419	1.055757	-0.001251	-2.692586	0.250000	-0.943210	-0.401815
10.282308	1.055757	-0.001251	-2.692586	0.250000	-0.943210	-0.401815
10.292262	1.055757	-0.001251	-2.692586	0.250000	-0.943210	-0.401815
10.302741	1.055757	-0.001251	-2.692586	0.250000	-0.943210	-0.401815
10.312497	1.057508	-0.003103	-2.755134	0.250000	-0.869443	-0.380305
10.322316	1.057508	-0.003103	-2.755134	0.250000	-0.869443	-0.380305
10.332994	1.057508	-0.003103	-2.755134	0.250000	-0.869443	-0.380305
10.342352	1.057508	-0.003103	-2.755134	0.250000	-0.869443	-0.380305
10.352351	1.060212	-0.005575	-2.748648	0.250000	-0.879110	-0.386177
10.362390	1.060212	-0.005575	-2.748648	0.250000	-0.879110	-0.386177
10.372324	1.060212	-0.005575	-2.748648	0.250000	-0.879110	-0.386177
10.382307	1.060212	-0.005575	-2.748648	0.250000	-0.879110	-0.386177
10.392526	1.063275	-0.005610	-2.736619	0.250000	-0.894270	-0.392128
10.402397	1.063275	-0.005610	-2.736619	0.250000	-0.894270	-0.392128
10.413116	1.063275	-0.005610	-2.736619	0.250000	-0.894270	-0.392128
10.422799	1.063275	-0.005610	-2.736619	0.250000	-0.894270	-0.392128
10.432641	1.063275	-0.005610	-2.736619	0.250000	-0.894270	-0.392128
10.442325	1.063275	-0.005610	-2.736619	0.250000	-0.894270	-0.392128
10.453157	1.063275	-0.005610	-2.736619	0.250000	-0.894270	-0.392128
10.462296	1.063275	-0.005610	-2.736619	0.250000	-0.894270	-0.392128
10.473916	1.061904	-0.014336	-2.743686	0.250000	-0.889628	-0.396859
10.482337	1.061904	-0.014336	-2.743686	0.250000	-0.889628	-0.396859
10.493080	1.061904	-0.014336	-2.743686	0.250000	-0.889628	-0.396859
10.502790	1.061904	-0.014336	-2.743686	0.250000	-0.889628	-0.396859
10.512582	1.061904	-0.014336	-2.743686	0.250000	-0.889628	-0.396859
10.522377	1.061904	-0.014336	-2.743686	0.250000	-0.889628	-0.396859
10.533093	1.057979	-0.006414	-2.746345	0.250000	-0.881850	-0.386998
10.542319	1.057979	-0.006414	-2.746345	0.250000	-0.881850	-0.386998
10.552624	1.057979	-0.006414	-2.746345	0.250000	-0.881850	-0.386998
10.562334	1.057979	-0.006414	-2.746345	0.250000	-0.881850	-0.386998
10.575083	1.051587	-0.000349	-2.758520	0.250000	-0.862648	-0.374199
10.582844	1.051587	-0.000349	-2.758520	0.250000	-0.862648	-0.374199
10.592660	1.051587	-0.000349	-2.758520	0.250000	-0.862648	-0.374199
10.602351	1.051587	-0.000349	-2.758520	0.250000	-0.862648	-0.374199
10.612314	1.051587	-0.000349	-2.758520	0.250000	-0.862648	-0.374199
10.622347	1.051587	-0.000349	-2.758520	0.250000	-0.862648	-0.374199
10.632404	1.051587	-0.000349	-2.758520	0.250000	-0.862648	-0.374199
10.642378	1.049184	0.004980	-2.756317	0.250000	-0.861990	-0.369219
10.652309	1.049184	0.004980	-2.756317	0.250000	-0.861990	-0.369219
10.662678	1.049184	0.004980	-2.756317	0.250000	-0.861990	-0.369219
10.672640	1.049184	0.004980	-2.756317	0.250000	-0.861990	-0.369219
10.682338	1.049184	0.004980	-2.756317	0.250000	-0.861990	-0.369219
10.692240	1.052101	0.002291	-2.760393	0.250000	-0.859063	-0.371205
10.702281	1.052101	0.002291	-2.760393	0.250000	-0.859063	-0.371205
10.712593	1.052101	0.002291	-2.760393	0.250000	-0.859063	-0.371205
10.722373	1.052101	0.002291	-2.760393	0.250000	-0.859063	-0.371205
10.733123	1.052101	0.002291	-2.760393	0.250000	-0.859063	-0.371205
10.742894	1.052101	0.002291	-2.760393	0.250000	-0.859063	-0.371205
10.752836	1.056376	-0.002306	-2.757653	0.250000	-0.865730	-0.378146
10.762341	1.056376	-0.002306	-2.757653	0.250000	-0.865730	-0.378146
10.772305	1.056376	-0.002306	-2.757653	0.250000	-0.865730	-0.378146
10.782309	1.056376	-0.002306	-2.757653	0.250000	-0.865730	-0.378146
10.795806	1.056376	-0.002306	-2.757653	0.250000	-0.865730	-0.378146
10.802485	1.056376	-0.002306	-2.757653	0.250000	-0.865730	-0.378146
10.813199	1.056376	-0.002306	-2.757653	0.250000	-0.865730	-0.378146
10.822279	1.056376	-0.002306	-2.757653	0.250000	-0.865730	-0.378146
10.832695	1.056476	0.003949	-2.751911	0.250000	-0.869518	-0.374661
10.842440	1.056476	0.003949	-2.751911	0.250000	-0.869518	-0.374661
10.852320	1.056476	0.003949	-2.751911	0.250000	-0.869518	-0.374661
10.862314	1.056476	0.003949	-2.751911	0.250000	-0.869518	-0.374661
10.872711	1.056476	0.003949	-2.751911	0.250000	-0.869518	-0.374661
10.882432	1.056476	0.003949	-2.751911	0.250000	-0.869518	-0.374661
10.892206	1.056476	0.003949	-2.751911	0.250000	-0.869518	-0.374661
10.902981	1.055482	0.003340	-2.751027	0.250000	-0.870703	-0.375195
10.912788	1.055482	0.003340	-2.751027	0.250000	-0.870703	-0.375195
10.922532	1.055482	0.003340	-2.751027	0.250000	-0.870703	-0.375195
10.932299	1.051167	0.007876	-2.759886	0.250000	-0.856458	-0.365874
10.942999	1.051167	0.007876	-2.759886	0.250000	-0.856458	-0.365874
10.952335	1.051167	0.007876	-2.759886	0.250000	-0.856458	-0.365874
10.962291	1.051167	0.007876	-2.759886	0.250000	-0.856458	-0.365874
10.972250	1.052754	-0.002084	-2.765804	0.250000	-0.854897	-0.373377
10.982334	1.052754	-0.002084	-2.765804	0.250000	-0.854897	-0.373377
10.992753	1.052754	-0.002084	-2.765804	0.250000	-0.854897	-0.373377
11.002456	1.052754	-0.002084	-2.765804	0.250000	-0.854897	-0.373377
11.013300	1.051704	-0.002394	-2.768845	0.250000	-0.851115	-0.372081
11.023025	1.051704	-0.002394	-2.768845	0.250000	-0.851115	-0.372081
11.032720	1.051704	-0.002394	-2.768845	0.250000	-0.851115	-0.372081
11.043183	1.051704	-0.002394	-2.768845	0.250000	-0.851115	-0.372081
11.052335	1.051704	-0.002394	-2.768845	0.250000	-0.851115	-0.372081
11.062395	1.056142	-0.005593	-2.760157	0.250000	-0.864317	-0.380119
11.072893	1.056142	-0.005593	-2.760157	0.250000	-0.864317	-0.380119
11.082583	1.056216	-0.004577	-2.749685	0.250000	-0.876537	-0.383320
11.092305	1.056216	-0.004577	-2.749685	0.250000	-0.876537	-0.383320
11.102324	1.056216	-0.004577	-2.749685	0.250000	-0.876537	-0.383320
11.112312	1.056216	-0.004577	-2.749685	0.250000	-0.876537	-0.383320
11.123489	1.059937	0.000493	-2.734115	0.250000	-0.893645	-0.386182
11.132350	1.059937	0.000493	-2.734115	0.250000	-0.893645	-0.386182
11.143092	1.059937	0.000493	-2.734115	0.250000	-0.893645	-0.386182
11.155292	1.059937	0.000493	-2.734115	0.250000	-0.893645	-0.386182
11.162408	1.059937	0.000493	-2.734115	0.250000	-0.893645	-0.386182
11.172321	1.059937	0.000493	-2.734115	0.250000	-0.893645	-0.386182
11.182261	1.059937	0.000493	-2.734115	0.250000	-0.893645	-0.386182
11.192784	1.061597	0.005756	-2.729557	0.250000	-0.896923	-0.383799
11.202595	1.061597	0.005756	-2.729557	0.250000	-0.896923	-0.383799
11.212302	1.061597	0.005756	-2.729557	0.250000	-0.896923	-0.383799
11.223105	1.061597	0.005756	-2.729557	0.250000	-0.896923	-0.383799
11.232879	1.061617	0.006145	-2.738947	0.250000	-0.885322	-0.379748
11.242716	1.061617	0.006145	-2.738947	0.250000	-0.885322	-0.379748
11.252442	1.061617	0.006145	-2.738947	0.250000	-0.885322	-0.379748
11.262303	1.061617	0.006145	-2.738947	0.250000	-0.885322	-0.379748
11.272877	1.061617	0.006145	-2.738947	0.250000	-0.885322	-0.379748
11.282605	1.057882	0.001202	-2.750952	0.250000	-0.872415	-0.378116
11.292362	1.057882	0.001202	-2.750952	0.250000	-0.872415	-0.378116
11.302298	1.057882	0.001202	-2.750952	0.250000	-0.872415	-0.378116
11.312261	1.057882	0.001202	-2.750952	0.250000	-0.872415	-0.378116
11.322335	1.057882	0.001202	-2.750952	0.250000	-0.872415	-0.378116
11.332261	1.057882	0.001202	-2.750952	0.250000	-0.872415	-0.378116
11.345771	1.056073	-0.007211	-2.755999	0.250000	-0.870174	-0.383230
11.352276	1.056073	-0.007211	-2.755999	0.250000	-0.870174	-0.383230
11.362633	1.056073	-0.007211	-2.755999	0.250000	-0.870174	-0.383230
11.372439	1.056073	-0.007211	-2.755999	0.250000	-0.870174	-0.383230
11.382276	1.056073	-0.007211	-2.755999	0.250000	-0.870174	-0.383230
11.392348	1.056073	-0.007211	-2.755999	0.250000	-0.870174	-0.383230
11.402311	1.052912	-0.003350	-2.753751	0.250000	-0.870294	-0.379341
11.412419	1.052912	-0.003350	-2.753751	0.250000	-0.870294	-0.379341
11.423177	1.052912	-0.003350	-2.753751	0.250000	-0.870294	-0.379341
11.432921	1.050806	0.000304	-2.758900	0.250000	-0.861672	-0.373152
11.442684	1.050806	0.000304	-2.758900	0.250000	-0.861672	-0.373152
11.452336	1.050806	0.000304	-2.758900	0.250000	-0.861672	-0.373152
11.462243	1.050806	0.000304	-2.758900	0.250000	-0.861672	-0.373152
11.472974	1.050806	0.000304	-2.758900	0.250000	-0.861672	-0.373152
11.482309	1.050806	0.000304	-2.758900	0.250000	-0.861672	-0.373152
11.492422	1.050806	0.000304	-2.758900	0.250000	-0.861672	-0.373152
11.502186	1.052706	0.000933	-2.749287	0.250000	-0.873481	-0.377042
11.512945	1.052706	0.000933	-2.749287	0.250000	-0.873481	-0.377042
11.522660	1.052706	0.000933	-2.749287	0.250000	-0.873481	-0.377042
11.532406	1.052706	0.000933	-2.749287	0.250000	-0.873481	-0.377042
11.542256	1.052706	0.000933	-2.749287	0.250000	-0.873481	-0.377042
11.553186	1.057122	0.003350	-2.749146	0.250000	-0.873348	-0.376553
11.562676	1.062210	0.005696	-2.743407	0.250000	-0.880240	-0.378622
11.572515	1.062210	0.005696	-2.743407	0.250000	-0.880240	-0.378622
11.582191	1.062210	0.005696	-2.743407	0.250000	-0.880240	-0.378622
11.592972	1.062210	0.005696	-2.743407	0.250000	-0.880240	-0.378622
11.602753	1.062210	0.005696	-2.743407	0.250000	-0.880240	-0.378622
11.612600	1.062210	0.005696	-2.743407	0.250000	-0.880240	-0.378622
11.622215	1.062210	0.005696	-2.743407	0.250000	-0.880240	-0.378622
11.632202	1.062210	0.005696	-2.743407	0.250000	-0.880240	-0.378622
11.642759	1.061500	0.005251	-2.755255	0.250000	-0.865813	-0.374024
11.652563	1.061500	0.005251	-2.755255	0.250000	-0.865813	-0.374024
11.662264	1.061500	0.005251	-2.755255	0.250000	-0.865813	-0.374024
11.672923	1.061500	0.005251	-2.755255	0.250000	-0.865813	-0.374024
11.682682	1.061500	0.005251	-2.755255	0.250000	-0.865813	-0.374024
11.692446	1.061500	0.005251	-2.755255	0.250000	-0.865813	-0.374024
11.702215	1.061500	0.005251	-2.755255	0.250000	-0.865813	-0.374024
11.713010	1.061500	0.005251	-2.755255	0.250000	-0.865813	-0.374024
11.722805	1.061500	0.005251	-2.755255	0.250000	-0.865813	-0.374024
11.735513	1.061500	0.005251	-2.755255	0.250000	-0.865813	-0.374024
11.742260	1.061500	0.005251	-2.755255	0.250000	-0.865813	-0.374024
11.753069	1.061500	0.005251	-2.755255	0.250000	-0.865813	-0.374024
11.762716	1.061500	0.005251	-2.755255	0.250000	-0.865813	-0.374024
11.772488	1.061500	0.005251	-2.755255	0.250000	-0.865813	-0.374024
11.782246	1.061500	0.005251	-2.755255	0.250000	-0.865813	-0.374024
11.792614	1.061500	0.005251	-2.755255	0.250000	-0.865813	-0.374024
11.802297	1.061500	0.005251	-2.755255	0.250000	-0.865813	-0.374024
11.812578	1.061500	0.005251	-2.755255	0.250000	-0.865813	-0.374024
11.822353	1.061500	0.005251	-2.755255	0.250000	-0.865813	-0.374024
11.832742	1.057084	0.002833	-2.755396	0.250000	-0.865966	-0.374543
11.842286	1.057084	0.002833	-2.755396	0.250000	-0.865966	-0.374543
11.852706	1.057084	0.002833	-2.755396	0.250000	-0.865966	-0.374543
11.862401	1.057084	0.002833	-2.755396	0.250000	-0.865966	-0.374543
11.872275	1.057084	0.002833	-2.755396	0.250000	-0.865966	-0.374543
11.882255	1.057084	0.002833	-2.755396	0.250000	-0.865966	-0.374543
11.892294	1.057084	0.002833	-2.755396	0.250000	-0.865966	-0.374543
11.902288	1.055802	-0.005257	-2.758446	0.250000	-0.866159	-0.380355
11.912266	1.055802	-0.005257	-2.758446	0.250000	-0.866159	-0.380355
11.922270	1.055802	-0.005257	-2.758446	0.250000	-0.866159	-0.380355
11.932360	1.055802	-0.005257	-2.758446	0.250000	-0.866159	-0.380355
11.942324	1.053974	-0.003165	-2.754275	0.250000	-0.869784	-0.379367
11.952250	1.053974	-0.003165	-2.754275	0.250000	-0.869784	-0.379367
11.962854	1.053974	-0.003165	-2.754275	0.250000	-0.869784	-0.379367
11.972432	1.053974	-0.003165	-2.754275	0.250000	-0.869784	-0.379367
11.982380	1.053974	-0.003165	-2.754275	0.250000	-0.869784	-0.379367
11.992223	1.053974	-0.003165	-2.754275	0.250000	-0.869784	-0.379367
12.002265	1.058570	-0.004242	-2.756980	0.250000	-0.867994	-0.381029
12.012649	1.058570	-0.004242	-2.756980	0.250000	-0.867994	-0.381029
12.022328	1.058570	-0.004242	-2.756980	0.250000	-0.867994	-0.381029
12.032238	1.058570	-0.004242	-2.756980	0.250000	-0.867994	-0.381029
12.042295	1.058570	-0.004242	-2.756980	0.250000	-0.867994	-0.381029
12.052358	1.058570	-0.004242	-2.756980	0.250000	-0.867994	-0.381029
12.062408	1.058570	-0.004242	-2.756980	0.250000	-0.867994	-0.381029
12.072800	1.060603	0.002793	-2.742515	0.250000	-0.882458	-0.381027
12.082328	1.060603	0.002793	-2.742515	0.250000	-0.882458	-0.381027
12.092175	1.060603	0.002793	-2.742515	0.250000	-0.882458	-0.381027
12.102420	1.060603	0.002793	-2.742515	0.250000	-0.882458	-0.381027
12.112390	1.060603	0.002793	-2.742515	0.250000	-0.882458	-0.381027
12.124368	1.060603	0.002793	-2.742515	0.250000	-0.882458	-0.381027
12.132449	1.060603	0.002793	-2.742515	0.250000	-0.882458	-0.381027
12.142361	1.062503	0.002022	-2.744596	0.250000	-0.880718	-0.381650
12.154222	1.062503	0.002022	-2.744596	0.250000	-0.880718	-0.381650
12.162947	1.062503	0.002022	-2.744596	0.250000	-0.880718	-0.381650
12.172687	1.062503	0.002022	-2.744596	0.250000	-0.880718	-0.381650
12.183695	1.062503	0.002022	-2.744596	0.250000	-0.880718	-0.381650
12.192247	1.059288	0.001537	-2.745046	0.250000	-0.879735	-0.380677
12.202487	1.059288	0.001537	-2.745046	0.250000	-0.879735	-0.380677
12.212298	1.059288	0.001537	-2.745046	0.250000	-0.879735	-0.380677
12.222490	1.059288	0.001537	-2.745046	0.250000	-0.879735	-0.380677
12.233755	1.054653	0.004760	-2.751136	0.250000	-0.869647	-0.373523
12.242201	1.054653	0.004760	-2.751136	0.250000	-0.869647	-0.373523
12.252780	1.054653	0.004760	-2.751136	0.250000	-0.869647	-0.373523
12.262510	1.054653	0.004760	-2.751136	0.250000	-0.869647	-0.373523
12.274336	1.054653	0.004760	-2.751136	0.250000	-0.869647	-0.373523
12.282340	1.054653	0.004760	-2.751136	0.250000	-0.869647	-0.373523
12.292291	1.054653	0.004760	-2.751136	0.250000	-0.869647	-0.373523
12.302321	1.051690	0.005347	-2.748532	0.250000	-0.871879	-0.372870
12.312346	1.051690	0.005347	-2.748532	0.250000	-0.871879	-0.372870
12.322259	1.051690	0.005347	-2.748532	0.250000	-0.871879	-0.372870
12.332319	1.051017	0.004480	-2.747780	0.250000	-0.873107	-0.373706
12.342748	1.051017	0.004480	-2.747780	0.250000	-0.873107	-0.373706
12.352369	1.051017	0.004480	-2.747780	0.250000	-0.873107	-0.373706
12.362316	1.051017	0.004480	-2.747780	0.250000	-0.873107	-0.373706
12.372797	1.051017	0.004480	-2.747780	0.250000	-0.873107	-0.373706
12.382589	1.051017	0.004480	-2.747780	0.250000	-0.873107	-0.373706
12.392359	1.051017	0.004480	-2.747780	0.250000	-0.873107	-0.373706
12.402259	1.055249	-0.004575	-2.754945	0.250000	-0.869954	-0.380892
12.413887	1.055249	-0.004575	-2.754945	0.250000	-0.869954	-0.380892
12.422613	1.055249	-0.004575	-2.754945	0.250000	-0.869954	-0.380892
12.432387	1.055249	-0.004575	-2.754945	0.250000	-0.869954	-0.380892
