t	x(t)	y(t)	theta(t)	v(t)	gamma(t)	efa
0.003546	0.696010	0.153695	1.597209	0.250000	0.036485	-0.003920
0.004249	0.696010	0.153695	1.597209	0.250000	0.036485	-0.003920
0.014189	0.696010	0.153695	1.597209	0.250000	0.036485	-0.003920
0.024080	0.696010	0.153695	1.597209	0.250000	0.036485	-0.003920
0.034107	0.696010	0.153695	1.597209	0.250000	0.036485	-0.003920
0.044420	0.696010	0.153695	1.597209	0.250000	0.036485	-0.003920
0.054148	0.696010	0.153695	1.597209	0.250000	0.036485	-0.003920
0.064101	0.696010	0.153695	1.597209	0.250000	0.036485	-0.003920
0.074102	0.696010	0.153695	1.597209	0.250000	0.036485	-0.003920
0.084779	0.696010	0.153695	1.597209	0.250000	0.036485	-0.003920
0.095683	0.696010	0.153695	1.597209	0.250000	0.036485	-0.003920
0.104962	0.696010	0.153695	1.597209	0.250000	0.036485	-0.003920
0.114120	0.696010	0.153695	1.597209	0.250000	0.036485	-0.003920
0.124506	0.696010	0.153695	1.597209	0.250000	0.036485	-0.003920
0.134248	0.696010	0.153695	1.597209	0.250000	0.036485	-0.003920
0.144065	0.696010	0.153695	1.597209	0.250000	0.036485	-0.003920
0.154067	0.696010	0.153695	1.597209	0.250000	0.036485	-0.003920
0.164485	0.695188	0.153503	1.591718	0.250000	0.041160	-0.003988
0.174245	0.695188	0.153503	1.591718	0.250000	0.041160	-0.003988
0.184161	0.695188	0.153503	1.591718	0.250000	0.041160	-0.003988
0.194053	0.695188	0.153503	1.591718	0.250000	0.041160	-0.003988
0.204529	0.695188	0.153503	1.591718	0.250000	0.041160	-0.003988
0.214309	0.695188	0.153503	1.591718	0.250000	0.041160	-0.003988
0.224052	0.695188	0.153503	1.591718	0.250000	0.041160	-0.003988
0.234768	0.695188	0.153503	1.591718	0.250000	0.041160	-0.003988
0.244559	0.695188	0.153503	1.591718	0.250000	0.041160	-0.003988
0.254416	0.695188	0.153503	1.591718	0.250000	0.041160	-0.003988
0.264066	0.695188	0.153503	1.591718	0.250000	0.041160	-0.003988
0.274086	0.695188	0.153503	1.591718	0.250000	0.041160	-0.003988
0.284582	0.695188	0.153503	1.591718	0.250000	0.041160	-0.003988
0.294265	0.695203	0.156882	1.591858	0.250000	0.043138	-0.003598
0.304061	0.695203	0.156882	1.591858	0.250000	0.043138	-0.003598
0.314965	0.695203	0.156882	1.591858	0.250000	0.043138	-0.003598
0.324591	0.695203	0.156882	1.591858	0.250000	0.043138	-0.003598
0.334302	0.694503	0.164351	1.586575	0.250000	0.050890	-0.002801
0.344077	0.694503	0.164351	1.586575	0.250000	0.050890	-0.002801
0.355064	0.694503	0.164351	1.586575	0.250000	0.050890	-0.002801
0.364709	0.694503	0.164351	1.586575	0.250000	0.050890	-0.002801
0.374307	0.694503	0.164351	1.586575	0.250000	0.050890	-0.002801
0.384104	0.694503	0.164351	1.586575	0.250000	0.050890	-0.002801
0.394066	0.694503	0.164351	1.586575	0.250000	0.050890	-0.002801
0.404661	0.694359	0.177120	1.588682	0.250000	0.040322	-0.002195
0.414470	0.694359	0.177120	1.588682	0.250000	0.040322	-0.002195
0.424115	0.694359	0.177120	1.588682	0.250000	0.040322	-0.002195
0.434100	0.694359	0.177120	1.588682	0.250000	0.040322	-0.002195
0.444582	0.694359	0.177120	1.588682	0.250000	0.040322	-0.002195
0.454344	0.694359	0.177120	1.588682	0.250000	0.040322	-0.002195
0.464123	0.694054	0.191549	1.592056	0.250000	0.008616	-0.001964
0.474059	0.694054	0.191549	1.592056	0.250000	0.008616	-0.001964
0.484652	0.694054	0.191549	1.592056	0.250000	0.008616	-0.001964
0.495772	0.694054	0.191549	1.592056	0.250000	0.008616	-0.001964
0.504141	0.694054	0.191549	1.592056	0.250000	0.008616	-0.001964
0.514087	0.694054	0.191549	1.592056	0.250000	0.008616	-0.001964
0.524662	0.693773	0.206634	1.599399	0.250000	-0.065808	-0.002840
0.534419	0.693773	0.206634	1.599399	0.250000	-0.065808	-0.002840
0.544144	0.693773	0.206634	1.599399	0.250000	-0.065808	-0.002840
0.554924	0.693773	0.206634	1.599399	0.250000	-0.065808	-0.002840
0.564644	0.693773	0.206634	1.599399	0.250000	-0.065808	-0.002840
0.574526	0.693773	0.206634	1.599399	0.250000	-0.065808	-0.002840
0.584162	0.693773	0.206634	1.599399	0.250000	-0.065808	-0.002840
0.594036	0.693773	0.206634	1.599399	0.250000	-0.065808	-0.002840
0.604670	0.693773	0.206634	1.599399	0.250000	-0.065808	-0.002840
0.614624	0.693773	0.206634	1.599399	0.250000	-0.065808	-0.002840
0.624267	0.693773	0.206634	1.599399	0.250000	-0.065808	-0.002840
0.634028	0.693171	0.225649	1.597958	0.250000	-0.152824	-0.003839
0.644590	0.693171	0.225649	1.597958	0.250000	-0.152824	-0.003839
0.654451	0.693171	0.225649	1.597958	0.250000	-0.152824	-0.003839
0.664202	0.693171	0.225649	1.597958	0.250000	-0.152824	-0.003839
0.674936	0.693171	0.225649	1.597958	0.250000	-0.152824	-0.003839
0.684712	0.693171	0.225649	1.597958	0.250000	-0.152824	-0.003839
0.694435	0.692763	0.244828	1.592520	0.250000	-0.270547	-0.005983
0.704247	0.692763	0.244828	1.592520	0.250000	-0.270547	-0.005983
0.714207	0.692763	0.244828	1.592520	0.250000	-0.270547	-0.005983
0.724743	0.692763	0.244828	1.592520	0.250000	-0.270547	-0.005983
0.734479	0.692763	0.244828	1.592520	0.250000	-0.270547	-0.005983
0.744207	0.692763	0.244828	1.592520	0.250000	-0.270547	-0.005983
0.754092	0.692763	0.244828	1.592520	0.250000	-0.270547	-0.005983
0.764720	0.692454	0.264868	1.583243	0.250000	-0.395799	-0.009254
0.774094	0.692454	0.264868	1.583243	0.250000	-0.395799	-0.009254
0.784341	0.692454	0.264868	1.583243	0.250000	-0.395799	-0.009254
0.794002	0.692454	0.264868	1.583243	0.250000	-0.395799	-0.009254
0.804976	0.692454	0.264868	1.583243	0.250000	-0.395799	-0.009254
0.814565	0.692668	0.282056	1.583340	0.250000	-0.525945	-0.013841
0.824375	0.692668	0.282056	1.583340	0.250000	-0.525945	-0.013841
0.834091	0.692668	0.282056	1.583340	0.250000	-0.525945	-0.013841
0.844680	0.692668	0.282056	1.583340	0.250000	-0.525945	-0.013841
0.854737	0.692668	0.282056	1.583340	0.250000	-0.525945	-0.013841
0.864283	0.692668	0.282056	1.583340	0.250000	-0.525945	-0.013841
0.874044	0.692668	0.282056	1.583340	0.250000	-0.525945	-0.013841
0.884813	0.692668	0.282056	1.583340	0.250000	-0.525945	-0.013841
0.894604	0.692668	0.282056	1.583340	0.250000	-0.525945	-0.013841
0.904295	0.692668	0.282056	1.583340	0.250000	-0.525945	-0.013841
0.914199	0.692668	0.282056	1.583340	0.250000	-0.525945	-0.013841
0.924757	0.692235	0.303156	1.577598	0.250000	-0.684237	-0.020732
0.934710	0.692235	0.303156	1.577598	0.250000	-0.684237	-0.020732
0.944318	0.692235	0.303156	1.577598	0.250000	-0.684237	-0.020732
0.954124	0.692235	0.303156	1.577598	0.250000	-0.684237	-0.020732
0.964799	0.692235	0.303156	1.577598	0.250000	-0.684237	-0.020732
0.974555	0.692235	0.303156	1.577598	0.250000	-0.684237	-0.020732
0.984357	0.692235	0.303156	1.577598	0.250000	-0.684237	-0.020732
0.994087	0.691676	0.323713	1.554071	0.250000	-0.778551	-0.025560
1.004838	0.691676	0.323713	1.554071	0.250000	-0.778551	-0.025560
1.014774	0.691676	0.323713	1.554071	0.250000	-0.778551	-0.025560
1.025964	0.691676	0.323713	1.554071	0.250000	-0.778551	-0.025560
1.034084	0.691676	0.323713	1.554071	0.250000	-0.778551	-0.025560
1.044672	0.691676	0.323713	1.554071	0.250000	-0.778551	-0.025560
1.054602	0.690648	0.342722	1.520506	0.250000	-0.859688	-0.030881
1.064369	0.690648	0.342722	1.520506	0.250000	-0.859688	-0.030881
1.074118	0.690648	0.342722	1.520506	0.250000	-0.859688	-0.030881
1.084894	0.690648	0.342722	1.520506	0.250000	-0.859688	-0.030881
1.094140	0.690648	0.342722	1.520506	0.250000	-0.859688	-0.030881
1.104433	0.690648	0.342722	1.520506	0.250000	-0.859688	-0.030881
1.114162	0.690648	0.342722	1.520506	0.250000	-0.859688	-0.030881
1.124905	0.690648	0.342722	1.520506	0.250000	-0.859688	-0.030881
1.134079	0.690648	0.342722	1.520506	0.250000	-0.859688	-0.030881
1.144394	0.690648	0.342722	1.520506	0.250000	-0.859688	-0.030881
1.154185	0.690648	0.342722	1.520506	0.250000	-0.859688	-0.030881
1.164893	0.690648	0.342722	1.520506	0.250000	-0.859688	-0.030881
1.176740	0.691520	0.360262	1.474925	0.250000	-0.897127	-0.033995
1.184444	0.691520	0.360262	1.474925	0.250000	-0.897127	-0.033995
1.194092	0.691520	0.360262	1.474925	0.250000	-0.897127	-0.033995
1.204093	0.691520	0.360262	1.474925	0.250000	-0.897127	-0.033995
1.214142	0.691520	0.360262	1.474925	0.250000	-0.897127	-0.033995
1.224442	0.691520	0.360262	1.474925	0.250000	-0.897127	-0.033995
1.234155	0.693423	0.378498	1.429625	0.250000	-0.929126	-0.037304
1.244341	0.693423	0.378498	1.429625	0.250000	-0.929126	-0.037304
1.254697	0.693423	0.378498	1.429625	0.250000	-0.929126	-0.037304
1.264386	0.693423	0.378498	1.429625	0.250000	-0.929126	-0.037304
1.274094	0.693423	0.378498	1.429625	0.250000	-0.929126	-0.037304
1.284275	0.696433	0.395420	1.384781	0.250000	-0.951789	-0.040383
1.294668	0.696433	0.395420	1.384781	0.250000	-0.951789	-0.040383
1.304445	0.696433	0.395420	1.384781	0.250000	-0.951789	-0.040383
1.314244	0.696433	0.395420	1.384781	0.250000	-0.951789	-0.040383
1.324981	0.696433	0.395420	1.384781	0.250000	-0.951789	-0.040383
1.334710	0.696433	0.395420	1.384781	0.250000	-0.951789	-0.040383
1.344227	0.696433	0.395420	1.384781	0.250000	-0.951789	-0.040383
1.354290	0.696433	0.395420	1.384781	0.250000	-0.951789	-0.040383
1.364982	0.696433	0.395420	1.384781	0.250000	-0.951789	-0.040383
1.374734	0.696433	0.395420	1.384781	0.250000	-0.951789	-0.040383
1.384156	0.696433	0.395420	1.384781	0.250000	-0.951789	-0.040383
1.394226	0.696433	0.395420	1.384781	0.250000	-0.951789	-0.040383
1.404028	0.700047	0.411600	1.347932	0.250000	-0.962859	-0.042747
1.414188	0.700047	0.411600	1.347932	0.250000	-0.962859	-0.042747
1.424565	0.700047	0.411600	1.347932	0.250000	-0.962859	-0.042747
1.434120	0.700047	0.411600	1.347932	0.250000	-0.962859	-0.042747
1.444106	0.700047	0.411600	1.347932	0.250000	-0.962859	-0.042747
1.454063	0.700047	0.411600	1.347932	0.250000	-0.962859	-0.042747
1.464455	0.704413	0.428926	1.317481	0.250000	-1.005254	-0.047781
1.474353	0.704413	0.428926	1.317481	0.250000	-1.005254	-0.047781
1.484121	0.704413	0.428926	1.317481	0.250000	-1.005254	-0.047781
1.494142	0.704413	0.428926	1.317481	0.250000	-1.005254	-0.047781
1.504601	0.704413	0.428926	1.317481	0.250000	-1.005254	-0.047781
1.514120	0.704413	0.428926	1.317481	0.250000	-1.005254	-0.047781
1.524138	0.704413	0.428926	1.317481	0.250000	-1.005254	-0.047781
1.534074	0.704413	0.428926	1.317481	0.250000	-1.005254	-0.047781
1.544557	0.704413	0.428926	1.317481	0.250000	-1.005254	-0.047781
1.554325	0.704413	0.428926	1.317481	0.250000	-1.005254	-0.047781
1.564045	0.704413	0.428926	1.317481	0.250000	-1.005254	-0.047781
1.574810	0.704413	0.428926	1.317481	0.250000	-1.005254	-0.047781
1.584529	0.710749	0.450526	1.278447	0.250000	-1.022997	-0.051863
1.594312	0.710749	0.450526	1.278447	0.250000	-1.022997	-0.051863
1.604120	0.710749	0.450526	1.278447	0.250000	-1.022997	-0.051863
1.614963	0.710749	0.450526	1.278447	0.250000	-1.022997	-0.051863
1.624572	0.710749	0.450526	1.278447	0.250000	-1.022997	-0.051863
1.634339	0.710749	0.450526	1.278447	0.250000	-1.022997	-0.051863
1.644083	0.710749	0.450526	1.278447	0.250000	-1.022997	-0.051863
1.654863	0.710749	0.450526	1.278447	0.250000	-1.022997	-0.051863
1.666542	0.710749	0.450526	1.278447	0.250000	-1.022997	-0.051863
1.674149	0.710749	0.450526	1.278447	0.250000	-1.022997	-0.051863
1.684193	0.710749	0.450526	1.278447	0.250000	-1.022997	-0.051863
1.694811	0.710749	0.450526	1.278447	0.250000	-1.022997	-0.051863
1.704656	0.710749	0.450526	1.278447	0.250000	-1.022997	-0.051863
1.714382	0.719220	0.472976	1.213721	0.250000	-1.008540	-0.055611
1.724152	0.719220	0.472976	1.213721	0.250000	-1.008540	-0.055611
1.734877	0.719220	0.472976	1.213721	0.250000	-1.008540	-0.055611
1.744606	0.719220	0.472976	1.213721	0.250000	-1.008540	-0.055611
1.754394	0.719220	0.472976	1.213721	0.250000	-1.008540	-0.055611
1.764187	0.719220	0.472976	1.213721	0.250000	-1.008540	-0.055611
1.774041	0.719220	0.472976	1.213721	0.250000	-1.008540	-0.055611
1.784710	0.719220	0.472976	1.213721	0.250000	-1.008540	-0.055611
1.794505	0.719220	0.472976	1.213721	0.250000	-1.008540	-0.055611
1.804181	0.719220	0.472976	1.213721	0.250000	-1.008540	-0.055611
1.814101	0.719220	0.472976	1.213721	0.250000	-1.008540	-0.055611
1.826128	0.719220	0.472976	1.213721	0.250000	-1.008540	-0.055611
1.834103	0.719220	0.472976	1.213721	0.250000	-1.008540	-0.055611
1.844213	0.730981	0.500013	1.137629	0.250000	-0.948594	-0.057118
1.854787	0.730981	0.500013	1.137629	0.250000	-0.948594	-0.057118
1.864694	0.730981	0.500013	1.137629	0.250000	-0.948594	-0.057118
1.874411	0.730981	0.500013	1.137629	0.250000	-0.948594	-0.057118
1.884208	0.730981	0.500013	1.137629	0.250000	-0.948594	-0.057118
1.894901	0.730981	0.500013	1.137629	0.250000	-0.948594	-0.057118
1.904698	0.730981	0.500013	1.137629	0.250000	-0.948594	-0.057118
1.914736	0.730981	0.500013	1.137629	0.250000	-0.948594	-0.057118
1.924273	0.730981	0.500013	1.137629	0.250000	-0.948594	-0.057118
1.934946	0.730981	0.500013	1.137629	0.250000	-0.948594	-0.057118
1.944392	0.730981	0.500013	1.137629	0.250000	-0.948594	-0.057118
1.954540	0.743992	0.525343	1.057431	0.250000	-0.857891	-0.057384
1.964248	0.743992	0.525343	1.057431	0.250000	-0.857891	-0.057384
1.974054	0.743992	0.525343	1.057431	0.250000	-0.857891	-0.057384
1.984778	0.743992	0.525343	1.057431	0.250000	-0.857891	-0.057384
1.994466	0.743992	0.525343	1.057431	0.250000	-0.857891	-0.057384
2.004275	0.743992	0.525343	1.057431	0.250000	-0.857891	-0.057384
2.014054	0.743992	0.525343	1.057431	0.250000	-0.857891	-0.057384
2.024879	0.743992	0.525343	1.057431	0.250000	-0.857891	-0.057384
2.034505	0.743992	0.525343	1.057431	0.250000	-0.857891	-0.057384
2.044233	0.743992	0.525343	1.057431	0.250000	-0.857891	-0.057384
2.054154	0.743992	0.525343	1.057431	0.250000	-0.857891	-0.057384
2.064384	0.743992	0.525343	1.057431	0.250000	-0.857891	-0.057384
2.074468	0.759589	0.553496	0.993945	0.250000	-0.764821	-0.058228
2.085016	0.759589	0.553496	0.993945	0.250000	-0.764821	-0.058228
2.094203	0.759589	0.553496	0.993945	0.250000	-0.764821	-0.058228
2.104777	0.759589	0.553496	0.993945	0.250000	-0.764821	-0.058228
2.114162	0.759589	0.553496	0.993945	0.250000	-0.764821	-0.058228
2.124263	0.759589	0.553496	0.993945	0.250000	-0.764821	-0.058228
2.134045	0.759589	0.553496	0.993945	0.250000	-0.764821	-0.058228
2.144701	0.759589	0.553496	0.993945	0.250000	-0.764821	-0.058228
2.154584	0.759589	0.553496	0.993945	0.250000	-0.764821	-0.058228
2.164343	0.759589	0.553496	0.993945	0.250000	-0.764821	-0.058228
2.174052	0.759589	0.553496	0.993945	0.250000	-0.764821	-0.058228
2.184564	0.775477	0.574473	0.928604	0.250000	-0.595794	-0.051417
2.194563	0.775477	0.574473	0.928604	0.250000	-0.595794	-0.051417
2.204304	0.775477	0.574473	0.928604	0.250000	-0.595794	-0.051417
2.214093	0.775477	0.574473	0.928604	0.250000	-0.595794	-0.051417
2.224814	0.775477	0.574473	0.928604	0.250000	-0.595794	-0.051417
2.235266	0.775477	0.574473	0.928604	0.250000	-0.595794	-0.051417
2.244486	0.775477	0.574473	0.928604	0.250000	-0.595794	-0.051417
2.254249	0.790405	0.593100	0.869956	0.250000	-0.393001	-0.042807
2.264818	0.790405	0.593100	0.869956	0.250000	-0.393001	-0.042807
2.274572	0.790405	0.593100	0.869956	0.250000	-0.393001	-0.042807
2.284394	0.790405	0.593100	0.869956	0.250000	-0.393001	-0.042807
2.293998	0.790405	0.593100	0.869956	0.250000	-0.393001	-0.042807
2.304845	0.790405	0.593100	0.869956	0.250000	-0.393001	-0.042807
2.314844	0.790405	0.593100	0.869956	0.250000	-0.393001	-0.042807
2.324386	0.790405	0.593100	0.869956	0.250000	-0.393001	-0.042807
2.334142	0.790405	0.593100	0.869956	0.250000	-0.393001	-0.042807
2.344687	0.790405	0.593100	0.869956	0.250000	-0.393001	-0.042807
2.354690	0.790405	0.593100	0.869956	0.250000	-0.393001	-0.042807
2.364450	0.804692	0.607165	0.811403	0.250000	-0.129977	-0.029950
2.374263	0.804692	0.607165	0.811403	0.250000	-0.129977	-0.029950
2.385154	0.804692	0.607165	0.811403	0.250000	-0.129977	-0.029950
2.394638	0.804692	0.607165	0.811403	0.250000	-0.129977	-0.029950
2.404465	0.804692	0.607165	0.811403	0.250000	-0.129977	-0.029950
2.414079	0.804692	0.607165	0.811403	0.250000	-0.129977	-0.029950
2.424125	0.804692	0.607165	0.811403	0.250000	-0.129977	-0.029950
2.434121	0.804692	0.607165	0.811403	0.250000	-0.129977	-0.029950
2.444328	0.804692	0.607165	0.811403	0.250000	-0.129977	-0.029950
2.454190	0.804692	0.607165	0.811403	0.250000	-0.129977	-0.029950
2.464226	0.804692	0.607165	0.811403	0.250000	-0.129977	-0.029950
2.474090	0.804692	0.607165	0.811403	0.250000	-0.129977	-0.029950
2.484436	0.821905	0.625374	0.739625	0.250000	0.211629	-0.014361
2.494169	0.821905	0.625374	0.739625	0.250000	0.211629	-0.014361
2.504919	0.821905	0.625374	0.739625	0.250000	0.211629	-0.014361
2.514103	0.821905	0.625374	0.739625	0.250000	0.211629	-0.014361
2.524463	0.821905	0.625374	0.739625	0.250000	0.211629	-0.014361
2.534139	0.821905	0.625374	0.739625	0.250000	0.211629	-0.014361
2.544118	0.821905	0.625374	0.739625	0.250000	0.211629	-0.014361
2.554088	0.821905	0.625374	0.739625	0.250000	0.211629	-0.014361
2.564497	0.821905	0.625374	0.739625	0.250000	0.211629	-0.014361
2.574229	0.821905	0.625374	0.739625	0.250000	0.211629	-0.014361
2.584991	0.821905	0.625374	0.739625	0.250000	0.211629	-0.014361
2.594702	0.821905	0.625374	0.739625	0.250000	0.211629	-0.014361
2.604478	0.821905	0.625374	0.739625	0.250000	0.211629	-0.014361
2.614328	0.842796	0.643505	0.665393	0.250000	0.626922	0.004915
2.626078	0.842796	0.643505	0.665393	0.250000	0.626922	0.004915
2.634064	0.842796	0.643505	0.665393	0.250000	0.626922	0.004915
2.644154	0.842796	0.643505	0.665393	0.250000	0.626922	0.004915
2.654127	0.842796	0.643505	0.665393	0.250000	0.626922	0.004915
2.664076	0.842796	0.643505	0.665393	0.250000	0.626922	0.004915
2.674386	0.842796	0.643505	0.665393	0.250000	0.626922	0.004915
2.684710	0.862705	0.661674	0.561411	0.250000	1.006826	0.022584
2.694297	0.862705	0.661674	0.561411	0.250000	1.006826	0.022584
2.704068	0.862705	0.661674	0.561411	0.250000	1.006826	0.022584
2.714108	0.862705	0.661674	0.561411	0.250000	1.006826	0.022584
2.724539	0.862705	0.661674	0.561411	0.250000	1.006826	0.022584
2.734455	0.877078	0.670165	0.534987	0.250000	1.191875	0.032738
2.744181	0.877078	0.670165	0.534987	0.250000	1.191875	0.032738
2.754815	0.877078	0.670165	0.534987	0.250000	1.191875	0.032738
2.764511	0.877078	0.670165	0.534987	0.250000	1.191875	0.032738
2.774335	0.877078	0.670165	0.534987	0.250000	1.191875	0.032738
2.784078	0.877078	0.670165	0.534987	0.250000	1.191875	0.032738
2.794049	0.877078	0.670165	0.534987	0.250000	1.191875	0.032738
2.804606	0.877078	0.670165	0.534987	0.250000	1.191875	0.032738
2.814383	0.889759	0.679082	0.531975	0.250000	1.266056	0.036705
2.826172	0.889759	0.679082	0.531975	0.250000	1.266056	0.036705
2.834095	0.889759	0.679082	0.531975	0.250000	1.266056	0.036705
2.844625	0.889759	0.679082	0.531975	0.250000	1.266056	0.036705
2.854300	0.889759	0.679082	0.531975	0.250000	1.266056	0.036705
2.864106	0.896372	0.691562	0.596137	0.250000	1.264433	0.036092
2.874828	0.896372	0.691562	0.596137	0.250000	1.264433	0.036092
2.884634	0.896372	0.691562	0.596137	0.250000	1.264433	0.036092
2.895931	0.896372	0.691562	0.596137	0.250000	1.264433	0.036092
2.904085	0.896372	0.691562	0.596137	0.250000	1.264433	0.036092
2.914966	0.896372	0.691562	0.596137	0.250000	1.264433	0.036092
2.924579	0.896372	0.691562	0.596137	0.250000	1.264433	0.036092
2.934376	0.896372	0.691562	0.596137	0.250000	1.264433	0.036092
2.944155	0.896372	0.691562	0.596137	0.250000	1.264433	0.036092
2.955037	0.896372	0.691562	0.596137	0.250000	1.264433	0.036092
2.964851	0.896372	0.691562	0.596137	0.250000	1.264433	0.036092
2.974370	0.911039	0.703668	0.638211	0.250000	1.350649	0.043405
2.984154	0.911039	0.703668	0.638211	0.250000	1.350649	0.043405
2.994054	0.911039	0.703668	0.638211	0.250000	1.350649	0.043405
3.004633	0.911039	0.703668	0.638211	0.250000	1.350649	0.043405
3.014609	0.911039	0.703668	0.638211	0.250000	1.350649	0.043405
3.024181	0.911039	0.703668	0.638211	0.250000	1.350649	0.043405
3.034054	0.911039	0.703668	0.638211	0.250000	1.350649	0.043405
3.044446	0.924006	0.714485	0.689925	0.250000	1.382798	0.048550
3.054407	0.924006	0.714485	0.689925	0.250000	1.382798	0.048550
3.064159	0.924006	0.714485	0.689925	0.250000	1.382798	0.048550
3.074913	0.924006	0.714485	0.689925	0.250000	1.382798	0.048550
3.084968	0.938894	0.714420	0.735735	0.250000	1.418906	0.057201
3.094483	0.938894	0.714420	0.735735	0.250000	1.418906	0.057201
3.104191	0.938894	0.714420	0.735735	0.250000	1.418906	0.057201
3.115051	0.938894	0.714420	0.735735	0.250000	1.418906	0.057201
3.124683	0.938894	0.714420	0.735735	0.250000	1.418906	0.057201
3.134446	0.938894	0.714420	0.735735	0.250000	1.418906	0.057201
3.144265	0.938894	0.714420	0.735735	0.250000	1.418906	0.057201
3.154937	0.948040	0.721707	0.780739	0.250000	1.433121	0.062054
3.164706	0.948040	0.721707	0.780739	0.250000	1.433121	0.062054
3.174471	0.948040	0.721707	0.780739	0.250000	1.433121	0.062054
3.184249	0.948040	0.721707	0.780739	0.250000	1.433121	0.062054
3.194975	0.948040	0.721707	0.780739	0.250000	1.433121	0.062054
3.204752	0.948040	0.721707	0.780739	0.250000	1.433121	0.062054
3.214610	0.948040	0.721707	0.780739	0.250000	1.433121	0.062054
3.224245	0.948040	0.721707	0.780739	0.250000	1.433121	0.062054
3.234065	0.948040	0.721707	0.780739	0.250000	1.433121	0.062054
3.244734	0.948040	0.721707	0.780739	0.250000	1.433121	0.062054
3.254593	0.948040	0.721707	0.780739	0.250000	1.433121	0.062054
3.264219	0.959879	0.734160	0.826155	0.250000	1.474249	0.070465
3.274977	0.959879	0.734160	0.826155	0.250000	1.474249	0.070465
3.284784	0.959879	0.734160	0.826155	0.250000	1.474249	0.070465
3.294482	0.959879	0.734160	0.826155	0.250000	1.474249	0.070465
3.304242	0.959879	0.734160	0.826155	0.250000	1.474249	0.070465
3.314090	0.959879	0.734160	0.826155	0.250000	1.474249	0.070465
3.324766	0.959879	0.734160	0.826155	0.250000	1.474249	0.070465
3.334519	0.959879	0.734160	0.826155	0.250000	1.474249	0.070465
3.344283	0.959879	0.734160	0.826155	0.250000	1.474249	0.070465
3.354129	0.959879	0.734160	0.826155	0.250000	1.474249	0.070465
3.364860	0.959879	0.734160	0.826155	0.250000	1.474249	0.070465
3.374589	0.959879	0.734160	0.826155	0.250000	1.474249	0.070465
3.384702	0.959879	0.734160	0.826155	0.250000	1.474249	0.070465
3.395054	0.959879	0.734160	0.826155	0.250000	1.474249	0.070465
3.404800	0.959879	0.734160	0.826155	0.250000	1.474249	0.070465
3.414800	0.959879	0.734160	0.826155	0.250000	1.474249	0.070465
3.424415	0.959879	0.734160	0.826155	0.250000	1.474249	0.070465
3.434114	0.959879	0.734160	0.826155	0.250000	1.474249	0.070465
3.444584	0.977047	0.756937	0.892010	0.250000	1.488851	0.080205
3.454616	0.977047	0.756937	0.892010	0.250000	1.488851	0.080205
3.465482	0.977047	0.756937	0.892010	0.250000	1.488851	0.080205
3.474110	0.977047	0.756937	0.892010	0.250000	1.488851	0.080205
3.484910	0.977047	0.756937	0.892010	0.250000	1.488851	0.080205
3.494642	0.977047	0.756937	0.892010	0.250000	1.488851	0.080205
3.504360	0.977047	0.756937	0.892010	0.250000	1.488851	0.080205
3.514112	0.977047	0.756937	0.892010	0.250000	1.488851	0.080205
3.524871	0.977047	0.756937	0.892010	0.250000	1.488851	0.080205
3.534084	0.977047	0.756937	0.892010	0.250000	1.488851	0.080205
3.544293	0.977047	0.756937	0.892010	0.250000	1.488851	0.080205
3.554137	0.993526	0.780136	0.965099	0.250000	1.501679	0.092260
3.564867	0.993526	0.780136	0.965099	0.250000	1.501679	0.092260
3.574628	0.993526	0.780136	0.965099	0.250000	1.501679	0.092260
3.584431	0.993526	0.780136	0.965099	0.250000	1.501679	0.092260
3.595522	0.993526	0.780136	0.965099	0.250000	1.501679	0.092260
3.604093	0.993526	0.780136	0.965099	0.250000	1.501679	0.092260
3.614251	0.993526	0.780136	0.965099	0.250000	1.501679	0.092260
3.624412	0.993526	0.780136	0.965099	0.250000	1.501679	0.092260
3.634164	0.993526	0.780136	0.965099	0.250000	1.501679	0.092260
3.644182	0.993526	0.780136	0.965099	0.250000	1.501679	0.092260
3.654111	0.993526	0.780136	0.965099	0.250000	1.501679	0.092260
3.665746	0.993526	0.780136	0.965099	0.250000	1.501679	0.092260
3.674150	0.993526	0.780136	0.965099	0.250000	1.501679	0.092260
3.684912	0.993526	0.780136	0.965099	0.250000	1.501679	0.092260
3.694655	1.010924	0.810229	1.053731	0.250000	1.505413	0.105684
3.704446	1.010924	0.810229	1.053731	0.250000	1.505413	0.105684
3.714192	1.010924	0.810229	1.053731	0.250000	1.505413	0.105684
3.724929	1.010924	0.810229	1.053731	0.250000	1.505413	0.105684
3.734039	1.010924	0.810229	1.053731	0.250000	1.505413	0.105684
3.744212	1.010924	0.810229	1.053731	0.250000	1.505413	0.105684
3.754186	1.010924	0.810229	1.053731	0.250000	1.505413	0.105684
3.764920	1.010924	0.810229	1.053731	0.250000	1.505413	0.105684
3.774112	1.010924	0.810229	1.053731	0.250000	1.505413	0.105684
3.784615	1.010924	0.810229	1.053731	0.250000	1.505413	0.105684
3.794260	1.010924	0.810229	1.053731	0.250000	1.505413	0.105684
3.804958	1.010924	0.810229	1.053731	0.250000	1.505413	0.105684
3.814089	1.022032	0.831979	1.134496	0.250000	1.479620	0.113326
3.824460	1.022032	0.831979	1.134496	0.250000	1.479620	0.113326
3.834217	1.022032	0.831979	1.134496	0.250000	1.479620	0.113326
3.845036	1.022032	0.831979	1.134496	0.250000	1.479620	0.113326
3.854712	1.022032	0.831979	1.134496	0.250000	1.479620	0.113326
3.864456	1.032144	0.855904	1.197829	0.250000	1.461010	0.119274
3.874237	1.032144	0.855904	1.197829	0.250000	1.461010	0.119274
3.884084	1.032144	0.855904	1.197829	0.250000	1.461010	0.119274
3.894057	1.032144	0.855904	1.197829	0.250000	1.461010	0.119274
3.904485	1.032144	0.855904	1.197829	0.250000	1.461010	0.119274
3.914128	1.032144	0.855904	1.197829	0.250000	1.461010	0.119274
3.925329	1.032144	0.855904	1.197829	0.250000	1.461010	0.119274
3.934116	1.032144	0.855904	1.197829	0.250000	1.461010	0.119274
3.944452	1.036539	0.868790	1.247207	0.250000	1.437011	0.122009
3.954334	1.036539	0.868790	1.247207	0.250000	1.437011	0.122009
3.964059	1.036539	0.868790	1.247207	0.250000	1.437011	0.122009
3.974098	1.036539	0.868790	1.247207	0.250000	1.437011	0.122009
3.984577	1.036539	0.868790	1.247207	0.250000	1.437011	0.122009
3.994110	1.036539	0.868790	1.247207	0.250000	1.437011	0.122009
4.004065	1.036539	0.868790	1.247207	0.250000	1.437011	0.122009
4.014083	1.040515	0.882178	1.290323	0.250000	1.419743	0.124723
4.024607	1.040515	0.882178	1.290323	0.250000	1.419743	0.124723
4.034145	1.040515	0.882178	1.290323	0.250000	1.419743	0.124723
4.044132	1.040515	0.882178	1.290323	0.250000	1.419743	0.124723
4.054731	1.040515	0.882178	1.290323	0.250000	1.419743	0.124723
4.064554	1.043156	0.893349	1.334270	0.250000	1.390082	0.125264
4.074439	1.043156	0.893349	1.334270	0.250000	1.390082	0.125264
4.084186	1.043156	0.893349	1.334270	0.250000	1.390082	0.125264
4.094054	1.043156	0.893349	1.334270	0.250000	1.390082	0.125264
4.104563	1.043156	0.893349	1.334270	0.250000	1.390082	0.125264
4.114155	1.043156	0.893349	1.334270	0.250000	1.390082	0.125264
4.124080	1.045203	0.905360	1.378749	0.250000	1.357591	0.125057
4.134093	1.045203	0.905360	1.378749	0.250000	1.357591	0.125057
4.144213	1.045203	0.905360	1.378749	0.250000	1.357591	0.125057
4.154232	1.045203	0.905360	1.378749	0.250000	1.357591	0.125057
4.164112	1.045203	0.905360	1.378749	0.250000	1.357591	0.125057
4.174074	1.045203	0.905360	1.378749	0.250000	1.357591	0.125057
4.184636	1.048409	0.921418	1.425674	0.250000	1.342663	0.127737
4.194151	1.048409	0.921418	1.425674	0.250000	1.342663	0.127737
4.204112	1.048409	0.921418	1.425674	0.250000	1.342663	0.127737
4.214114	1.048409	0.921418	1.425674	0.250000	1.342663	0.127737
4.224086	1.048409	0.921418	1.425674	0.250000	1.342663	0.127737
4.234378	1.048409	0.921418	1.425674	0.250000	1.342663	0.127737
4.244158	1.051007	0.937157	1.470708	0.250000	1.311439	0.127799
4.254131	1.051007	0.937157	1.470708	0.250000	1.311439	0.127799
4.264696	1.051007	0.937157	1.470708	0.250000	1.311439	0.127799
4.274176	1.051007	0.937157	1.470708	0.250000	1.311439	0.127799
4.284212	1.051007	0.937157	1.470708	0.250000	1.311439	0.127799
4.294069	1.051007	0.937157	1.470708	0.250000	1.311439	0.127799
4.304651	1.051007	0.937157	1.470708	0.250000	1.311439	0.127799
4.314527	1.051007	0.937157	1.470708	0.250000	1.311439	0.127799
4.325646	1.051007	0.937157	1.470708	0.250000	1.311439	0.127799
4.334209	1.051007	0.937157	1.470708	0.250000	1.311439	0.127799
4.344477	1.051007	0.937157	1.470708	0.250000	1.311439	0.127799
4.354433	1.051007	0.937157	1.470708	0.250000	1.311439	0.127799
4.364210	1.053287	0.957066	1.530527	0.250000	1.276986	0.129358
4.374941	1.053287	0.957066	1.530527	0.250000	1.276986	0.129358
4.384706	1.053287	0.957066	1.530527	0.250000	1.276986	0.129358
4.394130	1.053287	0.957066	1.530527	0.250000	1.276986	0.129358
4.404278	1.053287	0.957066	1.530527	0.250000	1.276986	0.129358
4.414095	1.053287	0.957066	1.530527	0.250000	1.276986	0.129358
4.424707	1.053287	0.957066	1.530527	0.250000	1.276986	0.129358
4.434180	1.053287	0.957066	1.530527	0.250000	1.276986	0.129358
4.444182	1.053287	0.957066	1.530527	0.250000	1.276986	0.129358
4.454091	1.053287	0.957066	1.530527	0.250000	1.276986	0.129358
4.464909	1.053287	0.957066	1.530527	0.250000	1.276986	0.129358
4.474096	1.053287	0.957066	1.530527	0.250000	1.276986	0.129358
4.484467	1.053287	0.957066	1.530527	0.250000	1.276986	0.129358
4.494127	1.051895	0.978408	1.597384	0.250000	1.208103	0.126237
4.504752	1.051895	0.978408	1.597384	0.250000	1.208103	0.126237
4.514103	1.051895	0.978408	1.597384	0.250000	1.208103	0.126237
4.525857	1.051895	0.978408	1.597384	0.250000	1.208103	0.126237
4.534094	1.051895	0.978408	1.597384	0.250000	1.208103	0.126237
4.544687	1.051895	0.978408	1.597384	0.250000	1.208103	0.126237
4.554535	1.050117	1.000525	1.656978	0.250000	1.135829	0.123161
4.564287	1.050117	1.000525	1.656978	0.250000	1.135829	0.123161
4.574076	1.050117	1.000525	1.656978	0.250000	1.135829	0.123161
4.584800	1.050117	1.000525	1.656978	0.250000	1.135829	0.123161
4.594058	1.050117	1.000525	1.656978	0.250000	1.135829	0.123161
4.604294	1.050117	1.000525	1.656978	0.250000	1.135829	0.123161
4.614124	1.050117	1.000525	1.656978	0.250000	1.135829	0.123161
4.625679	1.050117	1.000525	1.656978	0.250000	1.135829	0.123161
4.634987	1.050117	1.000525	1.656978	0.250000	1.135829	0.123161
4.644449	1.050117	1.000525	1.656978	0.250000	1.135829	0.123161
4.654108	1.050117	1.000525	1.656978	0.250000	1.135829	0.123161
4.664124	1.047587	1.025744	1.719673	0.250000	1.041122	0.119477
4.674083	1.047587	1.025744	1.719673	0.250000	1.041122	0.119477
4.684397	1.047587	1.025744	1.719673	0.250000	1.041122	0.119477
4.694035	1.047587	1.025744	1.719673	0.250000	1.041122	0.119477
4.704855	1.047587	1.025744	1.719673	0.250000	1.041122	0.119477
4.714749	1.047587	1.025744	1.719673	0.250000	1.041122	0.119477
4.726377	1.047587	1.025744	1.719673	0.250000	1.041122	0.119477
4.734051	1.046377	1.047687	1.867297	0.250000	0.795164	0.102686
4.744720	1.046377	1.047687	1.867297	0.250000	0.795164	0.102686
4.754616	1.046377	1.047687	1.867297	0.250000	0.795164	0.102686
4.764347	1.046377	1.047687	1.867297	0.250000	0.795164	0.102686
4.774158	1.046377	1.047687	1.867297	0.250000	0.795164	0.102686
4.784196	1.046377	1.047687	1.867297	0.250000	0.795164	0.102686
4.794595	1.046377	1.047687	1.867297	0.250000	0.795164	0.102686
4.804400	1.046377	1.047687	1.867297	0.250000	0.795164	0.102686
4.814125	1.041246	1.065807	2.041128	0.250000	0.431564	0.074411
4.824848	1.041246	1.065807	2.041128	0.250000	0.431564	0.074411
4.834634	1.041246	1.065807	2.041128	0.250000	0.431564	0.074411
4.844439	1.041246	1.065807	2.041128	0.250000	0.431564	0.074411
4.854087	1.034895	1.077040	2.086884	0.250000	0.284209	0.063184
4.866172	1.034895	1.077040	2.086884	0.250000	0.284209	0.063184
4.874740	1.034895	1.077040	2.086884	0.250000	0.284209	0.063184
4.884661	1.034895	1.077040	2.086884	0.250000	0.284209	0.063184
4.894166	1.034895	1.077040	2.086884	0.250000	0.284209	0.063184
4.904889	1.034895	1.077040	2.086884	0.250000	0.284209	0.063184
4.914749	1.034895	1.077040	2.086884	0.250000	0.284209	0.063184
4.924483	1.034895	1.077040	2.086884	0.250000	0.284209	0.063184
4.934296	1.034895	1.077040	2.086884	0.250000	0.284209	0.063184
4.944907	1.034895	1.077040	2.086884	0.250000	0.284209	0.063184
4.954729	1.034895	1.077040	2.086884	0.250000	0.284209	0.063184
4.964469	1.034895	1.077040	2.086884	0.250000	0.284209	0.063184
4.974201	1.034895	1.077040	2.086884	0.250000	0.284209	0.063184
4.984946	1.029016	1.094999	2.043675	0.250000	0.275850	0.064255
4.994683	1.029016	1.094999	2.043675	0.250000	0.275850	0.064255
5.004433	1.029016	1.094999	2.043675	0.250000	0.275850	0.064255
5.014193	1.029016	1.094999	2.043675	0.250000	0.275850	0.064255
5.024961	1.029016	1.094999	2.043675	0.250000	0.275850	0.064255
5.034683	1.029016	1.094999	2.043675	0.250000	0.275850	0.064255
5.044002	1.023762	1.119621	1.981166	0.250000	0.297631	0.068006
5.054925	1.023762	1.119621	1.981166	0.250000	0.297631	0.068006
5.064099	1.023762	1.119621	1.981166	0.250000	0.297631	0.068006
5.074082	1.023762	1.119621	1.981166	0.250000	0.297631	0.068006
5.084515	1.023762	1.119621	1.981166	0.250000	0.297631	0.068006
5.094112	1.023762	1.119621	1.981166	0.250000	0.297631	0.068006
5.104965	1.023762	1.119621	1.981166	0.250000	0.297631	0.068006
5.116036	1.016896	1.137791	2.015543	0.250000	0.142395	0.056203
5.124571	1.016896	1.137791	2.015543	0.250000	0.142395	0.056203
5.134255	1.016896	1.137791	2.015543	0.250000	0.142395	0.056203
5.145048	1.016896	1.137791	2.015543	0.250000	0.142395	0.056203
5.154748	1.016896	1.137791	2.015543	0.250000	0.142395	0.056203
5.164611	1.016896	1.137791	2.015543	0.250000	0.142395	0.056203
5.174162	1.016896	1.137791	2.015543	0.250000	0.142395	0.056203
5.184118	1.008255	1.148570	2.042635	0.250000	0.011794	0.045535
5.194076	1.008255	1.148570	2.042635	0.250000	0.011794	0.045535
5.204577	1.008255	1.148570	2.042635	0.250000	0.011794	0.045535
5.214372	1.008255	1.148570	2.042635	0.250000	0.011794	0.045535
5.224043	1.000445	1.156386	2.072670	0.250000	-0.140161	0.034007
5.234057	1.000445	1.156386	2.072670	0.250000	-0.140161	0.034007
5.244436	1.000445	1.156386	2.072670	0.250000	-0.140161	0.034007
5.254152	1.000445	1.156386	2.072670	0.250000	-0.140161	0.034007
5.264091	1.000445	1.156386	2.072670	0.250000	-0.140161	0.034007
5.274067	1.000445	1.156386	2.072670	0.250000	-0.140161	0.034007
5.284455	1.000445	1.156386	2.072670	0.250000	-0.140161	0.034007
5.294108	1.000445	1.156386	2.072670	0.250000	-0.140161	0.034007
5.304100	1.000445	1.156386	2.072670	0.250000	-0.140161	0.034007
5.314092	1.000445	1.156386	2.072670	0.250000	-0.140161	0.034007
5.324582	1.000445	1.156386	2.072670	0.250000	-0.140161	0.034007
5.335360	1.000445	1.156386	2.072670	0.250000	-0.140161	0.034007
5.344067	1.000445	1.156386	2.072670	0.250000	-0.140161	0.034007
5.354813	0.991058	1.171095	2.110783	0.250000	-0.323978	0.021625
5.364711	0.991058	1.171095	2.110783	0.250000	-0.323978	0.021625
5.374329	0.991058	1.171095	2.110783	0.250000	-0.323978	0.021625
5.384182	0.991058	1.171095	2.110783	0.250000	-0.323978	0.021625
5.394054	0.991058	1.171095	2.110783	0.250000	-0.323978	0.021625
5.405104	0.991058	1.171095	2.110783	0.250000	-0.323978	0.021625
5.414513	0.980828	1.189733	2.248362	0.250000	-0.723948	-0.000132
5.424136	0.980828	1.189733	2.248362	0.250000	-0.723948	-0.000132
5.434095	0.980828	1.189733	2.248362	0.250000	-0.723948	-0.000132
5.444602	0.980828	1.189733	2.248362	0.250000	-0.723948	-0.000132
5.454465	0.980828	1.189733	2.248362	0.250000	-0.723948	-0.000132
5.464133	0.966497	1.203195	2.366389	0.250000	-1.069953	-0.019201
5.474849	0.966497	1.203195	2.366389	0.250000	-1.069953	-0.019201
5.484710	0.966497	1.203195	2.366389	0.250000	-1.069953	-0.019201
5.494108	0.966497	1.203195	2.366389	0.250000	-1.069953	-0.019201
5.504153	0.966497	1.203195	2.366389	0.250000	-1.069953	-0.019201
5.514987	0.966497	1.203195	2.366389	0.250000	-1.069953	-0.019201
5.524927	0.966497	1.203195	2.366389	0.250000	-1.069953	-0.019201
5.534550	0.966497	1.203195	2.366389	0.250000	-1.069953	-0.019201
5.544152	0.966497	1.203195	2.366389	0.250000	-1.069953	-0.019201
5.554075	0.966497	1.203195	2.366389	0.250000	-1.069953	-0.019201
5.564669	0.966497	1.203195	2.366389	0.250000	-1.069953	-0.019201
5.574417	0.966497	1.203195	2.366389	0.250000	-1.069953	-0.019201
5.584152	0.966497	1.203195	2.366389	0.250000	-1.069953	-0.019201
5.594887	0.954681	1.226498	2.367233	0.250000	-1.175058	-0.027345
5.604672	0.954681	1.226498	2.367233	0.250000	-1.175058	-0.027345
5.614531	0.954681	1.226498	2.367233	0.250000	-1.175058	-0.027345
5.627971	0.954681	1.226498	2.367233	0.250000	-1.175058	-0.027345
5.634033	0.954681	1.226498	2.367233	0.250000	-1.175058	-0.027345
5.644754	0.954681	1.226498	2.367233	0.250000	-1.175058	-0.027345
5.654550	0.954681	1.226498	2.367233	0.250000	-1.175058	-0.027345
5.666758	0.954681	1.226498	2.367233	0.250000	-1.175058	-0.027345
5.674104	0.954681	1.226498	2.367233	0.250000	-1.175058	-0.027345
5.684118	0.954681	1.226498	2.367233	0.250000	-1.175058	-0.027345
5.694079	0.954681	1.226498	2.367233	0.250000	-1.175058	-0.027345
5.704204	0.954681	1.226498	2.367233	0.250000	-1.175058	-0.027345
5.715071	0.926422	1.249268	2.343597	0.250000	-1.338178	-0.045382
5.724748	0.926422	1.249268	2.343597	0.250000	-1.338178	-0.045382
5.734465	0.926422	1.249268	2.343597	0.250000	-1.338178	-0.045382
5.744265	0.926422	1.249268	2.343597	0.250000	-1.338178	-0.045382
5.754416	0.926422	1.249268	2.343597	0.250000	-1.338178	-0.045382
5.764728	0.926422	1.249268	2.343597	0.250000	-1.338178	-0.045382
5.774475	0.926422	1.249268	2.343597	0.250000	-1.338178	-0.045382
5.784264	0.926422	1.249268	2.343597	0.250000	-1.338178	-0.045382
5.794003	0.926422	1.249268	2.343597	0.250000	-1.338178	-0.045382
5.804712	0.926422	1.249268	2.343597	0.250000	-1.338178	-0.045382
5.814605	0.911095	1.273709	2.191852	0.250000	-1.261458	-0.055354
5.824379	0.911095	1.273709	2.191852	0.250000	-1.261458	-0.055354
5.834059	0.911095	1.273709	2.191852	0.250000	-1.261458	-0.055354
5.844764	0.911095	1.273709	2.191852	0.250000	-1.261458	-0.055354
5.856297	0.911095	1.273709	2.191852	0.250000	-1.261458	-0.055354
5.864368	0.911095	1.273709	2.191852	0.250000	-1.261458	-0.055354
5.874002	0.911095	1.273709	2.191852	0.250000	-1.261458	-0.055354
5.884936	0.911095	1.273709	2.191852	0.250000	-1.261458	-0.055354
5.894525	0.911095	1.273709	2.191852	0.250000	-1.261458	-0.055354
5.904303	0.911095	1.273709	2.191852	0.250000	-1.261458	-0.055354
5.914083	0.911095	1.273709	2.191852	0.250000	-1.261458	-0.055354
5.924793	0.911095	1.273709	2.191852	0.250000	-1.261458	-0.055354
5.934525	0.911095	1.273709	2.191852	0.250000	-1.261458	-0.055354
5.944307	0.911095	1.273709	2.191852	0.250000	-1.261458	-0.055354
5.955033	0.883546	1.291439	2.123773	0.250000	-1.322100	-0.075195
5.964807	0.883546	1.291439	2.123773	0.250000	-1.322100	-0.075195
5.974596	0.883546	1.291439	2.123773	0.250000	-1.322100	-0.075195
5.984409	0.883546	1.291439	2.123773	0.250000	-1.322100	-0.075195
5.994119	0.883546	1.291439	2.123773	0.250000	-1.322100	-0.075195
6.004841	0.883546	1.291439	2.123773	0.250000	-1.322100	-0.075195
6.014120	0.883546	1.291439	2.123773	0.250000	-1.322100	-0.075195
6.025796	0.883546	1.291439	2.123773	0.250000	-1.322100	-0.075195
6.034100	0.883546	1.291439	2.123773	0.250000	-1.322100	-0.075195
6.044859	0.883546	1.291439	2.123773	0.250000	-1.322100	-0.075195
6.054657	0.883546	1.291439	2.123773	0.250000	-1.322100	-0.075195
6.064389	0.883546	1.291439	2.123773	0.250000	-1.322100	-0.075195
6.074081	0.882933	1.304397	2.091191	0.250000	-1.270966	-0.075799
6.084858	0.882933	1.304397	2.091191	0.250000	-1.270966	-0.075799
6.094614	0.882933	1.304397	2.091191	0.250000	-1.270966	-0.075799
6.104436	0.882933	1.304397	2.091191	0.250000	-1.270966	-0.075799
6.114240	0.882933	1.304397	2.091191	0.250000	-1.270966	-0.075799
6.125270	0.882933	1.304397	2.091191	0.250000	-1.270966	-0.075799
6.134077	0.882933	1.304397	2.091191	0.250000	-1.270966	-0.075799
6.144347	0.877106	1.333905	2.041475	0.250000	-1.178068	-0.080151
6.154175	0.877106	1.333905	2.041475	0.250000	-1.178068	-0.080151
6.164094	0.877106	1.333905	2.041475	0.250000	-1.178068	-0.080151
6.174071	0.877106	1.333905	2.041475	0.250000	-1.178068	-0.080151
6.184443	0.877106	1.333905	2.041475	0.250000	-1.178068	-0.080151
6.194109	0.882604	1.350666	1.996173	0.250000	-1.019506	-0.070727
6.205124	0.882604	1.350666	1.996173	0.250000	-1.019506	-0.070727
6.214087	0.882604	1.350666	1.996173	0.250000	-1.019506	-0.070727
6.224503	0.882604	1.350666	1.996173	0.250000	-1.019506	-0.070727
6.234198	0.882604	1.350666	1.996173	0.250000	-1.019506	-0.070727
6.244769	0.882604	1.350666	1.996173	0.250000	-1.019506	-0.070727
6.254654	0.878133	1.361019	1.974681	0.250000	-0.969684	-0.072228
