t	x(t)	y(t)	theta(t)	v(t)	gamma(t)	efa
0.006210	0.700017	0.165578	1.598856	0.250000	0.084764	0.001046
0.007345	0.700017	0.165578	1.598856	0.250000	0.084764	0.001046
0.016824	0.700017	0.165578	1.598856	0.250000	0.084764	0.001046
0.026811	0.700017	0.165578	1.598856	0.250000	0.084764	0.001046
0.036778	0.700017	0.165578	1.598856	0.250000	0.084764	0.001046
0.047223	0.700017	0.165578	1.598856	0.250000	0.084764	0.001046
0.056941	0.700017	0.165578	1.598856	0.250000	0.084764	0.001046
0.066681	0.700017	0.165578	1.598856	0.250000	0.084764	0.001046
0.077399	0.700017	0.165578	1.598856	0.250000	0.084764	0.001046
0.086714	0.700017	0.165578	1.598856	0.250000	0.084764	0.001046
0.096951	0.700017	0.165578	1.598856	0.250000	0.084764	0.001046
0.106735	0.700017	0.165578	1.598856	0.250000	0.084764	0.001046
0.117488	0.700017	0.165578	1.598856	0.250000	0.084764	0.001046
0.127308	0.700017	0.165578	1.598856	0.250000	0.084764	0.001046
0.139925	0.700017	0.165578	1.598856	0.250000	0.084764	0.001046
0.146722	0.700017	0.165578	1.598856	0.250000	0.084764	0.001046
0.156664	0.700017	0.165578	1.598856	0.250000	0.084764	0.001046
0.166679	0.700017	0.165578	1.598856	0.250000	0.084764	0.001046
0.176727	0.700017	0.165578	1.598856	0.250000	0.084764	0.001046
0.186871	0.700017	0.165578	1.598856	0.250000	0.084764	0.001046
0.197518	0.700017	0.165578	1.598856	0.250000	0.084764	0.001046
0.206711	0.700017	0.165578	1.598856	0.250000	0.084764	0.001046
0.216750	0.700017	0.165578	1.598856	0.250000	0.084764	0.001046
0.226731	0.700017	0.165578	1.598856	0.250000	0.084764	0.001046
0.236664	0.700017	0.165578	1.598856	0.250000	0.084764	0.001046
0.246648	0.700017	0.165578	1.598856	0.250000	0.084764	0.001046
0.256715	0.700017	0.165578	1.598856	0.250000	0.084764	0.001046
0.266815	0.700017	0.165578	1.598856	0.250000	0.084764	0.001046
0.276754	0.699978	0.169310	1.599297	0.250000	0.082888	0.001306
0.286697	0.699978	0.169310	1.599297	0.250000	0.082888	0.001306
0.297045	0.699978	0.169310	1.599297	0.250000	0.082888	0.001306
0.306751	0.699978	0.169310	1.599297	0.250000	0.082888	0.001306
0.317534	0.699978	0.169310	1.599297	0.250000	0.082888	0.001306
0.327391	0.699978	0.169310	1.599297	0.250000	0.082888	0.001306
0.336732	0.699978	0.169310	1.599297	0.250000	0.082888	0.001306
0.346828	0.699978	0.169310	1.599297	0.250000	0.082888	0.001306
0.357553	0.699978	0.169310	1.599297	0.250000	0.082888	0.001306
0.366715	0.699978	0.169310	1.599297	0.250000	0.082888	0.001306
0.376650	0.699517	0.180788	1.603995	0.250000	0.058656	0.001164
0.387162	0.699517	0.180788	1.603995	0.250000	0.058656	0.001164
0.397583	0.699517	0.180788	1.603995	0.250000	0.058656	0.001164
0.407375	0.699517	0.180788	1.603995	0.250000	0.058656	0.001164
0.416774	0.699517	0.180788	1.603995	0.250000	0.058656	0.001164
0.426872	0.699517	0.180788	1.603995	0.250000	0.058656	0.001164
0.437553	0.699517	0.180788	1.603995	0.250000	0.058656	0.001164
0.446599	0.699517	0.180788	1.603995	0.250000	0.058656	0.001164
0.456738	0.699517	0.180788	1.603995	0.250000	0.058656	0.001164
0.466742	0.699517	0.180788	1.603995	0.250000	0.058656	0.001164
0.477574	0.698991	0.200874	1.613817	0.250000	-0.016730	0.000360
0.487447	0.698991	0.200874	1.613817	0.250000	-0.016730	0.000360
0.497163	0.698991	0.200874	1.613817	0.250000	-0.016730	0.000360
0.506885	0.698991	0.200874	1.613817	0.250000	-0.016730	0.000360
0.516805	0.698991	0.200874	1.613817	0.250000	-0.016730	0.000360
0.527408	0.698991	0.200874	1.613817	0.250000	-0.016730	0.000360
0.537117	0.698991	0.200874	1.613817	0.250000	-0.016730	0.000360
0.546981	0.698991	0.200874	1.613817	0.250000	-0.016730	0.000360
0.556737	0.698991	0.200874	1.613817	0.250000	-0.016730	0.000360
0.567416	0.698991	0.200874	1.613817	0.250000	-0.016730	0.000360
0.577093	0.697212	0.225085	1.622557	0.250000	-0.169376	-0.003167
0.586936	0.697212	0.225085	1.622557	0.250000	-0.169376	-0.003167
0.596656	0.697212	0.225085	1.622557	0.250000	-0.169376	-0.003167
0.608667	0.697212	0.225085	1.622557	0.250000	-0.169376	-0.003167
0.616718	0.697212	0.225085	1.622557	0.250000	-0.169376	-0.003167
0.626958	0.697212	0.225085	1.622557	0.250000	-0.169376	-0.003167
0.636873	0.693446	0.247985	1.627543	0.250000	-0.376926	-0.010631
0.647449	0.693446	0.247985	1.627543	0.250000	-0.376926	-0.010631
0.657201	0.693446	0.247985	1.627543	0.250000	-0.376926	-0.010631
0.666943	0.693446	0.247985	1.627543	0.250000	-0.376926	-0.010631
0.676646	0.693446	0.247985	1.627543	0.250000	-0.376926	-0.010631
0.687438	0.693446	0.247985	1.627543	0.250000	-0.376926	-0.010631
0.697201	0.693446	0.247985	1.627543	0.250000	-0.376926	-0.010631
0.707099	0.693446	0.247985	1.627543	0.250000	-0.376926	-0.010631
0.716729	0.693446	0.247985	1.627543	0.250000	-0.376926	-0.010631
0.727429	0.693446	0.247985	1.627543	0.250000	-0.376926	-0.010631
0.737185	0.689171	0.267343	1.635623	0.250000	-0.566039	-0.019376
0.746929	0.689171	0.267343	1.635623	0.250000	-0.566039	-0.019376
0.756738	0.689171	0.267343	1.635623	0.250000	-0.566039	-0.019376
0.766683	0.689171	0.267343	1.635623	0.250000	-0.566039	-0.019376
0.777234	0.689171	0.267343	1.635623	0.250000	-0.566039	-0.019376
0.786771	0.689171	0.267343	1.635623	0.250000	-0.566039	-0.019376
0.797888	0.689171	0.267343	1.635623	0.250000	-0.566039	-0.019376
0.807479	0.689171	0.267343	1.635623	0.250000	-0.566039	-0.019376
0.816734	0.689171	0.267343	1.635623	0.250000	-0.566039	-0.019376
0.826742	0.688022	0.286739	1.632418	0.250000	-0.697908	-0.024639
0.836724	0.688022	0.286739	1.632418	0.250000	-0.697908	-0.024639
0.846703	0.688022	0.286739	1.632418	0.250000	-0.697908	-0.024639
0.856718	0.688022	0.286739	1.632418	0.250000	-0.697908	-0.024639
0.867083	0.688022	0.286739	1.632418	0.250000	-0.697908	-0.024639
0.876784	0.689040	0.305444	1.632086	0.250000	-0.818843	-0.029246
0.886707	0.689040	0.305444	1.632086	0.250000	-0.818843	-0.029246
0.897238	0.689040	0.305444	1.632086	0.250000	-0.818843	-0.029246
0.906966	0.689040	0.305444	1.632086	0.250000	-0.818843	-0.029246
0.916804	0.689040	0.305444	1.632086	0.250000	-0.818843	-0.029246
0.927491	0.689040	0.305444	1.632086	0.250000	-0.818843	-0.029246
0.937259	0.690867	0.324765	1.608502	0.250000	-0.882726	-0.031334
0.947153	0.690867	0.324765	1.608502	0.250000	-0.882726	-0.031334
0.956900	0.690867	0.324765	1.608502	0.250000	-0.882726	-0.031334
0.967619	0.690867	0.324765	1.608502	0.250000	-0.882726	-0.031334
0.976941	0.690682	0.338534	1.577509	0.250000	-0.928777	-0.034169
0.986767	0.690682	0.338534	1.577509	0.250000	-0.928777	-0.034169
0.996875	0.690682	0.338534	1.577509	0.250000	-0.928777	-0.034169
1.006673	0.690682	0.338534	1.577509	0.250000	-0.928777	-0.034169
1.016707	0.690682	0.338534	1.577509	0.250000	-0.928777	-0.034169
1.026834	0.690682	0.338534	1.577509	0.250000	-0.928777	-0.034169
1.036765	0.690682	0.338534	1.577509	0.250000	-0.928777	-0.034169
1.046690	0.690682	0.338534	1.577509	0.250000	-0.928777	-0.034169
1.056710	0.690970	0.351789	1.541523	0.250000	-0.961609	-0.036689
1.066722	0.690970	0.351789	1.541523	0.250000	-0.961609	-0.036689
1.077089	0.690970	0.351789	1.541523	0.250000	-0.961609	-0.036689
1.086709	0.690970	0.351789	1.541523	0.250000	-0.961609	-0.036689
1.096676	0.690970	0.351789	1.541523	0.250000	-0.961609	-0.036689
1.106670	0.690970	0.351789	1.541523	0.250000	-0.961609	-0.036689
1.116732	0.690871	0.363670	1.502656	0.250000	-0.966489	-0.038114
1.126722	0.690871	0.363670	1.502656	0.250000	-0.966489	-0.038114
1.136895	0.690871	0.363670	1.502656	0.250000	-0.966489	-0.038114
1.147208	0.690871	0.363670	1.502656	0.250000	-0.966489	-0.038114
1.159840	0.692048	0.378165	1.472496	0.250000	-1.007450	-0.041761
1.166611	0.692048	0.378165	1.472496	0.250000	-1.007450	-0.041761
1.177462	0.692048	0.378165	1.472496	0.250000	-1.007450	-0.041761
1.186739	0.692048	0.378165	1.472496	0.250000	-1.007450	-0.041761
1.196894	0.692048	0.378165	1.472496	0.250000	-1.007450	-0.041761
1.206759	0.692048	0.378165	1.472496	0.250000	-1.007450	-0.041761
1.217398	0.692982	0.388398	1.439016	0.250000	-1.015363	-0.043607
1.227180	0.692982	0.388398	1.439016	0.250000	-1.015363	-0.043607
1.236876	0.692982	0.388398	1.439016	0.250000	-1.015363	-0.043607
1.246743	0.692982	0.388398	1.439016	0.250000	-1.015363	-0.043607
1.256711	0.692982	0.388398	1.439016	0.250000	-1.015363	-0.043607
1.267161	0.691538	0.401113	1.404029	0.250000	-1.045680	-0.048368
1.276993	0.691538	0.401113	1.404029	0.250000	-1.045680	-0.048368
1.286790	0.691538	0.401113	1.404029	0.250000	-1.045680	-0.048368
1.296999	0.691538	0.401113	1.404029	0.250000	-1.045680	-0.048368
1.307206	0.691538	0.401113	1.404029	0.250000	-1.045680	-0.048368
1.316978	0.691538	0.401113	1.404029	0.250000	-1.045680	-0.048368
1.326744	0.691538	0.401113	1.404029	0.250000	-1.045680	-0.048368
1.336663	0.691538	0.401113	1.404029	0.250000	-1.045680	-0.048368
1.346677	0.691538	0.401113	1.404029	0.250000	-1.045680	-0.048368
1.356982	0.693045	0.411458	1.371265	0.250000	-1.050577	-0.050439
1.366779	0.693045	0.411458	1.371265	0.250000	-1.050577	-0.050439
1.377472	0.693045	0.411458	1.371265	0.250000	-1.050577	-0.050439
1.386716	0.693045	0.411458	1.371265	0.250000	-1.050577	-0.050439
1.396697	0.693045	0.411458	1.371265	0.250000	-1.050577	-0.050439
1.406709	0.693045	0.411458	1.371265	0.250000	-1.050577	-0.050439
1.416704	0.696388	0.426860	1.335561	0.250000	-1.064365	-0.053583
1.427305	0.696388	0.426860	1.335561	0.250000	-1.064365	-0.053583
1.436920	0.696388	0.426860	1.335561	0.250000	-1.064365	-0.053583
1.446816	0.696388	0.426860	1.335561	0.250000	-1.064365	-0.053583
1.457572	0.696388	0.426860	1.335561	0.250000	-1.064365	-0.053583
1.467369	0.696388	0.426860	1.335561	0.250000	-1.064365	-0.053583
1.477083	0.696388	0.426860	1.335561	0.250000	-1.064365	-0.053583
1.486787	0.696388	0.426860	1.335561	0.250000	-1.064365	-0.053583
1.497467	0.700739	0.445268	1.301746	0.250000	-1.080307	-0.057316
1.508452	0.700739	0.445268	1.301746	0.250000	-1.080307	-0.057316
1.517035	0.700739	0.445268	1.301746	0.250000	-1.080307	-0.057316
1.526819	0.700739	0.445268	1.301746	0.250000	-1.080307	-0.057316
1.536690	0.700739	0.445268	1.301746	0.250000	-1.080307	-0.057316
1.547277	0.700739	0.445268	1.301746	0.250000	-1.080307	-0.057316
1.557025	0.700739	0.445268	1.301746	0.250000	-1.080307	-0.057316
1.566783	0.700739	0.445268	1.301746	0.250000	-1.080307	-0.057316
1.577260	0.700739	0.445268	1.301746	0.250000	-1.080307	-0.057316
1.586757	0.700739	0.445268	1.301746	0.250000	-1.080307	-0.057316
1.597120	0.700739	0.445268	1.301746	0.250000	-1.080307	-0.057316
1.606957	0.706434	0.463944	1.260823	0.250000	-1.091411	-0.061518
1.616722	0.706434	0.463944	1.260823	0.250000	-1.091411	-0.061518
1.626708	0.706434	0.463944	1.260823	0.250000	-1.091411	-0.061518
1.637106	0.706434	0.463944	1.260823	0.250000	-1.091411	-0.061518
1.646824	0.706434	0.463944	1.260823	0.250000	-1.091411	-0.061518
1.659302	0.706434	0.463944	1.260823	0.250000	-1.091411	-0.061518
1.666632	0.706434	0.463944	1.260823	0.250000	-1.091411	-0.061518
1.676723	0.706434	0.463944	1.260823	0.250000	-1.091411	-0.061518
1.686907	0.706434	0.463944	1.260823	0.250000	-1.091411	-0.061518
1.697592	0.713857	0.484002	1.203906	0.250000	-1.074502	-0.065055
1.706985	0.713857	0.484002	1.203906	0.250000	-1.074502	-0.065055
1.716738	0.713857	0.484002	1.203906	0.250000	-1.074502	-0.065055
1.726737	0.713857	0.484002	1.203906	0.250000	-1.074502	-0.065055
1.736668	0.713857	0.484002	1.203906	0.250000	-1.074502	-0.065055
1.747352	0.713857	0.484002	1.203906	0.250000	-1.074502	-0.065055
1.757137	0.713857	0.484002	1.203906	0.250000	-1.074502	-0.065055
1.766877	0.713857	0.484002	1.203906	0.250000	-1.074502	-0.065055
1.776593	0.713857	0.484002	1.203906	0.250000	-1.074502	-0.065055
1.786818	0.713857	0.484002	1.203906	0.250000	-1.074502	-0.065055
1.797551	0.723538	0.504867	1.149143	0.250000	-1.037921	-0.067207
1.806975	0.723538	0.504867	1.149143	0.250000	-1.037921	-0.067207
1.818446	0.723538	0.504867	1.149143	0.250000	-1.037921	-0.067207
1.826684	0.723538	0.504867	1.149143	0.250000	-1.037921	-0.067207
1.837174	0.723538	0.504867	1.149143	0.250000	-1.037921	-0.067207
1.847056	0.723538	0.504867	1.149143	0.250000	-1.037921	-0.067207
1.856703	0.723538	0.504867	1.149143	0.250000	-1.037921	-0.067207
1.867454	0.723538	0.504867	1.149143	0.250000	-1.037921	-0.067207
1.876687	0.723538	0.504867	1.149143	0.250000	-1.037921	-0.067207
1.886938	0.723538	0.504867	1.149143	0.250000	-1.037921	-0.067207
1.896708	0.723538	0.504867	1.149143	0.250000	-1.037921	-0.067207
1.906646	0.733607	0.525397	1.090116	0.250000	-0.978366	-0.068216
1.916679	0.733607	0.525397	1.090116	0.250000	-0.978366	-0.068216
1.927408	0.733607	0.525397	1.090116	0.250000	-0.978366	-0.068216
1.936674	0.733607	0.525397	1.090116	0.250000	-0.978366	-0.068216
1.947592	0.733607	0.525397	1.090116	0.250000	-0.978366	-0.068216
1.956803	0.733607	0.525397	1.090116	0.250000	-0.978366	-0.068216
1.966816	0.733607	0.525397	1.090116	0.250000	-0.978366	-0.068216
1.978910	0.733607	0.525397	1.090116	0.250000	-0.978366	-0.068216
1.986719	0.733607	0.525397	1.090116	0.250000	-0.978366	-0.068216
1.996756	0.745200	0.546494	1.037768	0.250000	-0.909347	-0.068404
2.006975	0.745200	0.546494	1.037768	0.250000	-0.909347	-0.068404
2.016757	0.745200	0.546494	1.037768	0.250000	-0.909347	-0.068404
2.026675	0.745200	0.546494	1.037768	0.250000	-0.909347	-0.068404
2.037221	0.745200	0.546494	1.037768	0.250000	-0.909347	-0.068404
2.047103	0.759721	0.562847	0.990830	0.250000	-0.795284	-0.064013
2.056768	0.759721	0.562847	0.990830	0.250000	-0.795284	-0.064013
2.067545	0.759721	0.562847	0.990830	0.250000	-0.795284	-0.064013
2.077189	0.759721	0.562847	0.990830	0.250000	-0.795284	-0.064013
2.086790	0.759721	0.562847	0.990830	0.250000	-0.795284	-0.064013
2.096759	0.759721	0.562847	0.990830	0.250000	-0.795284	-0.064013
2.107464	0.771813	0.581590	0.946859	0.250000	-0.686609	-0.061212
2.116760	0.771813	0.581590	0.946859	0.250000	-0.686609	-0.061212
2.126817	0.771813	0.581590	0.946859	0.250000	-0.686609	-0.061212
2.137002	0.771813	0.581590	0.946859	0.250000	-0.686609	-0.061212
2.147566	0.780789	0.592963	0.907193	0.250000	-0.566239	-0.055740
2.156718	0.780789	0.592963	0.907193	0.250000	-0.566239	-0.055740
2.167064	0.780789	0.592963	0.907193	0.250000	-0.566239	-0.055740
2.176740	0.780789	0.592963	0.907193	0.250000	-0.566239	-0.055740
2.186694	0.780789	0.592963	0.907193	0.250000	-0.566239	-0.055740
2.196762	0.780789	0.592963	0.907193	0.250000	-0.566239	-0.055740
2.207281	0.780789	0.592963	0.907193	0.250000	-0.566239	-0.055740
2.216947	0.780789	0.592963	0.907193	0.250000	-0.566239	-0.055740
2.226719	0.780789	0.592963	0.907193	0.250000	-0.566239	-0.055740
2.236659	0.780789	0.592963	0.907193	0.250000	-0.566239	-0.055740
2.247065	0.780789	0.592963	0.907193	0.250000	-0.566239	-0.055740
2.256852	0.780789	0.592963	0.907193	0.250000	-0.566239	-0.055740
2.267537	0.790243	0.603250	0.855750	0.250000	-0.376438	-0.046319
2.277267	0.790243	0.603250	0.855750	0.250000	-0.376438	-0.046319
2.286862	0.790243	0.603250	0.855750	0.250000	-0.376438	-0.046319
2.296820	0.790243	0.603250	0.855750	0.250000	-0.376438	-0.046319
2.307692	0.801113	0.615317	0.814616	0.250000	-0.199803	-0.037819
2.316736	0.801113	0.615317	0.814616	0.250000	-0.199803	-0.037819
2.326782	0.801113	0.615317	0.814616	0.250000	-0.199803	-0.037819
2.336850	0.801113	0.615317	0.814616	0.250000	-0.199803	-0.037819
2.346677	0.801113	0.615317	0.814616	0.250000	-0.199803	-0.037819
2.357274	0.801113	0.615317	0.814616	0.250000	-0.199803	-0.037819
2.367273	0.801113	0.615317	0.814616	0.250000	-0.199803	-0.037819
2.376967	0.801113	0.615317	0.814616	0.250000	-0.199803	-0.037819
2.386717	0.801113	0.615317	0.814616	0.250000	-0.199803	-0.037819
2.396693	0.801113	0.615317	0.814616	0.250000	-0.199803	-0.037819
2.406673	0.808271	0.627678	0.761258	0.250000	0.000768	-0.029704
2.416905	0.808271	0.627678	0.761258	0.250000	0.000768	-0.029704
2.426626	0.808271	0.627678	0.761258	0.250000	0.000768	-0.029704
2.436649	0.808271	0.627678	0.761258	0.250000	0.000768	-0.029704
2.446760	0.808271	0.627678	0.761258	0.250000	0.000768	-0.029704
2.456835	0.808271	0.627678	0.761258	0.250000	0.000768	-0.029704
2.466729	0.808271	0.627678	0.761258	0.250000	0.000768	-0.029704
2.476663	0.808271	0.627678	0.761258	0.250000	0.000768	-0.029704
2.486682	0.820124	0.637521	0.708325	0.250000	0.281384	-0.015863
2.496966	0.820124	0.637521	0.708325	0.250000	0.281384	-0.015863
2.506703	0.820124	0.637521	0.708325	0.250000	0.281384	-0.015863
2.517442	0.820124	0.637521	0.708325	0.250000	0.281384	-0.015863
2.527300	0.820124	0.637521	0.708325	0.250000	0.281384	-0.015863
2.536973	0.820124	0.637521	0.708325	0.250000	0.281384	-0.015863
2.546763	0.832180	0.646342	0.651970	0.250000	0.557392	-0.002004
2.557453	0.832180	0.646342	0.651970	0.250000	0.557392	-0.002004
2.566706	0.832180	0.646342	0.651970	0.250000	0.557392	-0.002004
2.576915	0.832180	0.646342	0.651970	0.250000	0.557392	-0.002004
2.586728	0.832180	0.646342	0.651970	0.250000	0.557392	-0.002004
2.597394	0.850136	0.655786	0.616235	0.250000	0.809738	0.011696
2.607297	0.850136	0.655786	0.616235	0.250000	0.809738	0.011696
2.616982	0.850136	0.655786	0.616235	0.250000	0.809738	0.011696
2.626736	0.850136	0.655786	0.616235	0.250000	0.809738	0.011696
2.636687	0.850136	0.655786	0.616235	0.250000	0.809738	0.011696
2.647286	0.850136	0.655786	0.616235	0.250000	0.809738	0.011696
2.657001	0.850136	0.655786	0.616235	0.250000	0.809738	0.011696
2.666763	0.850136	0.655786	0.616235	0.250000	0.809738	0.011696
2.676740	0.850136	0.655786	0.616235	0.250000	0.809738	0.011696
2.686706	0.860741	0.662836	0.598150	0.250000	0.940152	0.018461
2.696741	0.860741	0.662836	0.598150	0.250000	0.940152	0.018461
2.706904	0.860741	0.662836	0.598150	0.250000	0.940152	0.018461
2.717544	0.860741	0.662836	0.598150	0.250000	0.940152	0.018461
2.727356	0.860741	0.662836	0.598150	0.250000	0.940152	0.018461
2.736980	0.860741	0.662836	0.598150	0.250000	0.940152	0.018461
2.746728	0.871909	0.669465	0.568193	0.250000	1.098277	0.027056
2.756650	0.871909	0.669465	0.568193	0.250000	1.098277	0.027056
2.767374	0.871909	0.669465	0.568193	0.250000	1.098277	0.027056
2.777032	0.871909	0.669465	0.568193	0.250000	1.098277	0.027056
2.786838	0.871909	0.669465	0.568193	0.250000	1.098277	0.027056
2.796724	0.871909	0.669465	0.568193	0.250000	1.098277	0.027056
2.807349	0.871909	0.669465	0.568193	0.250000	1.098277	0.027056
2.816702	0.871909	0.669465	0.568193	0.250000	1.098277	0.027056
2.826938	0.871909	0.669465	0.568193	0.250000	1.098277	0.027056
2.837538	0.871909	0.669465	0.568193	0.250000	1.098277	0.027056
2.847443	0.884519	0.678073	0.589447	0.250000	1.170495	0.031571
2.857095	0.884519	0.678073	0.589447	0.250000	1.170495	0.031571
2.866881	0.884519	0.678073	0.589447	0.250000	1.170495	0.031571
2.876725	0.884519	0.678073	0.589447	0.250000	1.170495	0.031571
2.886700	0.884519	0.678073	0.589447	0.250000	1.170495	0.031571
2.897081	0.884519	0.678073	0.589447	0.250000	1.170495	0.031571
2.906669	0.884519	0.678073	0.589447	0.250000	1.170495	0.031571
2.917584	0.884519	0.678073	0.589447	0.250000	1.170495	0.031571
2.927314	0.884519	0.678073	0.589447	0.250000	1.170495	0.031571
2.936661	0.884519	0.678073	0.589447	0.250000	1.170495	0.031571
2.946675	0.903725	0.695743	0.654469	0.250000	1.269493	0.038881
2.957004	0.903725	0.695743	0.654469	0.250000	1.269493	0.038881
2.966718	0.903725	0.695743	0.654469	0.250000	1.269493	0.038881
2.976709	0.903725	0.695743	0.654469	0.250000	1.269493	0.038881
2.986769	0.903725	0.695743	0.654469	0.250000	1.269493	0.038881
2.996678	0.903725	0.695743	0.654469	0.250000	1.269493	0.038881
3.006702	0.903725	0.695743	0.654469	0.250000	1.269493	0.038881
3.016924	0.903725	0.695743	0.654469	0.250000	1.269493	0.038881
3.026742	0.903725	0.695743	0.654469	0.250000	1.269493	0.038881
3.036711	0.914226	0.711478	0.758972	0.250000	1.247430	0.040595
3.046803	0.914226	0.711478	0.758972	0.250000	1.247430	0.040595
3.056733	0.914226	0.711478	0.758972	0.250000	1.247430	0.040595
3.066785	0.914226	0.711478	0.758972	0.250000	1.247430	0.040595
3.076669	0.914226	0.711478	0.758972	0.250000	1.247430	0.040595
3.086622	0.926589	0.725243	0.826385	0.250000	1.254267	0.045042
3.097186	0.926589	0.725243	0.826385	0.250000	1.254267	0.045042
3.106847	0.926589	0.725243	0.826385	0.250000	1.254267	0.045042
3.116604	0.926589	0.725243	0.826385	0.250000	1.254267	0.045042
3.126773	0.926589	0.725243	0.826385	0.250000	1.254267	0.045042
3.137443	0.936117	0.736361	0.867584	0.250000	1.276276	0.050167
3.146951	0.936117	0.736361	0.867584	0.250000	1.276276	0.050167
3.156735	0.936117	0.736361	0.867584	0.250000	1.276276	0.050167
3.166692	0.936117	0.736361	0.867584	0.250000	1.276276	0.050167
3.177182	0.949435	0.745146	0.897122	0.250000	1.328488	0.058997
3.186935	0.949435	0.745146	0.897122	0.250000	1.328488	0.058997
3.196742	0.949435	0.745146	0.897122	0.250000	1.328488	0.058997
3.207563	0.949435	0.745146	0.897122	0.250000	1.328488	0.058997
3.216915	0.949435	0.745146	0.897122	0.250000	1.328488	0.058997
3.226748	0.949435	0.745146	0.897122	0.250000	1.328488	0.058997
3.236710	0.949435	0.745146	0.897122	0.250000	1.328488	0.058997
3.246601	0.949435	0.745146	0.897122	0.250000	1.328488	0.058997
3.257238	0.949435	0.745146	0.897122	0.250000	1.328488	0.058997
3.266990	0.949435	0.745146	0.897122	0.250000	1.328488	0.058997
3.276733	0.949435	0.745146	0.897122	0.250000	1.328488	0.058997
3.287589	0.960751	0.760405	0.935825	0.250000	1.372571	0.068536
3.297318	0.960751	0.760405	0.935825	0.250000	1.372571	0.068536
3.307026	0.960751	0.760405	0.935825	0.250000	1.372571	0.068536
3.316760	0.960751	0.760405	0.935825	0.250000	1.372571	0.068536
3.327513	0.962241	0.770909	0.976078	0.250000	1.324839	0.066661
3.337280	0.962241	0.770909	0.976078	0.250000	1.324839	0.066661
3.347023	0.962241	0.770909	0.976078	0.250000	1.324839	0.066661
3.356797	0.962241	0.770909	0.976078	0.250000	1.324839	0.066661
3.367621	0.962241	0.770909	0.976078	0.250000	1.324839	0.066661
3.377293	0.962241	0.770909	0.976078	0.250000	1.324839	0.066661
3.387048	0.970894	0.783282	1.015184	0.250000	1.348910	0.074053
3.396827	0.970894	0.783282	1.015184	0.250000	1.348910	0.074053
3.407526	0.970894	0.783282	1.015184	0.250000	1.348910	0.074053
3.416676	0.970894	0.783282	1.015184	0.250000	1.348910	0.074053
3.426742	0.970894	0.783282	1.015184	0.250000	1.348910	0.074053
3.436732	0.970894	0.783282	1.015184	0.250000	1.348910	0.074053
3.446754	0.970146	0.792811	1.046920	0.250000	1.308536	0.071672
3.456799	0.970146	0.792811	1.046920	0.250000	1.308536	0.071672
3.466742	0.970146	0.792811	1.046920	0.250000	1.308536	0.071672
3.477204	0.970146	0.792811	1.046920	0.250000	1.308536	0.071672
3.486606	0.970146	0.792811	1.046920	0.250000	1.308536	0.071672
3.496644	0.970146	0.792811	1.046920	0.250000	1.308536	0.071672
3.506807	0.970146	0.792811	1.046920	0.250000	1.308536	0.071672
3.516818	0.970146	0.792811	1.046920	0.250000	1.308536	0.071672
3.526830	0.970146	0.792811	1.046920	0.250000	1.308536	0.071672
3.536694	0.981394	0.803165	1.072528	0.250000	1.345494	0.079967
3.551663	0.981394	0.803165	1.072528	0.250000	1.345494	0.079967
3.556850	0.981394	0.803165	1.072528	0.250000	1.345494	0.079967
3.566649	0.981394	0.803165	1.072528	0.250000	1.345494	0.079967
3.577329	0.981394	0.803165	1.072528	0.250000	1.345494	0.079967
3.587175	0.981394	0.803165	1.072528	0.250000	1.345494	0.079967
3.596894	0.981394	0.803165	1.072528	0.250000	1.345494	0.079967
3.606607	0.981394	0.803165	1.072528	0.250000	1.345494	0.079967
3.617416	0.981394	0.803165	1.072528	0.250000	1.345494	0.079967
3.627116	0.988029	0.817835	1.124145	0.250000	1.333253	0.084022
3.636875	0.988029	0.817835	1.124145	0.250000	1.333253	0.084022
3.646654	0.988029	0.817835	1.124145	0.250000	1.333253	0.084022
3.657409	0.988029	0.817835	1.124145	0.250000	1.333253	0.084022
3.667154	0.988029	0.817835	1.124145	0.250000	1.333253	0.084022
3.676860	0.998691	0.827350	1.166276	0.250000	1.342638	0.091402
3.686806	0.998691	0.827350	1.166276	0.250000	1.342638	0.091402
3.697467	0.998691	0.827350	1.166276	0.250000	1.342638	0.091402
3.706799	0.998691	0.827350	1.166276	0.250000	1.342638	0.091402
3.716789	0.998691	0.827350	1.166276	0.250000	1.342638	0.091402
3.726710	0.998691	0.827350	1.166276	0.250000	1.342638	0.091402
3.736639	1.005545	0.843225	1.208641	0.250000	1.332058	0.094838
3.746987	1.005545	0.843225	1.208641	0.250000	1.332058	0.094838
3.756965	1.005545	0.843225	1.208641	0.250000	1.332058	0.094838
3.766747	1.005545	0.843225	1.208641	0.250000	1.332058	0.094838
3.777740	1.005545	0.843225	1.208641	0.250000	1.332058	0.094838
3.787213	1.005545	0.843225	1.208641	0.250000	1.332058	0.094838
3.797087	1.005545	0.843225	1.208641	0.250000	1.332058	0.094838
3.806751	1.005545	0.843225	1.208641	0.250000	1.332058	0.094838
3.816850	1.005545	0.843225	1.208641	0.250000	1.332058	0.094838
3.826757	1.005545	0.843225	1.208641	0.250000	1.332058	0.094838
3.836815	1.005545	0.843225	1.208641	0.250000	1.332058	0.094838
3.846747	1.008931	0.853976	1.242960	0.250000	1.315476	0.096201
3.856717	1.008931	0.853976	1.242960	0.250000	1.315476	0.096201
3.866740	1.008931	0.853976	1.242960	0.250000	1.315476	0.096201
3.877005	1.008931	0.853976	1.242960	0.250000	1.315476	0.096201
3.886794	1.008931	0.853976	1.242960	0.250000	1.315476	0.096201
3.897521	1.008931	0.853976	1.242960	0.250000	1.315476	0.096201
3.907223	1.008931	0.853976	1.242960	0.250000	1.315476	0.096201
3.916995	1.008931	0.853976	1.242960	0.250000	1.315476	0.096201
3.926733	1.014145	0.870716	1.286425	0.250000	1.309563	0.099911
3.937454	1.014145	0.870716	1.286425	0.250000	1.309563	0.099911
3.946769	1.014145	0.870716	1.286425	0.250000	1.309563	0.099911
3.957134	1.014145	0.870716	1.286425	0.250000	1.309563	0.099911
3.966832	1.014145	0.870716	1.286425	0.250000	1.309563	0.099911
3.976715	1.018495	0.886941	1.328713	0.250000	1.292967	0.101889
3.986749	1.018495	0.886941	1.328713	0.250000	1.292967	0.101889
3.996783	1.018495	0.886941	1.328713	0.250000	1.292967	0.101889
4.006867	1.018495	0.886941	1.328713	0.250000	1.292967	0.101889
4.017618	1.018495	0.886941	1.328713	0.250000	1.292967	0.101889
4.027384	1.018495	0.886941	1.328713	0.250000	1.292967	0.101889
4.037024	1.018495	0.886941	1.328713	0.250000	1.292967	0.101889
4.047028	1.018495	0.886941	1.328713	0.250000	1.292967	0.101889
4.056727	1.018495	0.886941	1.328713	0.250000	1.292967	0.101889
4.066847	1.018495	0.886941	1.328713	0.250000	1.292967	0.101889
4.076833	1.018495	0.886941	1.328713	0.250000	1.292967	0.101889
4.086854	1.018495	0.886941	1.328713	0.250000	1.292967	0.101889
4.096634	1.018495	0.886941	1.328713	0.250000	1.292967	0.101889
4.107288	1.021029	0.902516	1.370806	0.250000	1.281986	0.103964
4.116718	1.021029	0.902516	1.370806	0.250000	1.281986	0.103964
4.126899	1.021029	0.902516	1.370806	0.250000	1.281986	0.103964
4.137499	1.021029	0.902516	1.370806	0.250000	1.281986	0.103964
4.147331	1.021029	0.902516	1.370806	0.250000	1.281986	0.103964
4.157124	1.021029	0.902516	1.370806	0.250000	1.281986	0.103964
4.167011	1.021029	0.902516	1.370806	0.250000	1.281986	0.103964
4.177598	1.021029	0.902516	1.370806	0.250000	1.281986	0.103964
4.186725	1.021029	0.902516	1.370806	0.250000	1.281986	0.103964
4.196826	1.022353	0.920663	1.428486	0.250000	1.242421	0.103035
4.206841	1.022353	0.920663	1.428486	0.250000	1.242421	0.103035
4.216665	1.022353	0.920663	1.428486	0.250000	1.242421	0.103035
4.226668	1.022353	0.920663	1.428486	0.250000	1.242421	0.103035
4.237131	1.022353	0.920663	1.428486	0.250000	1.242421	0.103035
4.247053	1.022353	0.920663	1.428486	0.250000	1.242421	0.103035
4.256738	1.022353	0.920663	1.428486	0.250000	1.242421	0.103035
4.267411	1.022353	0.920663	1.428486	0.250000	1.242421	0.103035
4.277179	1.022353	0.920663	1.428486	0.250000	1.242421	0.103035
4.286926	1.022353	0.920663	1.428486	0.250000	1.242421	0.103035
4.296709	1.022353	0.920663	1.428486	0.250000	1.242421	0.103035
4.307370	1.023036	0.939699	1.577924	0.250000	1.062449	0.092367
4.317198	1.023036	0.939699	1.577924	0.250000	1.062449	0.092367
4.326956	1.023036	0.939699	1.577924	0.250000	1.062449	0.092367
4.336685	1.023036	0.939699	1.577924	0.250000	1.062449	0.092367
4.347564	1.023036	0.939699	1.577924	0.250000	1.062449	0.092367
4.357305	1.023036	0.939699	1.577924	0.250000	1.062449	0.092367
4.367087	1.023036	0.939699	1.577924	0.250000	1.062449	0.092367
4.376705	1.023036	0.939699	1.577924	0.250000	1.062449	0.092367
4.387498	1.023036	0.939699	1.577924	0.250000	1.062449	0.092367
4.397238	1.023036	0.939699	1.577924	0.250000	1.062449	0.092367
4.406769	1.023036	0.939699	1.577924	0.250000	1.062449	0.092367
4.420660	1.026363	0.968983	1.643062	0.250000	1.021296	0.094288
4.427451	1.026363	0.968983	1.643062	0.250000	1.021296	0.094288
4.436723	1.026363	0.968983	1.643062	0.250000	1.021296	0.094288
4.446783	1.026363	0.968983	1.643062	0.250000	1.021296	0.094288
4.456764	1.026363	0.968983	1.643062	0.250000	1.021296	0.094288
4.467633	1.026363	0.968983	1.643062	0.250000	1.021296	0.094288
4.478475	1.026363	0.968983	1.643062	0.250000	1.021296	0.094288
4.487027	1.026363	0.968983	1.643062	0.250000	1.021296	0.094288
4.496751	1.026363	0.968983	1.643062	0.250000	1.021296	0.094288
4.507458	1.026363	0.968983	1.643062	0.250000	1.021296	0.094288
4.517208	1.026619	0.993460	1.701028	0.250000	0.959541	0.093664
4.527042	1.026619	0.993460	1.701028	0.250000	0.959541	0.093664
4.536678	1.026619	0.993460	1.701028	0.250000	0.959541	0.093664
4.547490	1.026619	0.993460	1.701028	0.250000	0.959541	0.093664
4.557251	1.026619	0.993460	1.701028	0.250000	0.959541	0.093664
4.567150	1.026619	0.993460	1.701028	0.250000	0.959541	0.093664
4.576816	1.026619	0.993460	1.701028	0.250000	0.959541	0.093664
4.588436	1.026619	0.993460	1.701028	0.250000	0.959541	0.093664
4.596707	1.026619	0.993460	1.701028	0.250000	0.959541	0.093664
4.607057	1.025381	1.020774	1.687234	0.250000	0.992571	0.100964
4.616765	1.025381	1.020774	1.687234	0.250000	0.992571	0.100964
4.627709	1.025381	1.020774	1.687234	0.250000	0.992571	0.100964
4.636665	1.025381	1.020774	1.687234	0.250000	0.992571	0.100964
4.646675	1.025381	1.020774	1.687234	0.250000	0.992571	0.100964
4.656762	1.021771	1.035439	1.831631	0.250000	0.724456	0.081285
4.667718	1.021771	1.035439	1.831631	0.250000	0.724456	0.081285
4.676871	1.021771	1.035439	1.831631	0.250000	0.724456	0.081285
4.687096	1.021771	1.035439	1.831631	0.250000	0.724456	0.081285
4.696779	1.021771	1.035439	1.831631	0.250000	0.724456	0.081285
4.707548	1.021771	1.035439	1.831631	0.250000	0.724456	0.081285
4.716666	1.021320	1.056665	1.874845	0.250000	0.632321	0.078705
4.727021	1.021320	1.056665	1.874845	0.250000	0.632321	0.078705
4.736851	1.021320	1.056665	1.874845	0.250000	0.632321	0.078705
4.747623	1.021320	1.056665	1.874845	0.250000	0.632321	0.078705
4.756753	1.021320	1.056665	1.874845	0.250000	0.632321	0.078705
4.766793	1.021320	1.056665	1.874845	0.250000	0.632321	0.078705
4.776953	1.016217	1.064084	1.907048	0.250000	0.519915	0.069786
4.786821	1.016217	1.064084	1.907048	0.250000	0.519915	0.069786
4.797492	1.016217	1.064084	1.907048	0.250000	0.519915	0.069786
4.807102	1.016217	1.064084	1.907048	0.250000	0.519915	0.069786
4.816762	1.016217	1.064084	1.907048	0.250000	0.519915	0.069786
4.826699	1.016217	1.064084	1.907048	0.250000	0.519915	0.069786
4.837432	1.016217	1.064084	1.907048	0.250000	0.519915	0.069786
4.848191	1.016217	1.064084	1.907048	0.250000	0.519915	0.069786
4.856895	1.016217	1.064084	1.907048	0.250000	0.519915	0.069786
4.866676	1.016217	1.064084	1.907048	0.250000	0.519915	0.069786
4.877340	1.016217	1.064084	1.907048	0.250000	0.519915	0.069786
4.887123	1.016217	1.064084	1.907048	0.250000	0.519915	0.069786
4.896989	1.016217	1.064084	1.907048	0.250000	0.519915	0.069786
4.906757	1.013233	1.084654	1.864553	0.250000	0.539944	0.075038
4.916916	1.013233	1.084654	1.864553	0.250000	0.539944	0.075038
4.926750	1.013233	1.084654	1.864553	0.250000	0.539944	0.075038
4.936888	1.013233	1.084654	1.864553	0.250000	0.539944	0.075038
4.947623	1.013233	1.084654	1.864553	0.250000	0.539944	0.075038
4.957449	1.013233	1.084654	1.864553	0.250000	0.539944	0.075038
4.966637	1.013233	1.084654	1.864553	0.250000	0.539944	0.075038
4.976919	1.013233	1.084654	1.864553	0.250000	0.539944	0.075038
4.986718	1.013233	1.084654	1.864553	0.250000	0.539944	0.075038
4.996752	1.013233	1.084654	1.864553	0.250000	0.539944	0.075038
5.006727	1.013233	1.084654	1.864553	0.250000	0.539944	0.075038
5.016735	1.013233	1.084654	1.864553	0.250000	0.539944	0.075038
5.026754	1.004151	1.102868	2.022964	0.250000	0.107404	0.044723
5.036727	1.004151	1.102868	2.022964	0.250000	0.107404	0.044723
5.046709	1.004151	1.102868	2.022964	0.250000	0.107404	0.044723
5.057013	1.004151	1.102868	2.022964	0.250000	0.107404	0.044723
5.066727	1.004151	1.102868	2.022964	0.250000	0.107404	0.044723
5.077433	1.004151	1.102868	2.022964	0.250000	0.107404	0.044723
5.087248	0.995989	1.124446	2.081597	0.250000	-0.150335	0.029191
5.096918	0.995989	1.124446	2.081597	0.250000	-0.150335	0.029191
5.106643	0.995989	1.124446	2.081597	0.250000	-0.150335	0.029191
5.117373	0.995989	1.124446	2.081597	0.250000	-0.150335	0.029191
5.127307	0.995989	1.124446	2.081597	0.250000	-0.150335	0.029191
5.136776	0.985401	1.138617	2.131983	0.250000	-0.386182	0.014308
5.146722	0.985401	1.138617	2.131983	0.250000	-0.386182	0.014308
5.156945	0.985401	1.138617	2.131983	0.250000	-0.386182	0.014308
5.166713	0.985401	1.138617	2.131983	0.250000	-0.386182	0.014308
5.176661	0.985401	1.138617	2.131983	0.250000	-0.386182	0.014308
5.186731	0.985401	1.138617	2.131983	0.250000	-0.386182	0.014308
5.196690	0.985401	1.138617	2.131983	0.250000	-0.386182	0.014308
5.207276	0.979009	1.147952	2.078169	0.250000	-0.331512	0.015795
5.217041	0.979009	1.147952	2.078169	0.250000	-0.331512	0.015795
5.226782	0.979009	1.147952	2.078169	0.250000	-0.331512	0.015795
5.237508	0.979009	1.147952	2.078169	0.250000	-0.331512	0.015795
5.247304	0.979009	1.147952	2.078169	0.250000	-0.331512	0.015795
5.256715	0.971744	1.157872	2.120756	0.250000	-0.514424	0.004734
5.266823	0.971744	1.157872	2.120756	0.250000	-0.514424	0.004734
5.277483	0.971744	1.157872	2.120756	0.250000	-0.514424	0.004734
5.287275	0.971744	1.157872	2.120756	0.250000	-0.514424	0.004734
5.297032	0.971744	1.157872	2.120756	0.250000	-0.514424	0.004734
5.306736	0.971744	1.157872	2.120756	0.250000	-0.514424	0.004734
5.317506	0.964645	1.171525	2.242697	0.250000	-0.835169	-0.011533
5.327231	0.964645	1.171525	2.242697	0.250000	-0.835169	-0.011533
5.337019	0.964645	1.171525	2.242697	0.250000	-0.835169	-0.011533
5.346825	0.964645	1.171525	2.242697	0.250000	-0.835169	-0.011533
5.357067	0.964645	1.171525	2.242697	0.250000	-0.835169	-0.011533
5.366805	0.964645	1.171525	2.242697	0.250000	-0.835169	-0.011533
5.376641	0.964645	1.171525	2.242697	0.250000	-0.835169	-0.011533
5.386857	0.964645	1.171525	2.242697	0.250000	-0.835169	-0.011533
5.397603	0.964645	1.171525	2.242697	0.250000	-0.835169	-0.011533
5.407300	0.964645	1.171525	2.242697	0.250000	-0.835169	-0.011533
5.417057	0.964645	1.171525	2.242697	0.250000	-0.835169	-0.011533
5.426842	0.964645	1.171525	2.242697	0.250000	-0.835169	-0.011533
5.437610	0.964645	1.171525	2.242697	0.250000	-0.835169	-0.011533
5.446714	0.952716	1.193952	2.340114	0.250000	-1.125746	-0.027151
5.457627	0.952716	1.193952	2.340114	0.250000	-1.125746	-0.027151
5.467430	0.952716	1.193952	2.340114	0.250000	-1.125746	-0.027151
5.476671	0.952716	1.193952	2.340114	0.250000	-1.125746	-0.027151
5.486881	0.952716	1.193952	2.340114	0.250000	-1.125746	-0.027151
5.496638	0.952716	1.193952	2.340114	0.250000	-1.125746	-0.027151
5.507370	0.952716	1.193952	2.340114	0.250000	-1.125746	-0.027151
5.517120	0.940650	1.216643	2.418727	0.250000	-1.298000	-0.035164
5.526901	0.940650	1.216643	2.418727	0.250000	-1.298000	-0.035164
5.536680	0.940650	1.216643	2.418727	0.250000	-1.298000	-0.035164
5.547420	0.940650	1.216643	2.418727	0.250000	-1.298000	-0.035164
5.557148	0.940650	1.216643	2.418727	0.250000	-1.298000	-0.035164
5.566941	0.940650	1.216643	2.418727	0.250000	-1.298000	-0.035164
5.576670	0.940650	1.216643	2.418727	0.250000	-1.298000	-0.035164
5.587401	0.940650	1.216643	2.418727	0.250000	-1.298000	-0.035164
5.597205	0.940650	1.216643	2.418727	0.250000	-1.298000	-0.035164
5.606952	0.940650	1.216643	2.418727	0.250000	-1.298000	-0.035164
5.616642	0.925437	1.234990	2.292294	0.250000	-1.291073	-0.045921
5.627551	0.925437	1.234990	2.292294	0.250000	-1.291073	-0.045921
5.636722	0.925437	1.234990	2.292294	0.250000	-1.291073	-0.045921
5.646965	0.925437	1.234990	2.292294	0.250000	-1.291073	-0.045921
5.656719	0.925437	1.234990	2.292294	0.250000	-1.291073	-0.045921
5.666626	0.925437	1.234990	2.292294	0.250000	-1.291073	-0.045921
5.676635	0.913864	1.247882	2.268960	0.250000	-1.321676	-0.051872
5.686978	0.913864	1.247882	2.268960	0.250000	-1.321676	-0.051872
5.696707	0.913864	1.247882	2.268960	0.250000	-1.321676	-0.051872
5.707415	0.913864	1.247882	2.268960	0.250000	-1.321676	-0.051872
5.717167	0.913864	1.247882	2.268960	0.250000	-1.321676	-0.051872
5.726753	0.913864	1.247882	2.268960	0.250000	-1.321676	-0.051872
5.736711	0.913864	1.247882	2.268960	0.250000	-1.321676	-0.051872
5.747582	0.905266	1.265423	2.133044	0.250000	-1.218388	-0.056979
5.756724	0.905266	1.265423	2.133044	0.250000	-1.218388	-0.056979
5.767042	0.905266	1.265423	2.133044	0.250000	-1.218388	-0.056979
5.776754	0.905266	1.265423	2.133044	0.250000	-1.218388	-0.056979
5.787491	0.905266	1.265423	2.133044	0.250000	-1.218388	-0.056979
5.797246	0.905266	1.265423	2.133044	0.250000	-1.218388	-0.056979
5.806950	0.899425	1.279084	2.221482	0.250000	-1.360789	-0.064147
5.816734	0.899425	1.279084	2.221482	0.250000	-1.360789	-0.064147
5.826701	0.899425	1.279084	2.221482	0.250000	-1.360789	-0.064147
5.836716	0.899425	1.279084	2.221482	0.250000	-1.360789	-0.064147
5.846772	0.899425	1.279084	2.221482	0.250000	-1.360789	-0.064147
5.856863	0.899425	1.279084	2.221482	0.250000	-1.360789	-0.064147
5.867490	0.894855	1.293387	2.081439	0.250000	-1.195276	-0.064395
5.876672	0.894855	1.293387	2.081439	0.250000	-1.195276	-0.064395
5.887042	0.894855	1.293387	2.081439	0.250000	-1.195276	-0.064395
5.896766	0.894855	1.293387	2.081439	0.250000	-1.195276	-0.064395
5.907570	0.894855	1.293387	2.081439	0.250000	-1.195276	-0.064395
5.916680	0.894855	1.293387	2.081439	0.250000	-1.195276	-0.064395
5.927035	0.888458	1.300136	2.051052	0.250000	-1.185047	-0.069102
5.936845	0.888458	1.300136	2.051052	0.250000	-1.185047	-0.069102
5.947613	0.888458	1.300136	2.051052	0.250000	-1.185047	-0.069102
5.957303	0.888458	1.300136	2.051052	0.250000	-1.185047	-0.069102
5.966740	0.888458	1.300136	2.051052	0.250000	-1.185047	-0.069102
5.976709	0.888458	1.300136	2.051052	0.250000	-1.185047	-0.069102
5.986694	0.888458	1.300136	2.051052	0.250000	-1.185047	-0.069102
5.996650	0.882815	1.311819	1.892423	0.250000	-0.927670	-0.060586
6.007088	0.882815	1.311819	1.892423	0.250000	-0.927670	-0.060586
6.016827	0.882815	1.311819	1.892423	0.250000	-0.927670	-0.060586
6.027682	0.882815	1.311819	1.892423	0.250000	-0.927670	-0.060586
6.037246	0.882815	1.311819	1.892423	0.250000	-0.927670	-0.060586
6.047105	0.875305	1.316143	1.862228	0.250000	-0.915992	-0.064783
6.056852	0.875305	1.316143	1.862228	0.250000	-0.915992	-0.064783
6.066656	0.875305	1.316143	1.862228	0.250000	-0.915992	-0.064783
6.077339	0.875305	1.316143	1.862228	0.250000	-0.915992	-0.064783
6.087127	0.875305	1.316143	1.862228	0.250000	-0.915992	-0.064783
6.096799	0.870511	1.331342	1.820160	0.250000	-0.829588	-0.063990
6.107535	0.870511	1.331342	1.820160	0.250000	-0.829588	-0.063990
6.117368	0.870511	1.331342	1.820160	0.250000	-0.829588	-0.063990
6.127159	0.870511	1.331342	1.820160	0.250000	-0.829588	-0.063990
6.136940	0.870511	1.331342	1.820160	0.250000	-0.829588	-0.063990
6.146650	0.870511	1.331342	1.820160	0.250000	-0.829588	-0.063990
6.157397	0.870511	1.331342	1.820160	0.250000	-0.829588	-0.063990
6.167147	0.870511	1.331342	1.820160	0.250000	-0.829588	-0.063990
6.176902	0.870511	1.331342	1.820160	0.250000	-0.829588	-0.063990
6.186666	0.870511	1.331342	1.820160	0.250000	-0.829588	-0.063990
6.196675	0.870511	1.331342	1.820160	0.250000	-0.829588	-0.063990
6.206709	0.866835	1.352075	1.775259	0.250000	-0.691434	-0.060160
6.216759	0.866835	1.352075	1.775259	0.250000	-0.691434	-0.060160
6.226680	0.866835	1.352075	1.775259	0.250000	-0.691434	-0.060160
6.237415	0.866835	1.352075	1.775259	0.250000	-0.691434	-0.060160
6.247150	0.866835	1.352075	1.775259	0.250000	-0.691434	-0.060160
6.256909	0.866835	1.352075	1.775259	0.250000	-0.691434	-0.060160
6.266646	0.866835	1.352075	1.775259	0.250000	-0.691434	-0.060160
6.277398	0.865645	1.378643	1.726612	0.250000	-0.554468	-0.050747
