x(i)	y(i)	theta(i)
0.699837	0.147260	1.407927
0.700509	0.151560	1.423603
0.701111	0.155844	1.438924
0.701644	0.160114	1.453877
0.702113	0.164369	1.468446
0.702518	0.168609	1.482620
0.702862	0.172834	1.496385
0.703147	0.177043	1.509730
0.703376	0.181236	1.522644
0.703551	0.185415	1.535117
0.703675	0.189577	1.547141
0.703749	0.193723	1.558707
0.703776	0.197853	1.569807
0.703758	0.201967	1.580433
0.703697	0.206064	1.590579
0.703597	0.210145	1.600239
0.703458	0.214209	1.609406
0.703284	0.218256	1.618075
0.703077	0.222286	1.626241
0.702838	0.226299	1.633897
0.702571	0.230295	1.641040
0.702278	0.234273	1.647663
0.701961	0.238233	1.653762
0.701622	0.242176	1.659331
0.701263	0.246101	1.664366
0.700888	0.250008	1.668860
0.700497	0.253896	1.672808
0.700094	0.257766	1.676203
0.699681	0.261618	1.679040
0.699260	0.265451	1.681311
0.698833	0.269265	1.683009
0.698403	0.273060	1.684127
0.697972	0.276836	1.684656
0.697542	0.280593	1.684588
0.697116	0.284330	1.683913
0.696696	0.288048	1.682621
0.696284	0.291746	1.680701
0.695883	0.295424	1.678143
0.695495	0.299082	1.674935
0.695121	0.302720	1.671064
0.694765	0.306337	1.666516
0.694429	0.309935	1.661280
0.694115	0.313511	1.655339
0.693826	0.317067	1.648680
0.693563	0.320602	1.641288
0.693329	0.324115	1.633145
0.693126	0.327608	1.624238
0.692957	0.331079	1.614549
0.692824	0.334529	1.604062
0.692729	0.337956	1.592762
0.692675	0.341363	1.580633
0.692663	0.344747	1.567660
0.692696	0.348109	1.553828
0.692777	0.351449	1.539126
0.692908	0.354766	1.523540
0.693091	0.358061	1.507381
0.693325	0.361333	1.491165
0.693611	0.364584	1.474915
0.693948	0.367814	1.458645
0.694336	0.371023	1.442368
0.694774	0.374211	1.426101
0.695262	0.377380	1.409857
0.695800	0.380529	1.393652
0.696386	0.383659	1.377500
0.697021	0.386771	1.361416
0.697704	0.389864	1.345414
0.698436	0.392940	1.329509
0.699214	0.395999	1.313714
0.700039	0.399041	1.298043
0.700911	0.402067	1.282508
0.701829	0.405077	1.267123
0.702793	0.408071	1.251900
0.703801	0.411051	1.236850
0.704855	0.414016	1.221985
0.705953	0.416968	1.207313
0.707095	0.419906	1.192847
0.708280	0.422831	1.178593
0.709509	0.425743	1.164562
0.710781	0.428643	1.150760
0.712094	0.431531	1.137196
0.713450	0.434409	1.123874
0.714847	0.437275	1.110802
0.716285	0.440131	1.097985
0.717763	0.442977	1.085426
0.719282	0.445814	1.073131
0.720841	0.448642	1.061102
0.722439	0.451462	1.049343
0.724075	0.454273	1.037855
0.725751	0.457077	1.026640
0.727464	0.459874	1.015700
0.729215	0.462664	1.005035
0.731003	0.465448	0.994647
0.732828	0.468226	0.984534
0.734690	0.470999	0.974696
0.736587	0.473767	0.965133
0.738520	0.476531	0.955844
0.740489	0.479291	0.946827
0.742491	0.482047	0.938080
0.744529	0.484801	0.929602
0.746600	0.487551	0.921390
0.748704	0.490300	0.913443
0.750841	0.493047	0.905757
0.753011	0.495793	0.898330
0.755214	0.498539	0.891158
0.757448	0.501284	0.884241
0.759713	0.504029	0.877573
0.762009	0.506775	0.871152
0.764336	0.509522	0.864974
0.766693	0.512270	0.859038
0.769079	0.515021	0.853338
0.771495	0.517774	0.847871
0.773939	0.520530	0.842636
0.776412	0.523289	0.837626
0.778913	0.526053	0.832841
0.781441	0.528820	0.828275
0.783997	0.531593	0.823926
0.786579	0.534370	0.819790
0.789188	0.537153	0.815864
0.791822	0.539943	0.812144
0.794482	0.542739	0.808628
0.797167	0.545542	0.805331
0.799875	0.548352	0.802353
0.802606	0.551170	0.799703
0.805358	0.553995	0.797373
0.808129	0.556827	0.795356
0.810917	0.559666	0.793646
0.813720	0.562512	0.792238
0.816538	0.565365	0.791127
0.819368	0.568226	0.790309
0.822209	0.571093	0.789781
0.825059	0.573967	0.789540
0.827917	0.576849	0.789582
0.830780	0.579737	0.789906
0.833648	0.582632	0.790511
0.836518	0.585534	0.791396
0.839389	0.588443	0.792559
0.842259	0.591359	0.794002
0.845127	0.594281	0.795724
0.847991	0.597210	0.797726
0.850849	0.600146	0.800011
0.853699	0.603089	0.802579
0.856541	0.606038	0.805433
0.859372	0.608994	0.808577
0.862191	0.611957	0.812012
0.864996	0.614926	0.815744
0.867785	0.617902	0.819775
0.870557	0.620884	0.824112
0.873310	0.623873	0.828758
0.876043	0.626868	0.833721
0.878753	0.629870	0.839005
0.881440	0.632878	0.844618
0.884101	0.635892	0.850567
0.886735	0.638913	0.856860
0.889341	0.641940	0.863504
0.891915	0.644974	0.870509
0.894458	0.648013	0.877883
0.896967	0.651059	0.885638
0.899441	0.654111	0.893782
0.901878	0.657169	0.902328
0.904276	0.660234	0.911286
0.906634	0.663304	0.920668
0.908950	0.666381	0.930488
0.911222	0.669464	0.940758
0.913449	0.672552	0.951491
0.915630	0.675647	0.962703
0.917761	0.678748	0.974406
0.919843	0.681855	0.986617
0.921873	0.684967	0.999350
0.923849	0.688085	1.012622
0.925770	0.691210	1.026447
0.927635	0.694340	1.040841
0.929441	0.697476	1.055822
0.931187	0.700617	1.071403
0.932871	0.703765	1.087602
0.934492	0.706918	1.104434
0.936048	0.710077	1.121912
0.937537	0.713241	1.140051
0.938958	0.716411	1.158858
0.940310	0.719587	1.177819
0.941594	0.722768	1.196582
0.942811	0.725955	1.215120
0.943964	0.729147	1.233408
0.945053	0.732344	1.251422
0.946081	0.735548	1.269138
0.947049	0.738756	1.286534
0.947958	0.741970	1.303591
0.948810	0.745189	1.320288
0.949607	0.748414	1.336607
0.950351	0.751644	1.352532
0.951042	0.754879	1.368047
0.951682	0.758119	1.383140
0.952274	0.761365	1.397796
0.952818	0.764616	1.412005
0.953317	0.767872	1.425758
0.953771	0.771133	1.439046
0.954182	0.774399	1.451860
0.954552	0.777670	1.464196
0.954883	0.780946	1.476048
0.955176	0.784228	1.487411
0.955433	0.787514	1.498283
0.955654	0.790805	1.508660
0.955843	0.794101	1.518541
0.956000	0.797402	1.527925
0.956127	0.800708	1.536811
0.956225	0.804018	1.545200
0.956297	0.807334	1.553091
0.956343	0.810654	1.560486
0.956366	0.813979	1.567386
0.956367	0.817309	1.573792
0.956347	0.820643	1.579706
0.956308	0.823982	1.585130
0.956251	0.827326	1.590067
0.956179	0.830674	1.594517
0.956093	0.834027	1.598483
0.955994	0.837384	1.601969
0.955884	0.840746	1.604975
0.955764	0.844112	1.607504
0.955637	0.847483	1.609558
0.955503	0.850858	1.611213
0.955364	0.854238	1.612870
0.955219	0.857622	1.614590
0.955067	0.861010	1.616373
0.954909	0.864402	1.618218
0.954745	0.867799	1.620125
0.954574	0.871200	1.622094
0.954395	0.874605	1.624125
0.954210	0.878014	1.626218
0.954017	0.881427	1.628371
0.953816	0.884845	1.630586
0.953607	0.888266	1.632862
0.953390	0.891692	1.635198
0.953165	0.895121	1.637595
0.952931	0.898554	1.640052
0.952688	0.901991	1.642569
0.952437	0.905432	1.645146
0.952175	0.908877	1.647782
0.951905	0.912325	1.650478
0.951624	0.915777	1.653233
0.951334	0.919233	1.656047
0.951033	0.922693	1.658919
0.950722	0.926156	1.661850
0.950401	0.929622	1.664839
0.950068	0.933093	1.667886
0.949724	0.936566	1.670991
0.949369	0.940043	1.674153
0.949002	0.943524	1.677372
0.948624	0.947008	1.680649
0.948233	0.950495	1.683982
0.947831	0.953986	1.687371
0.947415	0.957480	1.690817
0.946987	0.960977	1.694318
0.946547	0.964478	1.697875
0.946092	0.967981	1.701488
0.945625	0.971488	1.705155
0.945144	0.974998	1.708877
0.944649	0.978510	1.712654
0.944140	0.982026	1.716484
0.943617	0.985545	1.720368
0.943079	0.989067	1.724306
0.942526	0.992592	1.728297
0.941959	0.996119	1.732340
0.941376	0.999650	1.736436
0.940778	1.003183	1.740584
0.940164	1.006719	1.744783
0.939534	1.010257	1.749033
0.938889	1.013799	1.753335
0.938226	1.017343	1.757686
0.937548	1.020889	1.762088
0.936852	1.024439	1.766539
0.936140	1.027990	1.771040
0.935410	1.031545	1.775589
0.934663	1.035101	1.780186
0.933898	1.038660	1.784803
0.933115	1.042222	1.789175
0.932317	1.045786	1.793239
0.931503	1.049352	1.796997
0.930675	1.052921	1.800451
0.929834	1.056491	1.803603
0.928982	1.060064	1.806456
0.928118	1.063640	1.809010
0.927245	1.067217	1.811267
0.926364	1.070796	1.813230
0.925475	1.074378	1.814899
0.924580	1.077961	1.816276
0.923679	1.081546	1.817361
0.922775	1.085134	1.818157
0.921867	1.088723	1.818663
0.920958	1.092314	1.818880
0.920048	1.095907	1.818810
0.919138	1.099502	1.818451
0.918230	1.103099	1.817806
0.917324	1.106697	1.816873
0.916422	1.110297	1.815652
0.915525	1.113899	1.814144
0.914634	1.117502	1.812349
0.913750	1.121107	1.810265
0.912873	1.124713	1.807892
0.912007	1.128321	1.805230
0.911150	1.131931	1.802278
0.910305	1.135541	1.799035
0.909473	1.139154	1.795499
0.908654	1.142767	1.791671
0.907850	1.146382	1.787547
0.907062	1.149998	1.783129
0.906291	1.153616	1.778413
0.905538	1.157234	1.773398
0.904804	1.160854	1.768084
0.904091	1.164475	1.762468
0.903399	1.168097	1.756549
0.902730	1.171720	1.750326
0.902084	1.175345	1.743797
0.901464	1.178970	1.736960
0.900869	1.182596	1.729815
0.900301	1.186223	1.722359
0.899761	1.189851	1.714592
0.899250	1.193479	1.706512
0.898770	1.197109	1.698118
0.898321	1.200739	1.689409
0.897905	1.204370	1.680395
0.897522	1.208002	1.671428
0.897171	1.211635	1.662684
0.896852	1.215268	1.654166
0.896564	1.218901	1.645875
0.896305	1.222535	1.637814
0.896076	1.226170	1.629983
0.895874	1.229805	1.622384
0.895700	1.233441	1.615018
0.895552	1.237077	1.607887
0.895430	1.240713	1.600991
0.895332	1.244350	1.594330
0.895258	1.247987	1.587906
0.895207	1.251624	1.581718
0.895179	1.255262	1.575768
0.895171	1.258899	1.570055
0.895184	1.262537	1.564579
0.895216	1.266175	1.559342
0.895267	1.269813	1.554342
0.895335	1.273451	1.549580
0.895421	1.277089	1.545055
0.895522	1.280727	1.540769
0.895639	1.284365	1.536719
0.895770	1.288002	1.532907
0.895915	1.291640	1.529332
0.896072	1.295277	1.525994
0.896240	1.298915	1.522893
0.896420	1.302552	1.520029
0.896610	1.306188	1.517400
0.896809	1.309824	1.515008
0.897016	1.313460	1.512852
0.897230	1.317096	1.510932
0.897451	1.320731	1.509248
0.897678	1.324366	1.507800
0.897909	1.328000	1.506587
0.898145	1.331633	1.505609
0.898383	1.335266	1.504867
0.898624	1.338898	1.504361
0.898866	1.342530	1.504091
0.899109	1.346161	1.504056
0.899351	1.349791	1.504257
0.899592	1.353420	1.504694
0.899832	1.357049	1.505368
0.900068	1.360677	1.506278
0.900300	1.364303	1.507425
0.900528	1.367929	1.508809
0.900750	1.371554	1.510431
0.900965	1.375178	1.512290
0.901174	1.378801	1.514388
0.901374	1.382423	1.516724
0.901566	1.386044	1.519299
0.901747	1.389663	1.522114
0.901918	1.393282	1.525169
0.902077	1.396899	1.528465
0.902224	1.400515	1.532002
0.902358	1.404129	1.535780
0.902477	1.407742	1.539800
0.902581	1.411354	1.544063
0.902670	1.414965	1.548568
0.902742	1.418574	1.553317
0.902796	1.422181	1.558309
0.902831	1.425788	1.563546
0.902848	1.429392	1.569026
0.902844	1.432995	1.574751
0.902819	1.436596	1.580721
0.902772	1.440196	1.586935
0.902702	1.443794	1.593393
0.902609	1.447390	1.600096
0.902491	1.450984	1.607043
0.902348	1.454577	1.614233
0.902179	1.458168	1.621667
0.901982	1.461757	1.629342
0.901758	1.465344	1.637260
0.901505	1.468929	1.645417
0.901222	1.472512	1.653814
0.900908	1.476093	1.662448
0.900563	1.479671	1.671318
0.900186	1.483248	1.680422
0.899776	1.486823	1.689758
0.899332	1.490395	1.699323
0.898853	1.493966	1.709115
0.898338	1.497534	1.719131
