t	x(t)	y(t)	theta(t)	v(t)	gamma(t)	efa
0.011631	0.696342	0.152235	1.608029	0.250000	0.009770	-0.005409
0.015373	0.696342	0.152235	1.608029	0.250000	0.009770	-0.005409
0.022552	0.696342	0.152235	1.608029	0.250000	0.009770	-0.005409
0.032071	0.696342	0.152235	1.608029	0.250000	0.009770	-0.005409
0.042148	0.696342	0.152235	1.608029	0.250000	0.009770	-0.005409
0.052759	0.696342	0.152235	1.608029	0.250000	0.009770	-0.005409
0.062358	0.696342	0.152235	1.608029	0.250000	0.009770	-0.005409
0.072360	0.696342	0.152235	1.608029	0.250000	0.009770	-0.005409
0.082133	0.696342	0.152235	1.608029	0.250000	0.009770	-0.005409
0.093788	0.696342	0.152235	1.608029	0.250000	0.009770	-0.005409
0.102115	0.696342	0.152235	1.608029	0.250000	0.009770	-0.005409
0.112146	0.696342	0.152235	1.608029	0.250000	0.009770	-0.005409
0.122117	0.696342	0.152235	1.608029	0.250000	0.009770	-0.005409
0.132030	0.696342	0.152235	1.608029	0.250000	0.009770	-0.005409
0.142091	0.696342	0.152235	1.608029	0.250000	0.009770	-0.005409
0.152338	0.696342	0.152235	1.608029	0.250000	0.009770	-0.005409
0.162126	0.696342	0.152235	1.608029	0.250000	0.009770	-0.005409
0.172306	0.696342	0.152235	1.608029	0.250000	0.009770	-0.005409
0.182561	0.696342	0.152235	1.608029	0.250000	0.009770	-0.005409
0.192338	0.696342	0.152235	1.608029	0.250000	0.009770	-0.005409
0.202882	0.696460	0.153725	1.604858	0.250000	0.021594	-0.004525
0.212844	0.696460	0.153725	1.604858	0.250000	0.021594	-0.004525
0.222145	0.696460	0.153725	1.604858	0.250000	0.021594	-0.004525
0.232275	0.696460	0.153725	1.604858	0.250000	0.021594	-0.004525
0.242113	0.696460	0.153725	1.604858	0.250000	0.021594	-0.004525
0.252815	0.696460	0.153725	1.604858	0.250000	0.021594	-0.004525
0.262563	0.696340	0.158051	1.601650	0.250000	0.031154	-0.003781
0.272069	0.696340	0.158051	1.601650	0.250000	0.031154	-0.003781
0.282105	0.696340	0.158051	1.601650	0.250000	0.031154	-0.003781
0.292958	0.696340	0.158051	1.601650	0.250000	0.031154	-0.003781
0.302632	0.696340	0.158051	1.601650	0.250000	0.031154	-0.003781
0.312457	0.696340	0.158051	1.601650	0.250000	0.031154	-0.003781
0.322164	0.696340	0.158051	1.601650	0.250000	0.031154	-0.003781
0.332115	0.696340	0.158051	1.601650	0.250000	0.031154	-0.003781
0.342663	0.696340	0.158051	1.601650	0.250000	0.031154	-0.003781
0.352416	0.696340	0.158051	1.601650	0.250000	0.031154	-0.003781
0.362178	0.696340	0.158051	1.601650	0.250000	0.031154	-0.003781
0.372319	0.695963	0.169527	1.595101	0.250000	0.045884	-0.002128
0.382638	0.695963	0.169527	1.595101	0.250000	0.045884	-0.002128
0.392369	0.695963	0.169527	1.595101	0.250000	0.045884	-0.002128
0.402562	0.695963	0.169527	1.595101	0.250000	0.045884	-0.002128
0.412946	0.695963	0.169527	1.595101	0.250000	0.045884	-0.002128
0.422705	0.695483	0.184553	1.594249	0.250000	0.031796	-0.001270
0.432428	0.695483	0.184553	1.594249	0.250000	0.031796	-0.001270
0.442205	0.695483	0.184553	1.594249	0.250000	0.031796	-0.001270
0.452945	0.695483	0.184553	1.594249	0.250000	0.031796	-0.001270
0.462636	0.695483	0.184553	1.594249	0.250000	0.031796	-0.001270
0.472404	0.695381	0.199911	1.591418	0.250000	-0.000994	-0.000195
0.482226	0.695381	0.199911	1.591418	0.250000	-0.000994	-0.000195
0.492970	0.695381	0.199911	1.591418	0.250000	-0.000994	-0.000195
0.502708	0.695381	0.199911	1.591418	0.250000	-0.000994	-0.000195
0.512508	0.695381	0.199911	1.591418	0.250000	-0.000994	-0.000195
0.522237	0.695381	0.199911	1.591418	0.250000	-0.000994	-0.000195
0.532913	0.694924	0.212280	1.600628	0.250000	-0.068698	-0.001825
0.542134	0.694924	0.212280	1.600628	0.250000	-0.068698	-0.001825
0.552443	0.694924	0.212280	1.600628	0.250000	-0.068698	-0.001825
0.562093	0.694924	0.212280	1.600628	0.250000	-0.068698	-0.001825
0.572369	0.694924	0.212280	1.600628	0.250000	-0.068698	-0.001825
0.582743	0.694924	0.212280	1.600628	0.250000	-0.068698	-0.001825
0.592512	0.694924	0.212280	1.600628	0.250000	-0.068698	-0.001825
0.602243	0.693856	0.226182	1.596833	0.250000	-0.141510	-0.002988
0.613018	0.693856	0.226182	1.596833	0.250000	-0.141510	-0.002988
0.622733	0.693856	0.226182	1.596833	0.250000	-0.141510	-0.002988
0.632454	0.693856	0.226182	1.596833	0.250000	-0.141510	-0.002988
0.642264	0.693856	0.226182	1.596833	0.250000	-0.141510	-0.002988
0.653024	0.693856	0.226182	1.596833	0.250000	-0.141510	-0.002988
0.662751	0.693856	0.226182	1.596833	0.250000	-0.141510	-0.002988
0.672086	0.693856	0.226182	1.596833	0.250000	-0.141510	-0.002988
0.682341	0.693856	0.226182	1.596833	0.250000	-0.141510	-0.002988
0.692092	0.692944	0.245759	1.593738	0.250000	-0.271326	-0.005947
0.702792	0.692944	0.245759	1.593738	0.250000	-0.271326	-0.005947
0.712561	0.692944	0.245759	1.593738	0.250000	-0.271326	-0.005947
0.722368	0.692944	0.245759	1.593738	0.250000	-0.271326	-0.005947
0.732073	0.692944	0.245759	1.593738	0.250000	-0.271326	-0.005947
0.742714	0.692691	0.266563	1.580614	0.250000	-0.412205	-0.009550
0.752117	0.692691	0.266563	1.580614	0.250000	-0.412205	-0.009550
0.762142	0.692691	0.266563	1.580614	0.250000	-0.412205	-0.009550
0.772193	0.692691	0.266563	1.580614	0.250000	-0.412205	-0.009550
0.782571	0.692691	0.266563	1.580614	0.250000	-0.412205	-0.009550
0.792097	0.692691	0.266563	1.580614	0.250000	-0.412205	-0.009550
0.802192	0.692936	0.284322	1.581883	0.250000	-0.546695	-0.014487
0.812132	0.692936	0.284322	1.581883	0.250000	-0.546695	-0.014487
0.822860	0.692936	0.284322	1.581883	0.250000	-0.546695	-0.014487
0.832609	0.692936	0.284322	1.581883	0.250000	-0.546695	-0.014487
0.842381	0.692936	0.284322	1.581883	0.250000	-0.546695	-0.014487
0.852089	0.692936	0.284322	1.581883	0.250000	-0.546695	-0.014487
0.862136	0.692936	0.284322	1.581883	0.250000	-0.546695	-0.014487
0.872131	0.692936	0.284322	1.581883	0.250000	-0.546695	-0.014487
0.882179	0.692936	0.284322	1.581883	0.250000	-0.546695	-0.014487
0.892220	0.692936	0.284322	1.581883	0.250000	-0.546695	-0.014487
0.902128	0.692936	0.284322	1.581883	0.250000	-0.546695	-0.014487
0.912585	0.692508	0.303379	1.577004	0.250000	-0.679682	-0.020382
0.922138	0.692508	0.303379	1.577004	0.250000	-0.679682	-0.020382
0.932210	0.692508	0.303379	1.577004	0.250000	-0.679682	-0.020382
0.942158	0.692508	0.303379	1.577004	0.250000	-0.679682	-0.020382
0.952166	0.692508	0.303379	1.577004	0.250000	-0.679682	-0.020382
0.963333	0.692508	0.303379	1.577004	0.250000	-0.679682	-0.020382
0.972372	0.692508	0.303379	1.577004	0.250000	-0.679682	-0.020382
0.982861	0.692508	0.303379	1.577004	0.250000	-0.679682	-0.020382
0.992654	0.692508	0.303379	1.577004	0.250000	-0.679682	-0.020382
1.002422	0.692508	0.303379	1.577004	0.250000	-0.679682	-0.020382
1.012202	0.692508	0.303379	1.577004	0.250000	-0.679682	-0.020382
1.022985	0.692071	0.324934	1.556831	0.250000	-0.809478	-0.027039
1.032683	0.692071	0.324934	1.556831	0.250000	-0.809478	-0.027039
1.042398	0.692071	0.324934	1.556831	0.250000	-0.809478	-0.027039
1.052202	0.692071	0.324934	1.556831	0.250000	-0.809478	-0.027039
1.062976	0.692071	0.324934	1.556831	0.250000	-0.809478	-0.027039
1.072171	0.692071	0.324934	1.556831	0.250000	-0.809478	-0.027039
1.082086	0.692071	0.324934	1.556831	0.250000	-0.809478	-0.027039
1.092151	0.692071	0.324934	1.556831	0.250000	-0.809478	-0.027039
1.102954	0.692071	0.324934	1.556831	0.250000	-0.809478	-0.027039
1.112773	0.692071	0.324934	1.556831	0.250000	-0.809478	-0.027039
1.122454	0.693050	0.351199	1.511004	0.250000	-0.900560	-0.032715
1.133316	0.693050	0.351199	1.511004	0.250000	-0.900560	-0.032715
1.142955	0.693050	0.351199	1.511004	0.250000	-0.900560	-0.032715
1.152684	0.693050	0.351199	1.511004	0.250000	-0.900560	-0.032715
1.162048	0.693050	0.351199	1.511004	0.250000	-0.900560	-0.032715
1.172230	0.693050	0.351199	1.511004	0.250000	-0.900560	-0.032715
1.182961	0.693050	0.351199	1.511004	0.250000	-0.900560	-0.032715
1.192693	0.693050	0.351199	1.511004	0.250000	-0.900560	-0.032715
1.203437	0.693050	0.351199	1.511004	0.250000	-0.900560	-0.032715
1.212294	0.693050	0.351199	1.511004	0.250000	-0.900560	-0.032715
1.223535	0.695066	0.371584	1.466096	0.250000	-0.931965	-0.035621
1.232781	0.695066	0.371584	1.466096	0.250000	-0.931965	-0.035621
1.242531	0.695066	0.371584	1.466096	0.250000	-0.931965	-0.035621
1.252275	0.695066	0.371584	1.466096	0.250000	-0.931965	-0.035621
1.262087	0.695066	0.371584	1.466096	0.250000	-0.931965	-0.035621
1.272064	0.696798	0.388154	1.419438	0.250000	-0.962181	-0.039341
1.282132	0.696798	0.388154	1.419438	0.250000	-0.962181	-0.039341
1.292279	0.696798	0.388154	1.419438	0.250000	-0.962181	-0.039341
1.302104	0.696798	0.388154	1.419438	0.250000	-0.962181	-0.039341
1.312112	0.696798	0.388154	1.419438	0.250000	-0.962181	-0.039341
1.322561	0.696798	0.388154	1.419438	0.250000	-0.962181	-0.039341
1.332253	0.696798	0.388154	1.419438	0.250000	-0.962181	-0.039341
1.342299	0.696798	0.388154	1.419438	0.250000	-0.962181	-0.039341
1.352135	0.696798	0.388154	1.419438	0.250000	-0.962181	-0.039341
1.362153	0.696798	0.388154	1.419438	0.250000	-0.962181	-0.039341
1.372736	0.699164	0.405257	1.381652	0.250000	-0.983424	-0.042637
1.382113	0.699164	0.405257	1.381652	0.250000	-0.983424	-0.042637
1.392844	0.699164	0.405257	1.381652	0.250000	-0.983424	-0.042637
1.402567	0.699164	0.405257	1.381652	0.250000	-0.983424	-0.042637
1.412282	0.699164	0.405257	1.381652	0.250000	-0.983424	-0.042637
1.422055	0.699164	0.405257	1.381652	0.250000	-0.983424	-0.042637
1.432700	0.699164	0.405257	1.381652	0.250000	-0.983424	-0.042637
1.442591	0.699164	0.405257	1.381652	0.250000	-0.983424	-0.042637
1.452343	0.699164	0.405257	1.381652	0.250000	-0.983424	-0.042637
1.462046	0.699164	0.405257	1.381652	0.250000	-0.983424	-0.042637
1.473587	0.702985	0.424225	1.343866	0.250000	-1.019006	-0.047468
1.482255	0.702985	0.424225	1.343866	0.250000	-1.019006	-0.047468
1.492367	0.702985	0.424225	1.343866	0.250000	-1.019006	-0.047468
1.502074	0.702985	0.424225	1.343866	0.250000	-1.019006	-0.047468
1.512121	0.702985	0.424225	1.343866	0.250000	-1.019006	-0.047468
1.522147	0.702985	0.424225	1.343866	0.250000	-1.019006	-0.047468
1.532403	0.709234	0.445601	1.301357	0.250000	-1.049381	-0.052698
1.542173	0.709234	0.445601	1.301357	0.250000	-1.049381	-0.052698
1.552900	0.709234	0.445601	1.301357	0.250000	-1.049381	-0.052698
1.562657	0.709234	0.445601	1.301357	0.250000	-1.049381	-0.052698
1.572348	0.709234	0.445601	1.301357	0.250000	-1.049381	-0.052698
1.582149	0.709234	0.445601	1.301357	0.250000	-1.049381	-0.052698
1.592842	0.715479	0.464389	1.263504	0.250000	-1.062043	-0.056797
1.602632	0.715479	0.464389	1.263504	0.250000	-1.062043	-0.056797
1.612388	0.715479	0.464389	1.263504	0.250000	-1.062043	-0.056797
1.622134	0.715479	0.464389	1.263504	0.250000	-1.062043	-0.056797
1.632116	0.715479	0.464389	1.263504	0.250000	-1.062043	-0.056797
1.642134	0.715479	0.464389	1.263504	0.250000	-1.062043	-0.056797
1.652445	0.715479	0.464389	1.263504	0.250000	-1.062043	-0.056797
1.664594	0.715479	0.464389	1.263504	0.250000	-1.062043	-0.056797
1.673829	0.715479	0.464389	1.263504	0.250000	-1.062043	-0.056797
1.682200	0.715479	0.464389	1.263504	0.250000	-1.062043	-0.056797
1.692405	0.721926	0.482332	1.212622	0.250000	-1.041552	-0.059500
1.703146	0.721926	0.482332	1.212622	0.250000	-1.041552	-0.059500
1.712149	0.721926	0.482332	1.212622	0.250000	-1.041552	-0.059500
1.722356	0.721926	0.482332	1.212622	0.250000	-1.041552	-0.059500
1.732344	0.721926	0.482332	1.212622	0.250000	-1.041552	-0.059500
1.742164	0.721926	0.482332	1.212622	0.250000	-1.041552	-0.059500
1.752976	0.721926	0.482332	1.212622	0.250000	-1.041552	-0.059500
1.762658	0.721926	0.482332	1.212622	0.250000	-1.041552	-0.059500
1.772383	0.721926	0.482332	1.212622	0.250000	-1.041552	-0.059500
1.782165	0.721926	0.482332	1.212622	0.250000	-1.041552	-0.059500
1.792072	0.721926	0.482332	1.212622	0.250000	-1.041552	-0.059500
1.803429	0.731131	0.502825	1.162904	0.250000	-1.015503	-0.062449
1.812195	0.731131	0.502825	1.162904	0.250000	-1.015503	-0.062449
1.822196	0.731131	0.502825	1.162904	0.250000	-1.015503	-0.062449
1.832091	0.731131	0.502825	1.162904	0.250000	-1.015503	-0.062449
1.842131	0.731131	0.502825	1.162904	0.250000	-1.015503	-0.062449
1.852164	0.731131	0.502825	1.162904	0.250000	-1.015503	-0.062449
1.862313	0.731131	0.502825	1.162904	0.250000	-1.015503	-0.062449
1.873084	0.731131	0.502825	1.162904	0.250000	-1.015503	-0.062449
1.882756	0.731131	0.502825	1.162904	0.250000	-1.015503	-0.062449
1.892509	0.731131	0.502825	1.162904	0.250000	-1.015503	-0.062449
1.903651	0.731131	0.502825	1.162904	0.250000	-1.015503	-0.062449
1.913033	0.731131	0.502825	1.162904	0.250000	-1.015503	-0.062449
1.922765	0.741822	0.523159	1.105317	0.250000	-0.951650	-0.062871
1.932488	0.741822	0.523159	1.105317	0.250000	-0.951650	-0.062871
1.942157	0.741822	0.523159	1.105317	0.250000	-0.951650	-0.062871
1.952054	0.741822	0.523159	1.105317	0.250000	-0.951650	-0.062871
1.962782	0.753359	0.544301	1.050598	0.250000	-0.875906	-0.062706
1.972549	0.753359	0.544301	1.050598	0.250000	-0.875906	-0.062706
1.982215	0.753359	0.544301	1.050598	0.250000	-0.875906	-0.062706
1.992125	0.753359	0.544301	1.050598	0.250000	-0.875906	-0.062706
2.003560	0.753359	0.544301	1.050598	0.250000	-0.875906	-0.062706
2.012564	0.753359	0.544301	1.050598	0.250000	-0.875906	-0.062706
2.022169	0.753359	0.544301	1.050598	0.250000	-0.875906	-0.062706
2.032075	0.753359	0.544301	1.050598	0.250000	-0.875906	-0.062706
2.042809	0.753359	0.544301	1.050598	0.250000	-0.875906	-0.062706
2.052599	0.753359	0.544301	1.050598	0.250000	-0.875906	-0.062706
2.062291	0.763943	0.560723	0.984972	0.250000	-0.746973	-0.058562
2.072065	0.763943	0.560723	0.984972	0.250000	-0.746973	-0.058562
2.082851	0.763943	0.560723	0.984972	0.250000	-0.746973	-0.058562
2.092638	0.763943	0.560723	0.984972	0.250000	-0.746973	-0.058562
2.102205	0.763943	0.560723	0.984972	0.250000	-0.746973	-0.058562
2.112142	0.763943	0.560723	0.984972	0.250000	-0.746973	-0.058562
2.122112	0.763943	0.560723	0.984972	0.250000	-0.746973	-0.058562
2.132139	0.763943	0.560723	0.984972	0.250000	-0.746973	-0.058562
2.142147	0.763943	0.560723	0.984972	0.250000	-0.746973	-0.058562
2.152131	0.763943	0.560723	0.984972	0.250000	-0.746973	-0.058562
2.162045	0.763943	0.560723	0.984972	0.250000	-0.746973	-0.058562
2.172099	0.763943	0.560723	0.984972	0.250000	-0.746973	-0.058562
2.182156	0.776017	0.578892	0.933621	0.250000	-0.618649	-0.054456
2.192166	0.776017	0.578892	0.933621	0.250000	-0.618649	-0.054456
2.202245	0.776017	0.578892	0.933621	0.250000	-0.618649	-0.054456
2.212139	0.776017	0.578892	0.933621	0.250000	-0.618649	-0.054456
2.222152	0.776017	0.578892	0.933621	0.250000	-0.618649	-0.054456
2.232183	0.787881	0.592538	0.882067	0.250000	-0.435798	-0.046092
2.242209	0.787881	0.592538	0.882067	0.250000	-0.435798	-0.046092
2.252697	0.787881	0.592538	0.882067	0.250000	-0.435798	-0.046092
2.262465	0.787881	0.592538	0.882067	0.250000	-0.435798	-0.046092
2.272161	0.787881	0.592538	0.882067	0.250000	-0.435798	-0.046092
2.282244	0.787881	0.592538	0.882067	0.250000	-0.435798	-0.046092
2.292667	0.787881	0.592538	0.882067	0.250000	-0.435798	-0.046092
2.302384	0.787881	0.592538	0.882067	0.250000	-0.435798	-0.046092
2.312221	0.787881	0.592538	0.882067	0.250000	-0.435798	-0.046092
2.322066	0.787881	0.592538	0.882067	0.250000	-0.435798	-0.046092
2.332667	0.801250	0.607181	0.817894	0.250000	-0.194116	-0.034142
2.342299	0.801250	0.607181	0.817894	0.250000	-0.194116	-0.034142
2.352227	0.801250	0.607181	0.817894	0.250000	-0.194116	-0.034142
2.362026	0.801250	0.607181	0.817894	0.250000	-0.194116	-0.034142
2.372093	0.801250	0.607181	0.817894	0.250000	-0.194116	-0.034142
2.382184	0.801250	0.607181	0.817894	0.250000	-0.194116	-0.034142
2.392272	0.801250	0.607181	0.817894	0.250000	-0.194116	-0.034142
2.402129	0.801250	0.607181	0.817894	0.250000	-0.194116	-0.034142
2.412120	0.801250	0.607181	0.817894	0.250000	-0.194116	-0.034142
2.422161	0.801250	0.607181	0.817894	0.250000	-0.194116	-0.034142
2.432210	0.801250	0.607181	0.817894	0.250000	-0.194116	-0.034142
2.443149	0.816383	0.622396	0.746864	0.250000	0.142410	-0.018212
2.452808	0.816383	0.622396	0.746864	0.250000	0.142410	-0.018212
2.462521	0.816383	0.622396	0.746864	0.250000	0.142410	-0.018212
2.472186	0.816383	0.622396	0.746864	0.250000	0.142410	-0.018212
2.482079	0.816383	0.622396	0.746864	0.250000	0.142410	-0.018212
2.492090	0.816383	0.622396	0.746864	0.250000	0.142410	-0.018212
2.502549	0.816383	0.622396	0.746864	0.250000	0.142410	-0.018212
2.512298	0.816383	0.622396	0.746864	0.250000	0.142410	-0.018212
2.522119	0.816383	0.622396	0.746864	0.250000	0.142410	-0.018212
2.532060	0.834649	0.640098	0.672713	0.250000	0.539462	-0.000245
2.542555	0.834649	0.640098	0.672713	0.250000	0.539462	-0.000245
2.552335	0.834649	0.640098	0.672713	0.250000	0.539462	-0.000245
2.562157	0.834649	0.640098	0.672713	0.250000	0.539462	-0.000245
2.572139	0.834649	0.640098	0.672713	0.250000	0.539462	-0.000245
2.582127	0.834649	0.640098	0.672713	0.250000	0.539462	-0.000245
2.592266	0.834649	0.640098	0.672713	0.250000	0.539462	-0.000245
2.602013	0.852104	0.659266	0.636486	0.250000	0.822342	0.011619
2.612103	0.852104	0.659266	0.636486	0.250000	0.822342	0.011619
2.622103	0.852104	0.659266	0.636486	0.250000	0.822342	0.011619
2.632267	0.852104	0.659266	0.636486	0.250000	0.822342	0.011619
2.642106	0.852104	0.659266	0.636486	0.250000	0.822342	0.011619
2.652831	0.852104	0.659266	0.636486	0.250000	0.822342	0.011619
2.662627	0.852104	0.659266	0.636486	0.250000	0.822342	0.011619
2.672132	0.852104	0.659266	0.636486	0.250000	0.822342	0.011619
2.683511	0.852104	0.659266	0.636486	0.250000	0.822342	0.011619
2.692822	0.852104	0.659266	0.636486	0.250000	0.822342	0.011619
2.702066	0.869027	0.673382	0.610502	0.250000	1.031262	0.022046
2.712462	0.869027	0.673382	0.610502	0.250000	1.031262	0.022046
2.722120	0.869027	0.673382	0.610502	0.250000	1.031262	0.022046
2.732084	0.869027	0.673382	0.610502	0.250000	1.031262	0.022046
2.742103	0.869027	0.673382	0.610502	0.250000	1.031262	0.022046
2.752313	0.880311	0.681480	0.607804	0.250000	1.115787	0.026840
2.764117	0.880311	0.681480	0.607804	0.250000	1.115787	0.026840
2.772039	0.880311	0.681480	0.607804	0.250000	1.115787	0.026840
2.782622	0.880311	0.681480	0.607804	0.250000	1.115787	0.026840
2.792411	0.880311	0.681480	0.607804	0.250000	1.115787	0.026840
2.802186	0.880311	0.681480	0.607804	0.250000	1.115787	0.026840
2.812907	0.880311	0.681480	0.607804	0.250000	1.115787	0.026840
2.822586	0.880311	0.681480	0.607804	0.250000	1.115787	0.026840
2.832316	0.880311	0.681480	0.607804	0.250000	1.115787	0.026840
2.842090	0.894618	0.689674	0.638020	0.250000	1.223682	0.034988
2.852404	0.894618	0.689674	0.638020	0.250000	1.223682	0.034988
2.862590	0.894618	0.689674	0.638020	0.250000	1.223682	0.034988
2.873358	0.894618	0.689674	0.638020	0.250000	1.223682	0.034988
2.882169	0.894618	0.689674	0.638020	0.250000	1.223682	0.034988
2.892907	0.894618	0.689674	0.638020	0.250000	1.223682	0.034988
2.902612	0.904523	0.696269	0.673130	0.250000	1.268796	0.039603
2.912458	0.904523	0.696269	0.673130	0.250000	1.268796	0.039603
2.922231	0.904523	0.696269	0.673130	0.250000	1.268796	0.039603
2.932571	0.904523	0.696269	0.673130	0.250000	1.268796	0.039603
2.942038	0.904523	0.696269	0.673130	0.250000	1.268796	0.039603
2.952427	0.904523	0.696269	0.673130	0.250000	1.268796	0.039603
2.962167	0.917501	0.706903	0.730791	0.250000	1.292476	0.044070
2.972334	0.917501	0.706903	0.730791	0.250000	1.292476	0.044070
2.982690	0.917501	0.706903	0.730791	0.250000	1.292476	0.044070
2.992395	0.917501	0.706903	0.730791	0.250000	1.292476	0.044070
3.002126	0.917501	0.706903	0.730791	0.250000	1.292476	0.044070
3.012958	0.923615	0.711969	0.769182	0.250000	1.286313	0.045786
3.022730	0.923615	0.711969	0.769182	0.250000	1.286313	0.045786
3.032467	0.923615	0.711969	0.769182	0.250000	1.286313	0.045786
3.042546	0.923615	0.711969	0.769182	0.250000	1.286313	0.045786
3.052982	0.923615	0.711969	0.769182	0.250000	1.286313	0.045786
3.062748	0.931323	0.718836	0.816611	0.250000	1.290260	0.049172
3.073664	0.931323	0.718836	0.816611	0.250000	1.290260	0.049172
3.082203	0.931323	0.718836	0.816611	0.250000	1.290260	0.049172
3.092381	0.931323	0.718836	0.816611	0.250000	1.290260	0.049172
3.102083	0.931323	0.718836	0.816611	0.250000	1.290260	0.049172
3.112500	0.931323	0.718836	0.816611	0.250000	1.290260	0.049172
3.122146	0.931323	0.718836	0.816611	0.250000	1.290260	0.049172
3.132137	0.931323	0.718836	0.816611	0.250000	1.290260	0.049172
3.142127	0.931323	0.718836	0.816611	0.250000	1.290260	0.049172
3.152089	0.931323	0.718836	0.816611	0.250000	1.290260	0.049172
3.162259	0.940569	0.729913	0.861769	0.250000	1.305661	0.053757
3.172249	0.940569	0.729913	0.861769	0.250000	1.305661	0.053757
3.182804	0.940569	0.729913	0.861769	0.250000	1.305661	0.053757
3.192533	0.940569	0.729913	0.861769	0.250000	1.305661	0.053757
3.202236	0.940569	0.729913	0.861769	0.250000	1.305661	0.053757
3.212030	0.940569	0.729913	0.861769	0.250000	1.305661	0.053757
3.222799	0.940569	0.729913	0.861769	0.250000	1.305661	0.053757
3.232485	0.940569	0.729913	0.861769	0.250000	1.305661	0.053757
3.242125	0.940569	0.729913	0.861769	0.250000	1.305661	0.053757
3.252096	0.940569	0.729913	0.861769	0.250000	1.305661	0.053757
3.262800	0.952810	0.745570	0.921165	0.250000	1.326162	0.061543
3.272064	0.952810	0.745570	0.921165	0.250000	1.326162	0.061543
3.282293	0.952810	0.745570	0.921165	0.250000	1.326162	0.061543
3.292138	0.952810	0.745570	0.921165	0.250000	1.326162	0.061543
3.302847	0.952810	0.745570	0.921165	0.250000	1.326162	0.061543
3.312609	0.952810	0.745570	0.921165	0.250000	1.326162	0.061543
3.322378	0.952810	0.745570	0.921165	0.250000	1.326162	0.061543
3.332075	0.952810	0.745570	0.921165	0.250000	1.326162	0.061543
3.342093	0.952810	0.745570	0.921165	0.250000	1.326162	0.061543
3.352048	0.952810	0.745570	0.921165	0.250000	1.326162	0.061543
3.362308	0.965983	0.764860	0.987932	0.250000	1.335414	0.070080
3.373809	0.965983	0.764860	0.987932	0.250000	1.335414	0.070080
3.382855	0.965983	0.764860	0.987932	0.250000	1.335414	0.070080
3.392688	0.965983	0.764860	0.987932	0.250000	1.335414	0.070080
3.402204	0.965983	0.764860	0.987932	0.250000	1.335414	0.070080
3.412171	0.965983	0.764860	0.987932	0.250000	1.335414	0.070080
3.422879	0.965983	0.764860	0.987932	0.250000	1.335414	0.070080
3.432635	0.976438	0.782222	1.043282	0.250000	1.339845	0.076940
3.442154	0.976438	0.782222	1.043282	0.250000	1.339845	0.076940
3.452228	0.976438	0.782222	1.043282	0.250000	1.339845	0.076940
3.462920	0.976438	0.782222	1.043282	0.250000	1.339845	0.076940
3.473686	0.976438	0.782222	1.043282	0.250000	1.339845	0.076940
3.482162	0.976438	0.782222	1.043282	0.250000	1.339845	0.076940
3.492260	0.976438	0.782222	1.043282	0.250000	1.339845	0.076940
3.502022	0.976438	0.782222	1.043282	0.250000	1.339845	0.076940
3.512640	0.976438	0.782222	1.043282	0.250000	1.339845	0.076940
3.522376	0.976438	0.782222	1.043282	0.250000	1.339845	0.076940
3.532696	0.984716	0.797980	1.096645	0.250000	1.327494	0.081400
3.543246	0.984716	0.797980	1.096645	0.250000	1.327494	0.081400
3.552706	0.984716	0.797980	1.096645	0.250000	1.327494	0.081400
3.562427	0.984716	0.797980	1.096645	0.250000	1.327494	0.081400
3.572168	0.984716	0.797980	1.096645	0.250000	1.327494	0.081400
3.582458	0.984716	0.797980	1.096645	0.250000	1.327494	0.081400
3.592733	0.984716	0.797980	1.096645	0.250000	1.327494	0.081400
3.602473	0.984716	0.797980	1.096645	0.250000	1.327494	0.081400
3.612230	0.984716	0.797980	1.096645	0.250000	1.327494	0.081400
3.622952	0.984716	0.797980	1.096645	0.250000	1.327494	0.081400
3.632161	0.995855	0.821978	1.156224	0.250000	1.329544	0.088379
3.642094	0.995855	0.821978	1.156224	0.250000	1.329544	0.088379
3.652232	0.995855	0.821978	1.156224	0.250000	1.329544	0.088379
3.662036	0.995855	0.821978	1.156224	0.250000	1.329544	0.088379
3.673539	0.995855	0.821978	1.156224	0.250000	1.329544	0.088379
3.682106	0.995855	0.821978	1.156224	0.250000	1.329544	0.088379
3.692393	0.995855	0.821978	1.156224	0.250000	1.329544	0.088379
3.703157	0.995855	0.821978	1.156224	0.250000	1.329544	0.088379
3.712750	0.995855	0.821978	1.156224	0.250000	1.329544	0.088379
3.722516	0.995855	0.821978	1.156224	0.250000	1.329544	0.088379
3.732219	0.995855	0.821978	1.156224	0.250000	1.329544	0.088379
3.742052	1.004791	0.844451	1.218197	0.250000	1.324170	0.094489
3.752786	1.004791	0.844451	1.218197	0.250000	1.324170	0.094489
3.762564	1.004791	0.844451	1.218197	0.250000	1.324170	0.094489
3.772516	1.004791	0.844451	1.218197	0.250000	1.324170	0.094489
3.782072	1.004791	0.844451	1.218197	0.250000	1.324170	0.094489
3.792790	1.004791	0.844451	1.218197	0.250000	1.324170	0.094489
3.802520	1.004791	0.844451	1.218197	0.250000	1.324170	0.094489
3.812292	1.004791	0.844451	1.218197	0.250000	1.324170	0.094489
3.822059	1.004791	0.844451	1.218197	0.250000	1.324170	0.094489
3.832021	1.012803	0.867741	1.294010	0.250000	1.284937	0.097280
3.842096	1.012803	0.867741	1.294010	0.250000	1.284937	0.097280
3.852324	1.012803	0.867741	1.294010	0.250000	1.284937	0.097280
3.862086	1.012803	0.867741	1.294010	0.250000	1.284937	0.097280
3.872965	1.014624	0.879545	1.341454	0.250000	1.253268	0.097264
3.882686	1.014624	0.879545	1.341454	0.250000	1.253268	0.097264
3.892359	1.014624	0.879545	1.341454	0.250000	1.253268	0.097264
3.902065	1.014624	0.879545	1.341454	0.250000	1.253268	0.097264
3.912798	1.014624	0.879545	1.341454	0.250000	1.253268	0.097264
3.922611	1.014624	0.879545	1.341454	0.250000	1.253268	0.097264
3.932307	1.016640	0.891793	1.383150	0.250000	1.220489	0.096573
3.942262	1.016640	0.891793	1.383150	0.250000	1.220489	0.096573
3.952124	1.016640	0.891793	1.383150	0.250000	1.220489	0.096573
3.962146	1.016640	0.891793	1.383150	0.250000	1.220489	0.096573
3.972358	1.016640	0.891793	1.383150	0.250000	1.220489	0.096573
3.982093	1.016640	0.891793	1.383150	0.250000	1.220489	0.096573
3.992883	1.016640	0.891793	1.383150	0.250000	1.220489	0.096573
4.002576	1.016640	0.891793	1.383150	0.250000	1.220489	0.096573
4.013370	1.016640	0.891793	1.383150	0.250000	1.220489	0.096573
4.022481	1.016640	0.891793	1.383150	0.250000	1.220489	0.096573
4.032891	1.016640	0.891793	1.383150	0.250000	1.220489	0.096573
4.042624	1.018244	0.907074	1.421090	0.250000	1.200860	0.096769
4.052422	1.018244	0.907074	1.421090	0.250000	1.200860	0.096769
4.062147	1.018244	0.907074	1.421090	0.250000	1.200860	0.096769
4.072863	1.018244	0.907074	1.421090	0.250000	1.200860	0.096769
4.082657	1.018244	0.907074	1.421090	0.250000	1.200860	0.096769
4.092488	1.018244	0.907074	1.421090	0.250000	1.200860	0.096769
4.102210	1.018244	0.907074	1.421090	0.250000	1.200860	0.096769
4.112959	1.018244	0.907074	1.421090	0.250000	1.200860	0.096769
4.122699	1.018244	0.907074	1.421090	0.250000	1.200860	0.096769
4.132430	1.018244	0.907074	1.421090	0.250000	1.200860	0.096769
4.142149	1.018648	0.924447	1.475649	0.250000	1.161015	0.095218
4.152972	1.018648	0.924447	1.475649	0.250000	1.161015	0.095218
4.162660	1.018648	0.924447	1.475649	0.250000	1.161015	0.095218
4.172114	1.018648	0.924447	1.475649	0.250000	1.161015	0.095218
4.182166	1.018648	0.924447	1.475649	0.250000	1.161015	0.095218
4.192096	1.018648	0.924447	1.475649	0.250000	1.161015	0.095218
4.202112	1.017446	0.942675	1.539278	0.250000	1.094517	0.091154
4.212163	1.017446	0.942675	1.539278	0.250000	1.094517	0.091154
4.222113	1.017446	0.942675	1.539278	0.250000	1.094517	0.091154
4.232168	1.017446	0.942675	1.539278	0.250000	1.094517	0.091154
4.242123	1.017446	0.942675	1.539278	0.250000	1.094517	0.091154
4.252158	1.017446	0.942675	1.539278	0.250000	1.094517	0.091154
4.262223	1.015983	0.957269	1.591662	0.250000	1.036124	0.088046
4.273147	1.015983	0.957269	1.591662	0.250000	1.036124	0.088046
4.282122	1.015983	0.957269	1.591662	0.250000	1.036124	0.088046
4.292471	1.015983	0.957269	1.591662	0.250000	1.036124	0.088046
4.302215	1.015983	0.957269	1.591662	0.250000	1.036124	0.088046
4.312134	1.015983	0.957269	1.591662	0.250000	1.036124	0.088046
4.322075	1.015983	0.957269	1.591662	0.250000	1.036124	0.088046
4.332457	1.015983	0.957269	1.591662	0.250000	1.036124	0.088046
4.342505	1.015983	0.957269	1.591662	0.250000	1.036124	0.088046
4.352094	1.016636	0.980136	1.654886	0.250000	0.968099	0.086523
4.363104	1.016636	0.980136	1.654886	0.250000	0.968099	0.086523
4.373294	1.016636	0.980136	1.654886	0.250000	0.968099	0.086523
4.382178	1.016636	0.980136	1.654886	0.250000	0.968099	0.086523
4.392955	1.016636	0.980136	1.654886	0.250000	0.968099	0.086523
4.401998	1.018757	1.002686	1.700372	0.250000	0.926952	0.088415
4.412531	1.018757	1.002686	1.700372	0.250000	0.926952	0.088415
4.422194	1.018757	1.002686	1.700372	0.250000	0.926952	0.088415
4.432067	1.018757	1.002686	1.700372	0.250000	0.926952	0.088415
4.442086	1.018757	1.002686	1.700372	0.250000	0.926952	0.088415
4.452318	1.018757	1.002686	1.700372	0.250000	0.926952	0.088415
4.462242	1.018757	1.002686	1.700372	0.250000	0.926952	0.088415
4.472082	1.018757	1.002686	1.700372	0.250000	0.926952	0.088415
4.482122	1.018757	1.002686	1.700372	0.250000	0.926952	0.088415
4.492158	1.018757	1.002686	1.700372	0.250000	0.926952	0.088415
4.502401	1.016150	1.022284	1.753144	0.250000	0.830041	0.083716
4.512162	1.016150	1.022284	1.753144	0.250000	0.830041	0.083716
4.522123	1.016150	1.022284	1.753144	0.250000	0.830041	0.083716
4.532054	1.016150	1.022284	1.753144	0.250000	0.830041	0.083716
4.542135	1.016150	1.022284	1.753144	0.250000	0.830041	0.083716
4.552137	1.016150	1.022284	1.753144	0.250000	0.830041	0.083716
4.562121	1.010653	1.029455	1.787112	0.250000	0.735305	0.075310
4.572157	1.010653	1.029455	1.787112	0.250000	0.735305	0.075310
4.582188	1.010653	1.029455	1.787112	0.250000	0.735305	0.075310
4.592108	1.010653	1.029455	1.787112	0.250000	0.735305	0.075310
4.602808	1.010653	1.029455	1.787112	0.250000	0.735305	0.075310
4.613004	1.010653	1.029455	1.787112	0.250000	0.735305	0.075310
4.622432	1.010653	1.029455	1.787112	0.250000	0.735305	0.075310
4.632161	1.010653	1.029455	1.787112	0.250000	0.735305	0.075310
4.642902	1.010653	1.029455	1.787112	0.250000	0.735305	0.075310
4.652668	1.010653	1.029455	1.787112	0.250000	0.735305	0.075310
4.662511	1.010653	1.029455	1.787112	0.250000	0.735305	0.075310
4.673474	1.004814	1.050443	1.848729	0.250000	0.563214	0.064892
4.682929	1.004814	1.050443	1.848729	0.250000	0.563214	0.064892
4.692666	1.004814	1.050443	1.848729	0.250000	0.563214	0.064892
4.702351	1.004814	1.050443	1.848729	0.250000	0.563214	0.064892
4.712176	1.004814	1.050443	1.848729	0.250000	0.563214	0.064892
4.722106	1.004814	1.050443	1.848729	0.250000	0.563214	0.064892
4.732630	1.000433	1.072739	1.899698	0.250000	0.404755	0.056760
4.742414	1.000433	1.072739	1.899698	0.250000	0.404755	0.056760
4.752172	1.000433	1.072739	1.899698	0.250000	0.404755	0.056760
4.762949	1.000433	1.072739	1.899698	0.250000	0.404755	0.056760
4.772173	0.996588	1.097060	2.047818	0.250000	-0.002895	0.034328
4.782174	0.996588	1.097060	2.047818	0.250000	-0.002895	0.034328
4.792215	0.996588	1.097060	2.047818	0.250000	-0.002895	0.034328
4.802042	0.996588	1.097060	2.047818	0.250000	-0.002895	0.034328
4.812750	0.996588	1.097060	2.047818	0.250000	-0.002895	0.034328
4.822488	0.996588	1.097060	2.047818	0.250000	-0.002895	0.034328
4.832249	0.996588	1.097060	2.047818	0.250000	-0.002895	0.034328
4.842966	0.989778	1.105182	2.084356	0.250000	-0.168776	0.023761
4.852729	0.989778	1.105182	2.084356	0.250000	-0.168776	0.023761
4.862465	0.989778	1.105182	2.084356	0.250000	-0.168776	0.023761
4.872440	0.989778	1.105182	2.084356	0.250000	-0.168776	0.023761
4.882115	0.989778	1.105182	2.084356	0.250000	-0.168776	0.023761
4.892147	0.989778	1.105182	2.084356	0.250000	-0.168776	0.023761
4.902105	0.989778	1.105182	2.084356	0.250000	-0.168776	0.023761
4.912252	0.989778	1.105182	2.084356	0.250000	-0.168776	0.023761
4.922036	0.989778	1.105182	2.084356	0.250000	-0.168776	0.023761
4.932839	0.982855	1.118426	2.231079	0.250000	-0.571630	0.002456
4.942131	0.982855	1.118426	2.231079	0.250000	-0.571630	0.002456
4.952307	0.982855	1.118426	2.231079	0.250000	-0.571630	0.002456
4.962998	0.982855	1.118426	2.231079	0.250000	-0.571630	0.002456
4.972148	0.982855	1.118426	2.231079	0.250000	-0.571630	0.002456
4.982168	0.982855	1.118426	2.231079	0.250000	-0.571630	0.002456
4.992283	0.974665	1.133443	2.181981	0.250000	-0.571713	0.001328
5.002166	0.974665	1.133443	2.181981	0.250000	-0.571713	0.001328
5.012149	0.974665	1.133443	2.181981	0.250000	-0.571713	0.001328
5.022162	0.974665	1.133443	2.181981	0.250000	-0.571713	0.001328
5.032325	0.974665	1.133443	2.181981	0.250000	-0.571713	0.001328
5.042197	0.966465	1.145120	2.218430	0.250000	-0.757315	-0.009596
5.052899	0.966465	1.145120	2.218430	0.250000	-0.757315	-0.009596
5.062705	0.966465	1.145120	2.218430	0.250000	-0.757315	-0.009596
5.072386	0.966465	1.145120	2.218430	0.250000	-0.757315	-0.009596
5.082179	0.966465	1.145120	2.218430	0.250000	-0.757315	-0.009596
5.092869	0.966465	1.145120	2.218430	0.250000	-0.757315	-0.009596
5.102629	0.959146	1.157520	2.235370	0.250000	-0.873639	-0.016685
5.112426	0.959146	1.157520	2.235370	0.250000	-0.873639	-0.016685
5.122144	0.959146	1.157520	2.235370	0.250000	-0.873639	-0.016685
5.132951	0.959146	1.157520	2.235370	0.250000	-0.873639	-0.016685
5.143554	0.959146	1.157520	2.235370	0.250000	-0.873639	-0.016685
5.152448	0.959146	1.157520	2.235370	0.250000	-0.873639	-0.016685
5.162221	0.959146	1.157520	2.235370	0.250000	-0.873639	-0.016685
5.172367	0.959146	1.157520	2.235370	0.250000	-0.873639	-0.016685
5.182110	0.959146	1.157520	2.235370	0.250000	-0.873639	-0.016685
5.192448	0.959146	1.157520	2.235370	0.250000	-0.873639	-0.016685
5.202160	0.948143	1.166970	2.222310	0.250000	-0.937319	-0.022578
5.212948	0.948143	1.166970	2.222310	0.250000	-0.937319	-0.022578
5.222074	0.948143	1.166970	2.222310	0.250000	-0.937319	-0.022578
5.232147	0.948143	1.166970	2.222310	0.250000	-0.937319	-0.022578
5.242914	0.948143	1.166970	2.222310	0.250000	-0.937319	-0.022578
5.252240	0.948143	1.166970	2.222310	0.250000	-0.937319	-0.022578
5.262766	0.948143	1.166970	2.222310	0.250000	-0.937319	-0.022578
5.272064	0.948143	1.166970	2.222310	0.250000	-0.937319	-0.022578
5.283506	0.948143	1.166970	2.222310	0.250000	-0.937319	-0.022578
5.293001	0.948143	1.166970	2.222310	0.250000	-0.937319	-0.022578
5.302691	0.937932	1.184552	2.193808	0.250000	-1.019839	-0.030610
5.312502	0.937932	1.184552	2.193808	0.250000	-1.019839	-0.030610
5.322180	0.937932	1.184552	2.193808	0.250000	-1.019839	-0.030610
5.332112	0.937932	1.184552	2.193808	0.250000	-1.019839	-0.030610
5.342145	0.937932	1.184552	2.193808	0.250000	-1.019839	-0.030610
5.352152	0.937932	1.184552	2.193808	0.250000	-1.019839	-0.030610
5.362265	0.937932	1.184552	2.193808	0.250000	-1.019839	-0.030610
5.372993	0.937932	1.184552	2.193808	0.250000	-1.019839	-0.030610
5.383741	0.937932	1.184552	2.193808	0.250000	-1.019839	-0.030610
5.392173	0.937932	1.184552	2.193808	0.250000	-1.019839	-0.030610
5.402366	0.926753	1.208011	2.030616	0.250000	-0.841708	-0.027401
5.413043	0.926753	1.208011	2.030616	0.250000	-0.841708	-0.027401
5.422780	0.926753	1.208011	2.030616	0.250000	-0.841708	-0.027401
5.432495	0.926753	1.208011	2.030616	0.250000	-0.841708	-0.027401
5.442232	0.926753	1.208011	2.030616	0.250000	-0.841708	-0.027401
5.452132	0.926753	1.208011	2.030616	0.250000	-0.841708	-0.027401
5.462756	0.919267	1.228421	2.106088	0.250000	-1.055929	-0.040659
5.472530	0.919267	1.228421	2.106088	0.250000	-1.055929	-0.040659
5.482302	0.919267	1.228421	2.106088	0.250000	-1.055929	-0.040659
5.492090	0.919267	1.228421	2.106088	0.250000	-1.055929	-0.040659
5.502790	0.919267	1.228421	2.106088	0.250000	-1.055929	-0.040659
5.512084	0.919267	1.228421	2.106088	0.250000	-1.055929	-0.040659
5.522370	0.911884	1.248798	2.053201	0.250000	-1.041439	-0.045206
5.532117	0.911884	1.248798	2.053201	0.250000	-1.041439	-0.045206
5.542985	0.911884	1.248798	2.053201	0.250000	-1.041439	-0.045206
5.552588	0.911884	1.248798	2.053201	0.250000	-1.041439	-0.045206
5.562345	0.911884	1.248798	2.053201	0.250000	-1.041439	-0.045206
5.572237	0.904831	1.253853	2.022788	0.250000	-1.046604	-0.049512
5.582802	0.904831	1.253853	2.022788	0.250000	-1.046604	-0.049512
5.592590	0.904831	1.253853	2.022788	0.250000	-1.046604	-0.049512
5.602313	0.904831	1.253853	2.022788	0.250000	-1.046604	-0.049512
5.612619	0.904831	1.253853	2.022788	0.250000	-1.046604	-0.049512
5.622132	0.904831	1.253853	2.022788	0.250000	-1.046604	-0.049512
5.632153	0.904831	1.253853	2.022788	0.250000	-1.046604	-0.049512
5.642375	0.904831	1.253853	2.022788	0.250000	-1.046604	-0.049512
5.652141	0.904831	1.253853	2.022788	0.250000	-1.046604	-0.049512
5.662144	0.904831	1.253853	2.022788	0.250000	-1.046604	-0.049512
5.672230	0.897838	1.265905	1.857540	0.250000	-0.787413	-0.041115
5.682231	0.897838	1.265905	1.857540	0.250000	-0.787413	-0.041115
5.692172	0.897838	1.265905	1.857540	0.250000	-0.787413	-0.041115
5.702155	0.897838	1.265905	1.857540	0.250000	-0.787413	-0.041115
5.712174	0.897838	1.265905	1.857540	0.250000	-0.787413	-0.041115
5.722158	0.897838	1.265905	1.857540	0.250000	-0.787413	-0.041115
5.732135	0.891167	1.274367	1.953130	0.250000	-1.023665	-0.057322
5.742071	0.891167	1.274367	1.953130	0.250000	-1.023665	-0.057322
5.752133	0.891167	1.274367	1.953130	0.250000	-1.023665	-0.057322
5.762118	0.891167	1.274367	1.953130	0.250000	-1.023665	-0.057322
5.772503	0.891167	1.274367	1.953130	0.250000	-1.023665	-0.057322
5.782959	0.891167	1.274367	1.953130	0.250000	-1.023665	-0.057322
5.792684	0.891167	1.274367	1.953130	0.250000	-1.023665	-0.057322
5.802381	0.891167	1.274367	1.953130	0.250000	-1.023665	-0.057322
5.812216	0.891167	1.274367	1.953130	0.250000	-1.023665	-0.057322
5.822956	0.891167	1.274367	1.953130	0.250000	-1.023665	-0.057322
5.832670	0.887411	1.294908	1.902792	0.250000	-0.936388	-0.056027
5.842460	0.887411	1.294908	1.902792	0.250000	-0.936388	-0.056027
5.852279	0.887411	1.294908	1.902792	0.250000	-0.936388	-0.056027
5.862248	0.887411	1.294908	1.902792	0.250000	-0.936388	-0.056027
5.872188	0.887411	1.294908	1.902792	0.250000	-0.936388	-0.056027
5.882186	0.887411	1.294908	1.902792	0.250000	-0.936388	-0.056027
5.892251	0.887411	1.294908	1.902792	0.250000	-0.936388	-0.056027
5.902081	0.887411	1.294908	1.902792	0.250000	-0.936388	-0.056027
5.912118	0.887411	1.294908	1.902792	0.250000	-0.936388	-0.056027
5.922459	0.887411	1.294908	1.902792	0.250000	-0.936388	-0.056027
5.932190	0.887411	1.294908	1.902792	0.250000	-0.936388	-0.056027
5.942120	0.883183	1.310293	1.851037	0.250000	-0.846699	-0.055682
5.952203	0.883183	1.310293	1.851037	0.250000	-0.846699	-0.055682
5.962144	0.883183	1.310293	1.851037	0.250000	-0.846699	-0.055682
5.972216	0.883183	1.310293	1.851037	0.250000	-0.846699	-0.055682
5.982174	0.883183	1.310293	1.851037	0.250000	-0.846699	-0.055682
5.992117	0.883183	1.310293	1.851037	0.250000	-0.846699	-0.055682
6.002508	0.880650	1.328773	1.669671	0.250000	-0.417670	-0.034588
6.012210	0.880650	1.328773	1.669671	0.250000	-0.417670	-0.034588
6.023036	0.880650	1.328773	1.669671	0.250000	-0.417670	-0.034588
6.032715	0.880650	1.328773	1.669671	0.250000	-0.417670	-0.034588
6.042506	0.880650	1.328773	1.669671	0.250000	-0.417670	-0.034588
6.052330	0.880650	1.328773	1.669671	0.250000	-0.417670	-0.034588
6.062115	0.880650	1.328773	1.669671	0.250000	-0.417670	-0.034588
6.072268	0.880650	1.328773	1.669671	0.250000	-0.417670	-0.034588
6.082587	0.880650	1.328773	1.669671	0.250000	-0.417670	-0.034588
6.092410	0.880650	1.328773	1.669671	0.250000	-0.417670	-0.034588
6.102163	0.879148	1.348420	1.628105	0.250000	-0.255970	-0.028282
6.112761	0.879148	1.348420	1.628105	0.250000	-0.255970	-0.028282
6.122572	0.879148	1.348420	1.628105	0.250000	-0.255970	-0.028282
6.132349	0.879148	1.348420	1.628105	0.250000	-0.255970	-0.028282
6.142066	0.879148	1.348420	1.628105	0.250000	-0.255970	-0.028282
6.152855	0.879148	1.348420	1.628105	0.250000	-0.255970	-0.028282
6.162544	0.879148	1.348420	1.628105	0.250000	-0.255970	-0.028282
6.172462	0.879148	1.348420	1.628105	0.250000	-0.255970	-0.028282
6.182439	0.879148	1.348420	1.628105	0.250000	-0.255970	-0.028282
6.192865	0.879148	1.348420	1.628105	0.250000	-0.255970	-0.028282
6.202565	0.878076	1.367957	1.576824	0.250000	-0.105031	-0.021042
