t	x(t)	y(t)	theta(t)	v(t)	gamma(t)	efa
0.005408	0.692806	0.169616	1.609683	0.250000	-0.030221	-0.007273
0.005877	0.692806	0.169616	1.609683	0.250000	-0.030221	-0.007273
0.016037	0.692806	0.169616	1.609683	0.250000	-0.030221	-0.007273
0.025925	0.692806	0.169616	1.609683	0.250000	-0.030221	-0.007273
0.035942	0.692806	0.169616	1.609683	0.250000	-0.030221	-0.007273
0.046174	0.692806	0.169616	1.609683	0.250000	-0.030221	-0.007273
0.056033	0.692806	0.169616	1.609683	0.250000	-0.030221	-0.007273
0.066963	0.692806	0.169616	1.609683	0.250000	-0.030221	-0.007273
0.076510	0.692806	0.169616	1.609683	0.250000	-0.030221	-0.007273
0.086071	0.692806	0.169616	1.609683	0.250000	-0.030221	-0.007273
0.095968	0.692806	0.169616	1.609683	0.250000	-0.030221	-0.007273
0.105973	0.692806	0.169616	1.609683	0.250000	-0.030221	-0.007273
0.116014	0.692806	0.169616	1.609683	0.250000	-0.030221	-0.007273
0.126016	0.692806	0.169616	1.609683	0.250000	-0.030221	-0.007273
0.136169	0.692806	0.169616	1.609683	0.250000	-0.030221	-0.007273
0.146064	0.692806	0.169616	1.609683	0.250000	-0.030221	-0.007273
0.155892	0.692806	0.169616	1.609683	0.250000	-0.030221	-0.007273
0.165939	0.692806	0.169616	1.609683	0.250000	-0.030221	-0.007273
0.175974	0.692806	0.169616	1.609683	0.250000	-0.030221	-0.007273
0.186749	0.692806	0.169616	1.609683	0.250000	-0.030221	-0.007273
0.196477	0.692806	0.169616	1.609683	0.250000	-0.030221	-0.007273
0.205995	0.692806	0.169616	1.609683	0.250000	-0.030221	-0.007273
0.215976	0.692806	0.169616	1.609683	0.250000	-0.030221	-0.007273
0.225971	0.693359	0.171029	1.615079	0.250000	-0.040203	-0.007218
0.236691	0.693359	0.171029	1.615079	0.250000	-0.040203	-0.007218
0.245934	0.693359	0.171029	1.615079	0.250000	-0.040203	-0.007218
0.256030	0.693359	0.171029	1.615079	0.250000	-0.040203	-0.007218
0.265925	0.693359	0.171029	1.615079	0.250000	-0.040203	-0.007218
0.276523	0.693890	0.175899	1.620527	0.250000	-0.049778	-0.007066
0.286283	0.693890	0.175899	1.620527	0.250000	-0.049778	-0.007066
0.296057	0.693890	0.175899	1.620527	0.250000	-0.049778	-0.007066
0.306066	0.693890	0.175899	1.620527	0.250000	-0.049778	-0.007066
0.315972	0.693890	0.175899	1.620527	0.250000	-0.049778	-0.007066
0.326015	0.693890	0.175899	1.620527	0.250000	-0.049778	-0.007066
0.337896	0.693890	0.175899	1.620527	0.250000	-0.049778	-0.007066
0.346001	0.693890	0.175899	1.620527	0.250000	-0.049778	-0.007066
0.356089	0.693890	0.175899	1.620527	0.250000	-0.049778	-0.007066
0.366043	0.693890	0.175899	1.620527	0.250000	-0.049778	-0.007066
0.376111	0.693890	0.175899	1.620527	0.250000	-0.049778	-0.007066
0.385937	0.693992	0.187564	1.619928	0.250000	-0.059180	-0.006044
0.395934	0.693992	0.187564	1.619928	0.250000	-0.059180	-0.006044
0.406324	0.693992	0.187564	1.619928	0.250000	-0.059180	-0.006044
0.416102	0.693992	0.187564	1.619928	0.250000	-0.059180	-0.006044
0.425910	0.693992	0.187564	1.619928	0.250000	-0.059180	-0.006044
0.436614	0.693992	0.187564	1.619928	0.250000	-0.059180	-0.006044
0.446347	0.693992	0.187564	1.619928	0.250000	-0.059180	-0.006044
0.456100	0.693100	0.203379	1.616151	0.250000	-0.105373	-0.005831
0.465892	0.693100	0.203379	1.616151	0.250000	-0.105373	-0.005831
0.476599	0.693100	0.203379	1.616151	0.250000	-0.105373	-0.005831
0.486371	0.693100	0.203379	1.616151	0.250000	-0.105373	-0.005831
0.496186	0.693100	0.203379	1.616151	0.250000	-0.105373	-0.005831
0.506874	0.693100	0.203379	1.616151	0.250000	-0.105373	-0.005831
0.518893	0.693100	0.203379	1.616151	0.250000	-0.105373	-0.005831
0.526358	0.693100	0.203379	1.616151	0.250000	-0.105373	-0.005831
0.536141	0.693100	0.203379	1.616151	0.250000	-0.105373	-0.005831
0.545983	0.693100	0.203379	1.616151	0.250000	-0.105373	-0.005831
0.556633	0.693100	0.203379	1.616151	0.250000	-0.105373	-0.005831
0.566353	0.692239	0.222323	1.612877	0.250000	-0.184074	-0.006562
0.576180	0.692239	0.222323	1.612877	0.250000	-0.184074	-0.006562
0.585920	0.692239	0.222323	1.612877	0.250000	-0.184074	-0.006562
0.596667	0.692239	0.222323	1.612877	0.250000	-0.184074	-0.006562
0.606349	0.692239	0.222323	1.612877	0.250000	-0.184074	-0.006562
0.615945	0.692239	0.222323	1.612877	0.250000	-0.184074	-0.006562
0.625995	0.690714	0.240861	1.610996	0.250000	-0.320930	-0.010031
0.639589	0.690714	0.240861	1.610996	0.250000	-0.320930	-0.010031
0.646461	0.690714	0.240861	1.610996	0.250000	-0.320930	-0.010031
0.656292	0.690714	0.240861	1.610996	0.250000	-0.320930	-0.010031
0.665909	0.690714	0.240861	1.610996	0.250000	-0.320930	-0.010031
0.676683	0.690714	0.240861	1.610996	0.250000	-0.320930	-0.010031
0.686435	0.689757	0.258865	1.607466	0.250000	-0.439595	-0.013588
0.696222	0.689757	0.258865	1.607466	0.250000	-0.439595	-0.013588
0.705950	0.689757	0.258865	1.607466	0.250000	-0.439595	-0.013588
0.715950	0.689757	0.258865	1.607466	0.250000	-0.439595	-0.013588
0.727445	0.689757	0.258865	1.607466	0.250000	-0.439595	-0.013588
0.736210	0.689757	0.258865	1.607466	0.250000	-0.439595	-0.013588
0.746010	0.689757	0.258865	1.607466	0.250000	-0.439595	-0.013588
0.756863	0.689757	0.258865	1.607466	0.250000	-0.439595	-0.013588
0.765915	0.689757	0.258865	1.607466	0.250000	-0.439595	-0.013588
0.776318	0.689757	0.258865	1.607466	0.250000	-0.439595	-0.013588
0.785974	0.689757	0.258865	1.607466	0.250000	-0.439595	-0.013588
0.796741	0.689757	0.258865	1.607466	0.250000	-0.439595	-0.013588
0.806425	0.688026	0.280177	1.604704	0.250000	-0.605704	-0.020203
0.816263	0.688026	0.280177	1.604704	0.250000	-0.605704	-0.020203
0.826018	0.688026	0.280177	1.604704	0.250000	-0.605704	-0.020203
0.836725	0.688026	0.280177	1.604704	0.250000	-0.605704	-0.020203
0.846581	0.688026	0.280177	1.604704	0.250000	-0.605704	-0.020203
0.855941	0.687214	0.301149	1.589405	0.250000	-0.711999	-0.024610
0.866025	0.687214	0.301149	1.589405	0.250000	-0.711999	-0.024610
0.876813	0.687214	0.301149	1.589405	0.250000	-0.711999	-0.024610
0.886625	0.687214	0.301149	1.589405	0.250000	-0.711999	-0.024610
0.896275	0.687214	0.301149	1.589405	0.250000	-0.711999	-0.024610
0.906410	0.687214	0.301149	1.589405	0.250000	-0.711999	-0.024610
0.916813	0.687214	0.301149	1.589405	0.250000	-0.711999	-0.024610
0.926527	0.687214	0.301149	1.589405	0.250000	-0.711999	-0.024610
0.936316	0.687214	0.301149	1.589405	0.250000	-0.711999	-0.024610
0.946051	0.687214	0.301149	1.589405	0.250000	-0.711999	-0.024610
0.955946	0.687214	0.301149	1.589405	0.250000	-0.711999	-0.024610
0.966551	0.687214	0.301149	1.589405	0.250000	-0.711999	-0.024610
0.976339	0.686239	0.324639	1.556963	0.250000	-0.843795	-0.031363
0.988117	0.686239	0.324639	1.556963	0.250000	-0.843795	-0.031363
0.996833	0.686239	0.324639	1.556963	0.250000	-0.843795	-0.031363
1.006609	0.686239	0.324639	1.556963	0.250000	-0.843795	-0.031363
1.016153	0.686239	0.324639	1.556963	0.250000	-0.843795	-0.031363
1.025964	0.686239	0.324639	1.556963	0.250000	-0.843795	-0.031363
1.035884	0.687161	0.344012	1.513064	0.250000	-0.880118	-0.033551
1.046602	0.687161	0.344012	1.513064	0.250000	-0.880118	-0.033551
1.056259	0.687161	0.344012	1.513064	0.250000	-0.880118	-0.033551
1.066215	0.687161	0.344012	1.513064	0.250000	-0.880118	-0.033551
1.076022	0.687161	0.344012	1.513064	0.250000	-0.880118	-0.033551
1.085884	0.688861	0.362010	1.466793	0.250000	-0.908094	-0.035867
1.096445	0.688861	0.362010	1.466793	0.250000	-0.908094	-0.035867
1.106399	0.688861	0.362010	1.466793	0.250000	-0.908094	-0.035867
1.116898	0.688861	0.362010	1.466793	0.250000	-0.908094	-0.035867
1.126612	0.688861	0.362010	1.466793	0.250000	-0.908094	-0.035867
1.135989	0.688861	0.362010	1.466793	0.250000	-0.908094	-0.035867
1.145973	0.688861	0.362010	1.466793	0.250000	-0.908094	-0.035867
1.155901	0.691131	0.376486	1.428248	0.250000	-0.921180	-0.037468
1.166651	0.691131	0.376486	1.428248	0.250000	-0.921180	-0.037468
1.176423	0.691131	0.376486	1.428248	0.250000	-0.921180	-0.037468
1.186151	0.691131	0.376486	1.428248	0.250000	-0.921180	-0.037468
1.196048	0.691131	0.376486	1.428248	0.250000	-0.921180	-0.037468
1.206741	0.691131	0.376486	1.428248	0.250000	-0.921180	-0.037468
1.216061	0.691131	0.376486	1.428248	0.250000	-0.921180	-0.037468
1.226039	0.691131	0.376486	1.428248	0.250000	-0.921180	-0.037468
1.235924	0.691131	0.376486	1.428248	0.250000	-0.921180	-0.037468
1.245932	0.691131	0.376486	1.428248	0.250000	-0.921180	-0.037468
1.256034	0.691131	0.376486	1.428248	0.250000	-0.921180	-0.037468
1.266035	0.691131	0.376486	1.428248	0.250000	-0.921180	-0.037468
1.275917	0.693780	0.392437	1.376061	0.250000	-0.929898	-0.039741
1.285949	0.693780	0.392437	1.376061	0.250000	-0.929898	-0.039741
1.296436	0.693780	0.392437	1.376061	0.250000	-0.929898	-0.039741
1.306176	0.693780	0.392437	1.376061	0.250000	-0.929898	-0.039741
1.316098	0.693780	0.392437	1.376061	0.250000	-0.929898	-0.039741
1.326708	0.693780	0.392437	1.376061	0.250000	-0.929898	-0.039741
1.336456	0.696954	0.409360	1.331171	0.250000	-0.951542	-0.043322
1.346390	0.696954	0.409360	1.331171	0.250000	-0.951542	-0.043322
1.355975	0.696954	0.409360	1.331171	0.250000	-0.951542	-0.043322
1.365936	0.696954	0.409360	1.331171	0.250000	-0.951542	-0.043322
1.375920	0.696954	0.409360	1.331171	0.250000	-0.951542	-0.043322
1.386215	0.696954	0.409360	1.331171	0.250000	-0.951542	-0.043322
1.396126	0.700477	0.426314	1.287428	0.250000	-0.952281	-0.045794
1.406751	0.700477	0.426314	1.287428	0.250000	-0.952281	-0.045794
1.416554	0.700477	0.426314	1.287428	0.250000	-0.952281	-0.045794
1.426245	0.700477	0.426314	1.287428	0.250000	-0.952281	-0.045794
1.436007	0.700477	0.426314	1.287428	0.250000	-0.952281	-0.045794
1.445943	0.700477	0.426314	1.287428	0.250000	-0.952281	-0.045794
1.456612	0.704417	0.440997	1.249249	0.250000	-0.956016	-0.048442
1.466285	0.704417	0.440997	1.249249	0.250000	-0.956016	-0.048442
1.476074	0.704417	0.440997	1.249249	0.250000	-0.956016	-0.048442
1.485949	0.704417	0.440997	1.249249	0.250000	-0.956016	-0.048442
1.495917	0.704417	0.440997	1.249249	0.250000	-0.956016	-0.048442
1.506234	0.704417	0.440997	1.249249	0.250000	-0.956016	-0.048442
1.516052	0.704417	0.440997	1.249249	0.250000	-0.956016	-0.048442
1.525930	0.704417	0.440997	1.249249	0.250000	-0.956016	-0.048442
1.535928	0.704417	0.440997	1.249249	0.250000	-0.956016	-0.048442
1.546281	0.704417	0.440997	1.249249	0.250000	-0.956016	-0.048442
1.556008	0.704417	0.440997	1.249249	0.250000	-0.956016	-0.048442
1.566021	0.704417	0.440997	1.249249	0.250000	-0.956016	-0.048442
1.576005	0.704417	0.440997	1.249249	0.250000	-0.956016	-0.048442
1.586426	0.710235	0.457254	1.206340	0.250000	-0.955637	-0.051281
1.596080	0.710235	0.457254	1.206340	0.250000	-0.955637	-0.051281
1.605925	0.710235	0.457254	1.206340	0.250000	-0.955637	-0.051281
1.616591	0.710235	0.457254	1.206340	0.250000	-0.955637	-0.051281
1.626306	0.710235	0.457254	1.206340	0.250000	-0.955637	-0.051281
1.636455	0.717231	0.473276	1.159106	0.250000	-0.917165	-0.051288
1.646880	0.717231	0.473276	1.159106	0.250000	-0.917165	-0.051288
1.656587	0.717231	0.473276	1.159106	0.250000	-0.917165	-0.051288
1.666341	0.717231	0.473276	1.159106	0.250000	-0.917165	-0.051288
1.676124	0.717231	0.473276	1.159106	0.250000	-0.917165	-0.051288
1.685841	0.724878	0.490190	1.113430	0.250000	-0.889418	-0.052890
1.696609	0.724878	0.490190	1.113430	0.250000	-0.889418	-0.052890
1.706438	0.724878	0.490190	1.113430	0.250000	-0.889418	-0.052890
1.716267	0.724878	0.490190	1.113430	0.250000	-0.889418	-0.052890
1.725946	0.724878	0.490190	1.113430	0.250000	-0.889418	-0.052890
1.736643	0.724878	0.490190	1.113430	0.250000	-0.889418	-0.052890
1.746377	0.724878	0.490190	1.113430	0.250000	-0.889418	-0.052890
1.756136	0.724878	0.490190	1.113430	0.250000	-0.889418	-0.052890
1.765942	0.724878	0.490190	1.113430	0.250000	-0.889418	-0.052890
1.775938	0.724878	0.490190	1.113430	0.250000	-0.889418	-0.052890
1.785951	0.724878	0.490190	1.113430	0.250000	-0.889418	-0.052890
1.796297	0.724878	0.490190	1.113430	0.250000	-0.889418	-0.052890
1.805941	0.734306	0.508222	1.068866	0.250000	-0.847255	-0.053526
1.816817	0.734306	0.508222	1.068866	0.250000	-0.847255	-0.053526
1.826389	0.734306	0.508222	1.068866	0.250000	-0.847255	-0.053526
1.836180	0.734306	0.508222	1.068866	0.250000	-0.847255	-0.053526
1.846128	0.734306	0.508222	1.068866	0.250000	-0.847255	-0.053526
1.855890	0.734306	0.508222	1.068866	0.250000	-0.847255	-0.053526
1.866432	0.734306	0.508222	1.068866	0.250000	-0.847255	-0.053526
1.876231	0.734306	0.508222	1.068866	0.250000	-0.847255	-0.053526
1.885991	0.734306	0.508222	1.068866	0.250000	-0.847255	-0.053526
1.895936	0.734306	0.508222	1.068866	0.250000	-0.847255	-0.053526
1.906428	0.734306	0.508222	1.068866	0.250000	-0.847255	-0.053526
1.916004	0.734306	0.508222	1.068866	0.250000	-0.847255	-0.053526
1.925958	0.748379	0.532017	1.017191	0.250000	-0.783101	-0.053943
1.936733	0.748379	0.532017	1.017191	0.250000	-0.783101	-0.053943
1.946490	0.748379	0.532017	1.017191	0.250000	-0.783101	-0.053943
1.956310	0.748379	0.532017	1.017191	0.250000	-0.783101	-0.053943
1.965938	0.748379	0.532017	1.017191	0.250000	-0.783101	-0.053943
1.976727	0.763091	0.553065	0.970627	0.250000	-0.690116	-0.052071
1.986472	0.763091	0.553065	0.970627	0.250000	-0.690116	-0.052071
1.996232	0.763091	0.553065	0.970627	0.250000	-0.690116	-0.052071
2.005952	0.763091	0.553065	0.970627	0.250000	-0.690116	-0.052071
2.016044	0.763091	0.553065	0.970627	0.250000	-0.690116	-0.052071
2.025967	0.763091	0.553065	0.970627	0.250000	-0.690116	-0.052071
2.035957	0.763091	0.553065	0.970627	0.250000	-0.690116	-0.052071
2.046068	0.774070	0.567745	0.933212	0.250000	-0.591770	-0.048722
2.056210	0.774070	0.567745	0.933212	0.250000	-0.591770	-0.048722
2.065978	0.774070	0.567745	0.933212	0.250000	-0.591770	-0.048722
2.076323	0.774070	0.567745	0.933212	0.250000	-0.591770	-0.048722
2.086000	0.774070	0.567745	0.933212	0.250000	-0.591770	-0.048722
2.095918	0.774070	0.567745	0.933212	0.250000	-0.591770	-0.048722
2.105928	0.781891	0.577201	0.897253	0.250000	-0.479804	-0.043902
2.115961	0.781891	0.577201	0.897253	0.250000	-0.479804	-0.043902
2.126129	0.781891	0.577201	0.897253	0.250000	-0.479804	-0.043902
2.136058	0.781891	0.577201	0.897253	0.250000	-0.479804	-0.043902
2.145932	0.781891	0.577201	0.897253	0.250000	-0.479804	-0.043902
2.155931	0.790008	0.587966	0.860393	0.250000	-0.354844	-0.038745
2.166020	0.790008	0.587966	0.860393	0.250000	-0.354844	-0.038745
2.176298	0.790008	0.587966	0.860393	0.250000	-0.354844	-0.038745
2.186620	0.790008	0.587966	0.860393	0.250000	-0.354844	-0.038745
2.196317	0.790008	0.587966	0.860393	0.250000	-0.354844	-0.038745
2.206028	0.790008	0.587966	0.860393	0.250000	-0.354844	-0.038745
2.216068	0.800776	0.600040	0.817089	0.250000	-0.184805	-0.030829
2.225958	0.800776	0.600040	0.817089	0.250000	-0.184805	-0.030829
2.236073	0.800776	0.600040	0.817089	0.250000	-0.184805	-0.030829
2.246012	0.800776	0.600040	0.817089	0.250000	-0.184805	-0.030829
2.258338	0.800776	0.600040	0.817089	0.250000	-0.184805	-0.030829
2.265934	0.800776	0.600040	0.817089	0.250000	-0.184805	-0.030829
2.275950	0.800776	0.600040	0.817089	0.250000	-0.184805	-0.030829
2.286116	0.800776	0.600040	0.817089	0.250000	-0.184805	-0.030829
2.295877	0.800776	0.600040	0.817089	0.250000	-0.184805	-0.030829
2.305889	0.800776	0.600040	0.817089	0.250000	-0.184805	-0.030829
2.316000	0.800776	0.600040	0.817089	0.250000	-0.184805	-0.030829
2.325904	0.813456	0.612827	0.757757	0.250000	0.082721	-0.018228
2.336036	0.813456	0.612827	0.757757	0.250000	0.082721	-0.018228
2.346005	0.813456	0.612827	0.757757	0.250000	0.082721	-0.018228
2.356010	0.813456	0.612827	0.757757	0.250000	0.082721	-0.018228
2.365997	0.813456	0.612827	0.757757	0.250000	0.082721	-0.018228
2.375922	0.813456	0.612827	0.757757	0.250000	0.082721	-0.018228
2.385895	0.826454	0.623411	0.697990	0.250000	0.375529	-0.004036
2.396011	0.826454	0.623411	0.697990	0.250000	0.375529	-0.004036
2.406191	0.826454	0.623411	0.697990	0.250000	0.375529	-0.004036
2.416038	0.826454	0.623411	0.697990	0.250000	0.375529	-0.004036
2.426660	0.826454	0.623411	0.697990	0.250000	0.375529	-0.004036
2.436419	0.826454	0.623411	0.697990	0.250000	0.375529	-0.004036
2.446166	0.826454	0.623411	0.697990	0.250000	0.375529	-0.004036
2.456018	0.843118	0.631115	0.636046	0.250000	0.701646	0.013437
2.466680	0.843118	0.631115	0.636046	0.250000	0.701646	0.013437
2.476583	0.843118	0.631115	0.636046	0.250000	0.701646	0.013437
2.486250	0.843118	0.631115	0.636046	0.250000	0.701646	0.013437
2.495948	0.843118	0.631115	0.636046	0.250000	0.701646	0.013437
2.506778	0.843118	0.631115	0.636046	0.250000	0.701646	0.013437
2.515934	0.843118	0.631115	0.636046	0.250000	0.701646	0.013437
2.525937	0.843118	0.631115	0.636046	0.250000	0.701646	0.013437
2.536106	0.843118	0.631115	0.636046	0.250000	0.701646	0.013437
2.546854	0.843118	0.631115	0.636046	0.250000	0.701646	0.013437
2.556499	0.843118	0.631115	0.636046	0.250000	0.701646	0.013437
2.566232	0.858026	0.642492	0.603849	0.250000	0.893649	0.022534
2.576009	0.858026	0.642492	0.603849	0.250000	0.893649	0.022534
2.586732	0.858026	0.642492	0.603849	0.250000	0.893649	0.022534
2.595975	0.858026	0.642492	0.603849	0.250000	0.893649	0.022534
2.606207	0.858026	0.642492	0.603849	0.250000	0.893649	0.022534
2.616044	0.858026	0.642492	0.603849	0.250000	0.893649	0.022534
2.625888	0.872818	0.654240	0.591312	0.250000	1.067865	0.030948
2.636137	0.872818	0.654240	0.591312	0.250000	1.067865	0.030948
2.646085	0.872818	0.654240	0.591312	0.250000	1.067865	0.030948
2.656080	0.872818	0.654240	0.591312	0.250000	1.067865	0.030948
2.666676	0.872818	0.654240	0.591312	0.250000	1.067865	0.030948
2.676512	0.872818	0.654240	0.591312	0.250000	1.067865	0.030948
2.686236	0.884184	0.668619	0.602741	0.250000	1.143993	0.033158
2.696064	0.884184	0.668619	0.602741	0.250000	1.143993	0.033158
2.706758	0.884184	0.668619	0.602741	0.250000	1.143993	0.033158
2.716539	0.884184	0.668619	0.602741	0.250000	1.143993	0.033158
2.726269	0.884184	0.668619	0.602741	0.250000	1.143993	0.033158
2.736154	0.884184	0.668619	0.602741	0.250000	1.143993	0.033158
2.745976	0.884184	0.668619	0.602741	0.250000	1.143993	0.033158
2.755964	0.884184	0.668619	0.602741	0.250000	1.143993	0.033158
2.766288	0.884184	0.668619	0.602741	0.250000	1.143993	0.033158
2.776106	0.884184	0.668619	0.602741	0.250000	1.143993	0.033158
2.786816	0.884184	0.668619	0.602741	0.250000	1.143993	0.033158
2.796066	0.884184	0.668619	0.602741	0.250000	1.143993	0.033158
2.806542	0.884184	0.668619	0.602741	0.250000	1.143993	0.033158
2.816130	0.897919	0.679713	0.635294	0.250000	1.219143	0.038085
2.826811	0.897919	0.679713	0.635294	0.250000	1.219143	0.038085
2.835974	0.897919	0.679713	0.635294	0.250000	1.219143	0.038085
2.845995	0.897919	0.679713	0.635294	0.250000	1.219143	0.038085
2.856178	0.897919	0.679713	0.635294	0.250000	1.219143	0.038085
2.865883	0.909913	0.687774	0.690544	0.250000	1.263596	0.043182
2.876004	0.909913	0.687774	0.690544	0.250000	1.263596	0.043182
2.885952	0.909913	0.687774	0.690544	0.250000	1.263596	0.043182
2.896120	0.909913	0.687774	0.690544	0.250000	1.263596	0.043182
2.906916	0.909913	0.687774	0.690544	0.250000	1.263596	0.043182
2.916630	0.909913	0.687774	0.690544	0.250000	1.263596	0.043182
2.926336	0.922794	0.699243	0.754338	0.250000	1.303272	0.048791
2.936141	0.922794	0.699243	0.754338	0.250000	1.303272	0.048791
2.946097	0.922794	0.699243	0.754338	0.250000	1.303272	0.048791
2.955945	0.922794	0.699243	0.754338	0.250000	1.303272	0.048791
2.965920	0.922794	0.699243	0.754338	0.250000	1.303272	0.048791
2.976176	0.922794	0.699243	0.754338	0.250000	1.303272	0.048791
2.985921	0.922794	0.699243	0.754338	0.250000	1.303272	0.048791
2.996668	0.922794	0.699243	0.754338	0.250000	1.303272	0.048791
3.006355	0.922794	0.699243	0.754338	0.250000	1.303272	0.048791
3.016352	0.922794	0.699243	0.754338	0.250000	1.303272	0.048791
3.025996	0.922794	0.699243	0.754338	0.250000	1.303272	0.048791
3.036674	0.922794	0.699243	0.754338	0.250000	1.303272	0.048791
3.046409	0.922794	0.699243	0.754338	0.250000	1.303272	0.048791
3.056200	0.934867	0.710346	0.813704	0.250000	1.315661	0.053282
3.066575	0.934867	0.710346	0.813704	0.250000	1.315661	0.053282
3.075939	0.934867	0.710346	0.813704	0.250000	1.315661	0.053282
3.085942	0.934867	0.710346	0.813704	0.250000	1.315661	0.053282
3.096495	0.949727	0.728693	0.861714	0.250000	1.368634	0.061507
3.105941	0.949727	0.728693	0.861714	0.250000	1.368634	0.061507
3.116850	0.949727	0.728693	0.861714	0.250000	1.368634	0.061507
3.126467	0.949727	0.728693	0.861714	0.250000	1.368634	0.061507
3.136266	0.949727	0.728693	0.861714	0.250000	1.368634	0.061507
3.146009	0.949727	0.728693	0.861714	0.250000	1.368634	0.061507
3.156726	0.949727	0.728693	0.861714	0.250000	1.368634	0.061507
3.166450	0.961753	0.742952	0.905087	0.250000	1.398682	0.069370
3.176272	0.961753	0.742952	0.905087	0.250000	1.398682	0.069370
3.186014	0.961753	0.742952	0.905087	0.250000	1.398682	0.069370
3.196190	0.961753	0.742952	0.905087	0.250000	1.398682	0.069370
3.206251	0.961753	0.742952	0.905087	0.250000	1.398682	0.069370
3.216267	0.961753	0.742952	0.905087	0.250000	1.398682	0.069370
3.225997	0.961753	0.742952	0.905087	0.250000	1.398682	0.069370
3.236055	0.961753	0.742952	0.905087	0.250000	1.398682	0.069370
3.246547	0.961753	0.742952	0.905087	0.250000	1.398682	0.069370
3.256293	0.961753	0.742952	0.905087	0.250000	1.398682	0.069370
3.266020	0.961753	0.742952	0.905087	0.250000	1.398682	0.069370
3.276802	0.961753	0.742952	0.905087	0.250000	1.398682	0.069370
3.286500	0.971954	0.756706	0.960331	0.250000	1.395346	0.075703
3.296262	0.971954	0.756706	0.960331	0.250000	1.395346	0.075703
3.306304	0.971954	0.756706	0.960331	0.250000	1.395346	0.075703
3.316834	0.971954	0.756706	0.960331	0.250000	1.395346	0.075703
3.326533	0.971954	0.756706	0.960331	0.250000	1.395346	0.075703
3.336407	0.971954	0.756706	0.960331	0.250000	1.395346	0.075703
3.346201	0.971954	0.756706	0.960331	0.250000	1.395346	0.075703
3.356843	0.971954	0.756706	0.960331	0.250000	1.395346	0.075703
3.368657	0.971954	0.756706	0.960331	0.250000	1.395346	0.075703
3.375915	0.971954	0.756706	0.960331	0.250000	1.395346	0.075703
3.386115	0.971954	0.756706	0.960331	0.250000	1.395346	0.075703
3.395946	0.981001	0.770125	1.017887	0.250000	1.384243	0.081416
3.405931	0.981001	0.770125	1.017887	0.250000	1.384243	0.081416
3.416381	0.981001	0.770125	1.017887	0.250000	1.384243	0.081416
3.425940	0.981001	0.770125	1.017887	0.250000	1.384243	0.081416
3.436842	0.981001	0.770125	1.017887	0.250000	1.384243	0.081416
3.446578	0.981001	0.770125	1.017887	0.250000	1.384243	0.081416
3.456321	0.993463	0.794077	1.083230	0.250000	1.376883	0.088413
3.465973	0.993463	0.794077	1.083230	0.250000	1.376883	0.088413
3.476009	0.993463	0.794077	1.083230	0.250000	1.376883	0.088413
3.486750	0.993463	0.794077	1.083230	0.250000	1.376883	0.088413
3.496518	0.993463	0.794077	1.083230	0.250000	1.376883	0.088413
3.506077	0.993463	0.794077	1.083230	0.250000	1.376883	0.088413
3.516890	0.993463	0.794077	1.083230	0.250000	1.376883	0.088413
3.526591	0.993463	0.794077	1.083230	0.250000	1.376883	0.088413
3.536357	0.993463	0.794077	1.083230	0.250000	1.376883	0.088413
3.546049	0.993463	0.794077	1.083230	0.250000	1.376883	0.088413
3.555872	1.003256	0.815285	1.141037	0.250000	1.378105	0.095688
3.565939	1.003256	0.815285	1.141037	0.250000	1.378105	0.095688
3.576067	1.003256	0.815285	1.141037	0.250000	1.378105	0.095688
3.586027	1.003256	0.815285	1.141037	0.250000	1.378105	0.095688
3.596077	1.003256	0.815285	1.141037	0.250000	1.378105	0.095688
3.606635	1.003256	0.815285	1.141037	0.250000	1.378105	0.095688
3.616428	1.003256	0.815285	1.141037	0.250000	1.378105	0.095688
3.626146	1.003256	0.815285	1.141037	0.250000	1.378105	0.095688
3.635973	1.003256	0.815285	1.141037	0.250000	1.378105	0.095688
3.645962	1.003256	0.815285	1.141037	0.250000	1.378105	0.095688
3.655906	1.003256	0.815285	1.141037	0.250000	1.378105	0.095688
3.665960	1.003256	0.815285	1.141037	0.250000	1.378105	0.095688
3.675902	1.013096	0.837434	1.202139	0.250000	1.363992	0.101248
3.685952	1.013096	0.837434	1.202139	0.250000	1.363992	0.101248
3.696546	1.013096	0.837434	1.202139	0.250000	1.363992	0.101248
3.706498	1.013096	0.837434	1.202139	0.250000	1.363992	0.101248
3.716210	1.013096	0.837434	1.202139	0.250000	1.363992	0.101248
3.727618	1.016528	0.847837	1.259494	0.250000	1.325812	0.102345
3.736464	1.016528	0.847837	1.259494	0.250000	1.325812	0.102345
3.747276	1.016528	0.847837	1.259494	0.250000	1.325812	0.102345
3.756084	1.016528	0.847837	1.259494	0.250000	1.325812	0.102345
3.766745	1.016528	0.847837	1.259494	0.250000	1.325812	0.102345
3.776494	1.016528	0.847837	1.259494	0.250000	1.325812	0.102345
3.786245	1.016528	0.847837	1.259494	0.250000	1.325812	0.102345
3.795954	1.016528	0.847837	1.259494	0.250000	1.325812	0.102345
3.806719	1.021511	0.864808	1.317460	0.250000	1.295613	0.104281
3.816179	1.021511	0.864808	1.317460	0.250000	1.295613	0.104281
3.826242	1.021511	0.864808	1.317460	0.250000	1.295613	0.104281
3.835998	1.021511	0.864808	1.317460	0.250000	1.295613	0.104281
3.846774	1.021511	0.864808	1.317460	0.250000	1.295613	0.104281
3.856466	1.023680	0.879140	1.359143	0.250000	1.270678	0.104472
3.867133	1.023680	0.879140	1.359143	0.250000	1.270678	0.104472
3.876169	1.023680	0.879140	1.359143	0.250000	1.270678	0.104472
3.885998	1.023680	0.879140	1.359143	0.250000	1.270678	0.104472
3.895978	1.023680	0.879140	1.359143	0.250000	1.270678	0.104472
3.906271	1.023680	0.879140	1.359143	0.250000	1.270678	0.104472
3.916063	1.023680	0.879140	1.359143	0.250000	1.270678	0.104472
3.925906	1.023680	0.879140	1.359143	0.250000	1.270678	0.104472
3.935949	1.023680	0.879140	1.359143	0.250000	1.270678	0.104472
3.945977	1.023680	0.879140	1.359143	0.250000	1.270678	0.104472
3.956065	1.023680	0.879140	1.359143	0.250000	1.270678	0.104472
3.965921	1.023680	0.879140	1.359143	0.250000	1.270678	0.104472
3.976673	1.023680	0.879140	1.359143	0.250000	1.270678	0.104472
3.985974	1.026324	0.896729	1.481733	0.250000	1.135191	0.097502
3.996132	1.026324	0.896729	1.481733	0.250000	1.135191	0.097502
4.005971	1.026324	0.896729	1.481733	0.250000	1.135191	0.097502
4.016045	1.026324	0.896729	1.481733	0.250000	1.135191	0.097502
4.026114	1.026324	0.896729	1.481733	0.250000	1.135191	0.097502
4.036082	1.026324	0.896729	1.481733	0.250000	1.135191	0.097502
4.046066	1.027614	0.912882	1.545096	0.250000	1.082382	0.095223
4.055973	1.027614	0.912882	1.545096	0.250000	1.082382	0.095223
4.066417	1.027614	0.912882	1.545096	0.250000	1.082382	0.095223
4.076205	1.027614	0.912882	1.545096	0.250000	1.082382	0.095223
4.085971	1.027614	0.912882	1.545096	0.250000	1.082382	0.095223
4.096554	1.028933	0.930274	1.602750	0.250000	1.029996	0.092877
4.107584	1.028933	0.930274	1.602750	0.250000	1.029996	0.092877
4.116209	1.028933	0.930274	1.602750	0.250000	1.029996	0.092877
4.125930	1.028933	0.930274	1.602750	0.250000	1.029996	0.092877
4.136070	1.028933	0.930274	1.602750	0.250000	1.029996	0.092877
4.146457	1.028933	0.930274	1.602750	0.250000	1.029996	0.092877
4.156138	1.029599	0.946234	1.570451	0.250000	1.115281	0.100657
4.166897	1.029599	0.946234	1.570451	0.250000	1.115281	0.100657
4.176646	1.029599	0.946234	1.570451	0.250000	1.115281	0.100657
4.186405	1.029599	0.946234	1.570451	0.250000	1.115281	0.100657
4.196156	1.029599	0.946234	1.570451	0.250000	1.115281	0.100657
4.205920	1.029599	0.946234	1.570451	0.250000	1.115281	0.100657
4.216145	1.029599	0.946234	1.570451	0.250000	1.115281	0.100657
4.226336	1.028841	0.962139	1.604636	0.250000	1.083901	0.099509
4.236157	1.028841	0.962139	1.604636	0.250000	1.083901	0.099509
4.245960	1.028841	0.962139	1.604636	0.250000	1.083901	0.099509
4.256776	1.028841	0.962139	1.604636	0.250000	1.083901	0.099509
4.266410	1.028841	0.962139	1.604636	0.250000	1.083901	0.099509
4.276230	1.028841	0.962139	1.604636	0.250000	1.083901	0.099509
4.286012	1.028841	0.962139	1.604636	0.250000	1.083901	0.099509
4.296683	1.028841	0.962139	1.604636	0.250000	1.083901	0.099509
4.306386	1.028841	0.962139	1.604636	0.250000	1.083901	0.099509
4.316218	1.028841	0.962139	1.604636	0.250000	1.083901	0.099509
4.325937	1.028841	0.962139	1.604636	0.250000	1.083901	0.099509
4.336739	1.028841	0.962139	1.604636	0.250000	1.083901	0.099509
4.346485	1.025248	0.976354	1.736778	0.250000	0.869681	0.083698
4.356250	1.025248	0.976354	1.736778	0.250000	0.869681	0.083698
4.366042	1.025248	0.976354	1.736778	0.250000	0.869681	0.083698
4.376829	1.025248	0.976354	1.736778	0.250000	0.869681	0.083698
4.386620	1.025248	0.976354	1.736778	0.250000	0.869681	0.083698
4.395944	1.025248	0.976354	1.736778	0.250000	0.869681	0.083698
4.405957	1.025248	0.976354	1.736778	0.250000	0.869681	0.083698
4.416763	1.025248	0.976354	1.736778	0.250000	0.869681	0.083698
4.425941	1.025248	0.976354	1.736778	0.250000	0.869681	0.083698
4.436324	1.025248	0.976354	1.736778	0.250000	0.869681	0.083698
4.445975	1.025248	0.976354	1.736778	0.250000	0.869681	0.083698
4.456811	1.021250	0.997592	1.898604	0.250000	0.564063	0.062959
4.466978	1.021250	0.997592	1.898604	0.250000	0.564063	0.062959
4.476509	1.021250	0.997592	1.898604	0.250000	0.564063	0.062959
4.486049	1.021250	0.997592	1.898604	0.250000	0.564063	0.062959
4.496818	1.021250	0.997592	1.898604	0.250000	0.564063	0.062959
4.506589	1.021250	0.997592	1.898604	0.250000	0.564063	0.062959
4.516328	1.021250	0.997592	1.898604	0.250000	0.564063	0.062959
4.525955	1.021250	0.997592	1.898604	0.250000	0.564063	0.062959
4.536814	1.021250	0.997592	1.898604	0.250000	0.564063	0.062959
4.546553	1.021250	0.997592	1.898604	0.250000	0.564063	0.062959
4.556299	1.021250	0.997592	1.898604	0.250000	0.564063	0.062959
4.565978	1.016164	1.024243	1.966404	0.250000	0.405481	0.054168
4.576865	1.016164	1.024243	1.966404	0.250000	0.405481	0.054168
4.586594	1.016164	1.024243	1.966404	0.250000	0.405481	0.054168
4.596309	1.016164	1.024243	1.966404	0.250000	0.405481	0.054168
4.606041	1.016164	1.024243	1.966404	0.250000	0.405481	0.054168
4.616838	1.016164	1.024243	1.966404	0.250000	0.405481	0.054168
4.625895	1.016164	1.024243	1.966404	0.250000	0.405481	0.054168
4.635985	1.012196	1.049374	1.949796	0.250000	0.419472	0.057847
4.646007	1.012196	1.049374	1.949796	0.250000	0.419472	0.057847
4.656803	1.012196	1.049374	1.949796	0.250000	0.419472	0.057847
4.666562	1.012196	1.049374	1.949796	0.250000	0.419472	0.057847
4.676443	1.012196	1.049374	1.949796	0.250000	0.419472	0.057847
4.686260	1.012196	1.049374	1.949796	0.250000	0.419472	0.057847
4.696064	1.008718	1.072957	1.988092	0.250000	0.286373	0.052231
4.706621	1.008718	1.072957	1.988092	0.250000	0.286373	0.052231
4.716426	1.008718	1.072957	1.988092	0.250000	0.286373	0.052231
4.726127	1.008718	1.072957	1.988092	0.250000	0.286373	0.052231
4.735888	1.008718	1.072957	1.988092	0.250000	0.286373	0.052231
4.746696	1.008718	1.072957	1.988092	0.250000	0.286373	0.052231
4.756050	1.004141	1.087059	2.038423	0.250000	0.108338	0.041950
4.766009	1.004141	1.087059	2.038423	0.250000	0.108338	0.041950
4.776994	1.004141	1.087059	2.038423	0.250000	0.108338	0.041950
4.786695	1.004141	1.087059	2.038423	0.250000	0.108338	0.041950
4.797475	1.004141	1.087059	2.038423	0.250000	0.108338	0.041950
4.806160	1.004141	1.087059	2.038423	0.250000	0.108338	0.041950
4.815908	0.998614	1.098180	2.075186	0.250000	-0.049122	0.032504
4.825939	0.998614	1.098180	2.075186	0.250000	-0.049122	0.032504
4.835943	0.998614	1.098180	2.075186	0.250000	-0.049122	0.032504
4.845980	0.998614	1.098180	2.075186	0.250000	-0.049122	0.032504
4.855984	0.998614	1.098180	2.075186	0.250000	-0.049122	0.032504
4.865947	0.998614	1.098180	2.075186	0.250000	-0.049122	0.032504
4.876434	0.998614	1.098180	2.075186	0.250000	-0.049122	0.032504
4.886339	0.998614	1.098180	2.075186	0.250000	-0.049122	0.032504
4.897111	0.998614	1.098180	2.075186	0.250000	-0.049122	0.032504
4.906684	0.998614	1.098180	2.075186	0.250000	-0.049122	0.032504
4.916498	0.998614	1.098180	2.075186	0.250000	-0.049122	0.032504
4.926150	0.989911	1.111801	2.040755	0.250000	-0.091774	0.028913
4.935991	0.989911	1.111801	2.040755	0.250000	-0.091774	0.028913
4.946733	0.989911	1.111801	2.040755	0.250000	-0.091774	0.028913
4.956459	0.989911	1.111801	2.040755	0.250000	-0.091774	0.028913
4.965964	0.989911	1.111801	2.040755	0.250000	-0.091774	0.028913
4.975994	0.989911	1.111801	2.040755	0.250000	-0.091774	0.028913
4.985905	0.979160	1.123115	2.070658	0.250000	-0.292854	0.015463
4.995911	0.979160	1.123115	2.070658	0.250000	-0.292854	0.015463
5.006227	0.979160	1.123115	2.070658	0.250000	-0.292854	0.015463
5.016170	0.979160	1.123115	2.070658	0.250000	-0.292854	0.015463
5.026039	0.979160	1.123115	2.070658	0.250000	-0.292854	0.015463
5.036061	0.979160	1.123115	2.070658	0.250000	-0.292854	0.015463
5.046235	0.979160	1.123115	2.070658	0.250000	-0.292854	0.015463
5.056045	0.979160	1.123115	2.070658	0.250000	-0.292854	0.015463
5.066720	0.979160	1.123115	2.070658	0.250000	-0.292854	0.015463
5.075973	0.979160	1.123115	2.070658	0.250000	-0.292854	0.015463
5.085943	0.979160	1.123115	2.070658	0.250000	-0.292854	0.015463
5.096024	0.968129	1.144346	2.099820	0.250000	-0.495379	0.003324
5.105927	0.968129	1.144346	2.099820	0.250000	-0.495379	0.003324
5.116219	0.968129	1.144346	2.099820	0.250000	-0.495379	0.003324
5.125968	0.968129	1.144346	2.099820	0.250000	-0.495379	0.003324
5.136344	0.968129	1.144346	2.099820	0.250000	-0.495379	0.003324
5.145989	0.968129	1.144346	2.099820	0.250000	-0.495379	0.003324
5.156348	0.957017	1.158320	2.114991	0.250000	-0.675045	-0.008792
5.165952	0.957017	1.158320	2.114991	0.250000	-0.675045	-0.008792
5.176077	0.957017	1.158320	2.114991	0.250000	-0.675045	-0.008792
5.186125	0.957017	1.158320	2.114991	0.250000	-0.675045	-0.008792
5.196548	0.957017	1.158320	2.114991	0.250000	-0.675045	-0.008792
5.206259	0.957017	1.158320	2.114991	0.250000	-0.675045	-0.008792
5.217916	0.957017	1.158320	2.114991	0.250000	-0.675045	-0.008792
5.225992	0.957017	1.158320	2.114991	0.250000	-0.675045	-0.008792
5.236684	0.957017	1.158320	2.114991	0.250000	-0.675045	-0.008792
5.246350	0.957017	1.158320	2.114991	0.250000	-0.675045	-0.008792
5.256141	0.957017	1.158320	2.114991	0.250000	-0.675045	-0.008792
5.265928	0.957017	1.158320	2.114991	0.250000	-0.675045	-0.008792
5.276808	0.945347	1.178242	2.109671	0.250000	-0.793733	-0.017767
5.286359	0.945347	1.178242	2.109671	0.250000	-0.793733	-0.017767
5.296161	0.945347	1.178242	2.109671	0.250000	-0.793733	-0.017767
5.306144	0.945347	1.178242	2.109671	0.250000	-0.793733	-0.017767
5.316699	0.945347	1.178242	2.109671	0.250000	-0.793733	-0.017767
5.326093	0.945347	1.178242	2.109671	0.250000	-0.793733	-0.017767
5.336152	0.931685	1.192654	2.186230	0.250000	-1.060260	-0.034651
5.345983	0.931685	1.192654	2.186230	0.250000	-1.060260	-0.034651
5.355946	0.931685	1.192654	2.186230	0.250000	-1.060260	-0.034651
5.365979	0.931685	1.192654	2.186230	0.250000	-1.060260	-0.034651
5.376168	0.931685	1.192654	2.186230	0.250000	-1.060260	-0.034651
5.385972	0.931685	1.192654	2.186230	0.250000	-1.060260	-0.034651
5.396649	0.922021	1.213589	2.143183	0.250000	-1.078387	-0.039538
5.406362	0.922021	1.213589	2.143183	0.250000	-1.078387	-0.039538
5.416314	0.922021	1.213589	2.143183	0.250000	-1.078387	-0.039538
5.425922	0.922021	1.213589	2.143183	0.250000	-1.078387	-0.039538
5.436661	0.922021	1.213589	2.143183	0.250000	-1.078387	-0.039538
5.446731	0.922021	1.213589	2.143183	0.250000	-1.078387	-0.039538
5.456150	0.922021	1.213589	2.143183	0.250000	-1.078387	-0.039538
5.465917	0.922021	1.213589	2.143183	0.250000	-1.078387	-0.039538
5.476684	0.922021	1.213589	2.143183	0.250000	-1.078387	-0.039538
5.486455	0.922021	1.213589	2.143183	0.250000	-1.078387	-0.039538
5.496193	0.922021	1.213589	2.143183	0.250000	-1.078387	-0.039538
5.506186	0.922021	1.213589	2.143183	0.250000	-1.078387	-0.039538
5.516718	0.913330	1.231398	2.091059	0.250000	-1.079436	-0.044710
5.526433	0.913330	1.231398	2.091059	0.250000	-1.079436	-0.044710
5.536305	0.913330	1.231398	2.091059	0.250000	-1.079436	-0.044710
5.546094	0.913330	1.231398	2.091059	0.250000	-1.079436	-0.044710
5.555936	0.913330	1.231398	2.091059	0.250000	-1.079436	-0.044710
5.565928	0.913330	1.231398	2.091059	0.250000	-1.079436	-0.044710
5.576197	0.907356	1.254639	1.954058	0.250000	-0.893964	-0.040697
5.586078	0.907356	1.254639	1.954058	0.250000	-0.893964	-0.040697
5.596730	0.907356	1.254639	1.954058	0.250000	-0.893964	-0.040697
5.606412	0.907356	1.254639	1.954058	0.250000	-0.893964	-0.040697
5.616233	0.907356	1.254639	1.954058	0.250000	-0.893964	-0.040697
5.625977	0.907356	1.254639	1.954058	0.250000	-0.893964	-0.040697
5.636908	0.899744	1.267520	1.923706	0.250000	-0.898364	-0.045507
5.645924	0.899744	1.267520	1.923706	0.250000	-0.898364	-0.045507
5.656126	0.899744	1.267520	1.923706	0.250000	-0.898364	-0.045507
5.665979	0.899744	1.267520	1.923706	0.250000	-0.898364	-0.045507
5.676851	0.899744	1.267520	1.923706	0.250000	-0.898364	-0.045507
5.686559	0.899744	1.267520	1.923706	0.250000	-0.898364	-0.045507
5.696287	0.899744	1.267520	1.923706	0.250000	-0.898364	-0.045507
5.705997	0.899744	1.267520	1.923706	0.250000	-0.898364	-0.045507
5.715951	0.899744	1.267520	1.923706	0.250000	-0.898364	-0.045507
5.726018	0.899744	1.267520	1.923706	0.250000	-0.898364	-0.045507
5.736048	0.899744	1.267520	1.923706	0.250000	-0.898364	-0.045507
5.745970	0.899744	1.267520	1.923706	0.250000	-0.898364	-0.045507
5.756015	0.893680	1.280557	1.891434	0.250000	-0.878124	-0.048434
5.765954	0.893680	1.280557	1.891434	0.250000	-0.878124	-0.048434
5.776032	0.893680	1.280557	1.891434	0.250000	-0.878124	-0.048434
5.786052	0.893680	1.280557	1.891434	0.250000	-0.878124	-0.048434
5.795922	0.893680	1.280557	1.891434	0.250000	-0.878124	-0.048434
5.806554	0.893680	1.280557	1.891434	0.250000	-0.878124	-0.048434
5.818478	0.886975	1.289075	1.958074	0.250000	-1.049749	-0.062077
5.825992	0.886975	1.289075	1.958074	0.250000	-1.049749	-0.062077
5.835933	0.886975	1.289075	1.958074	0.250000	-1.049749	-0.062077
5.845963	0.886975	1.289075	1.958074	0.250000	-1.049749	-0.062077
5.855990	0.886975	1.289075	1.958074	0.250000	-1.049749	-0.062077
5.865983	0.882192	1.304559	1.916166	0.250000	-0.988087	-0.062914
5.876914	0.882192	1.304559	1.916166	0.250000	-0.988087	-0.062914
5.886613	0.882192	1.304559	1.916166	0.250000	-0.988087	-0.062914
5.896364	0.882192	1.304559	1.916166	0.250000	-0.988087	-0.062914
5.906138	0.882192	1.304559	1.916166	0.250000	-0.988087	-0.062914
5.915953	0.882192	1.304559	1.916166	0.250000	-0.988087	-0.062914
5.927199	0.882192	1.304559	1.916166	0.250000	-0.988087	-0.062914
5.935850	0.878428	1.317582	2.005309	0.250000	-1.145728	-0.075150
5.946010	0.878428	1.317582	2.005309	0.250000	-1.145728	-0.075150
5.955928	0.878428	1.317582	2.005309	0.250000	-1.145728	-0.075150
5.965935	0.878428	1.317582	2.005309	0.250000	-1.145728	-0.075150
5.976028	0.878428	1.317582	2.005309	0.250000	-1.145728	-0.075150
5.986098	0.878428	1.317582	2.005309	0.250000	-1.145728	-0.075150
5.995977	0.874916	1.326825	1.867691	0.250000	-0.903430	-0.065357
6.005954	0.874916	1.326825	1.867691	0.250000	-0.903430	-0.065357
6.019383	0.874916	1.326825	1.867691	0.250000	-0.903430	-0.065357
6.026134	0.874916	1.326825	1.867691	0.250000	-0.903430	-0.065357
6.035914	0.874916	1.326825	1.867691	0.250000	-0.903430	-0.065357
6.046270	0.874916	1.326825	1.867691	0.250000	-0.903430	-0.065357
6.055955	0.871737	1.340095	1.915691	0.250000	-0.975577	-0.073434
6.068952	0.871737	1.340095	1.915691	0.250000	-0.975577	-0.073434
6.075986	0.871737	1.340095	1.915691	0.250000	-0.975577	-0.073434
6.086006	0.871737	1.340095	1.915691	0.250000	-0.975577	-0.073434
6.096408	0.871737	1.340095	1.915691	0.250000	-0.975577	-0.073434
6.106407	0.871737	1.340095	1.915691	0.250000	-0.975577	-0.073434
6.115992	0.871737	1.340095	1.915691	0.250000	-0.975577	-0.073434
6.125937	0.871737	1.340095	1.915691	0.250000	-0.975577	-0.073434
6.136426	0.871737	1.340095	1.915691	0.250000	-0.975577	-0.073434
6.146271	0.871737	1.340095	1.915691	0.250000	-0.975577	-0.073434
6.155971	0.871737	1.340095	1.915691	0.250000	-0.975577	-0.073434
6.166771	0.869510	1.354805	1.744146	0.250000	-0.591606	-0.053014
