t	x(t)	y(t)	theta(t)	v(t)	gamma(t)	efa
0.001206	0.696342	0.152235	1.608029	0.250000	0.051385	-0.006612
0.001661	0.696342	0.152235	1.608029	0.250000	0.051385	-0.006612
0.011752	0.696342	0.152235	1.608029	0.250000	0.051385	-0.006612
0.022341	0.696342	0.152235	1.608029	0.250000	0.051385	-0.006612
0.032019	0.696342	0.152235	1.608029	0.250000	0.051385	-0.006612
0.041874	0.696342	0.152235	1.608029	0.250000	0.051385	-0.006612
0.051778	0.696342	0.152235	1.608029	0.250000	0.051385	-0.006612
0.062855	0.696342	0.152235	1.608029	0.250000	0.051385	-0.006612
0.072080	0.696342	0.152235	1.608029	0.250000	0.051385	-0.006612
0.081830	0.696342	0.152235	1.608029	0.250000	0.051385	-0.006612
0.091762	0.696342	0.152235	1.608029	0.250000	0.051385	-0.006612
0.102084	0.696342	0.152235	1.608029	0.250000	0.051385	-0.006612
0.112214	0.696342	0.152235	1.608029	0.250000	0.051385	-0.006612
0.122088	0.696342	0.152235	1.608029	0.250000	0.051385	-0.006612
0.132628	0.696342	0.152235	1.608029	0.250000	0.051385	-0.006612
0.142555	0.696342	0.152235	1.608029	0.250000	0.051385	-0.006612
0.152123	0.696342	0.152235	1.608029	0.250000	0.051385	-0.006612
0.161909	0.696342	0.152235	1.608029	0.250000	0.051385	-0.006612
0.171753	0.696342	0.152235	1.608029	0.250000	0.051385	-0.006612
0.182377	0.695983	0.152802	1.607383	0.250000	0.049053	-0.006862
0.191855	0.695983	0.152802	1.607383	0.250000	0.049053	-0.006862
0.201910	0.695983	0.152802	1.607383	0.250000	0.049053	-0.006862
0.211774	0.695983	0.152802	1.607383	0.250000	0.049053	-0.006862
0.221916	0.695983	0.152802	1.607383	0.250000	0.049053	-0.006862
0.234086	0.696154	0.155630	1.605722	0.250000	0.059876	-0.005897
0.241909	0.696154	0.155630	1.605722	0.250000	0.059876	-0.005897
0.252693	0.696154	0.155630	1.605722	0.250000	0.059876	-0.005897
0.262430	0.696154	0.155630	1.605722	0.250000	0.059876	-0.005897
0.271815	0.696154	0.155630	1.605722	0.250000	0.059876	-0.005897
0.281998	0.696154	0.155630	1.605722	0.250000	0.059876	-0.005897
0.292230	0.696154	0.155630	1.605722	0.250000	0.059876	-0.005897
0.302533	0.696154	0.155630	1.605722	0.250000	0.059876	-0.005897
0.312328	0.696154	0.155630	1.605722	0.250000	0.059876	-0.005897
0.321838	0.696154	0.155630	1.605722	0.250000	0.059876	-0.005897
0.331781	0.696154	0.155630	1.605722	0.250000	0.059876	-0.005897
0.343424	0.696154	0.155630	1.605722	0.250000	0.059876	-0.005897
0.351751	0.696154	0.155630	1.605722	0.250000	0.059876	-0.005897
0.361945	0.695608	0.165105	1.598546	0.250000	0.079485	-0.003797
0.371751	0.695608	0.165105	1.598546	0.250000	0.079485	-0.003797
0.382491	0.695608	0.165105	1.598546	0.250000	0.079485	-0.003797
0.392256	0.695608	0.165105	1.598546	0.250000	0.079485	-0.003797
0.402028	0.695608	0.165105	1.598546	0.250000	0.079485	-0.003797
0.411821	0.695608	0.165105	1.598546	0.250000	0.079485	-0.003797
0.421831	0.695608	0.165105	1.598546	0.250000	0.079485	-0.003797
0.431886	0.695608	0.165105	1.598546	0.250000	0.079485	-0.003797
0.442137	0.695608	0.165105	1.598546	0.250000	0.079485	-0.003797
0.451752	0.695608	0.165105	1.598546	0.250000	0.079485	-0.003797
0.462516	0.695013	0.181564	1.595397	0.250000	0.074107	-0.001963
0.472236	0.695013	0.181564	1.595397	0.250000	0.074107	-0.001963
0.482013	0.695013	0.181564	1.595397	0.250000	0.074107	-0.001963
0.491809	0.695013	0.181564	1.595397	0.250000	0.074107	-0.001963
0.501785	0.695013	0.181564	1.595397	0.250000	0.074107	-0.001963
0.512254	0.695013	0.181564	1.595397	0.250000	0.074107	-0.001963
0.522056	0.695013	0.181564	1.595397	0.250000	0.074107	-0.001963
0.531878	0.695013	0.181564	1.595397	0.250000	0.074107	-0.001963
0.542515	0.695013	0.181564	1.595397	0.250000	0.074107	-0.001963
0.552289	0.695013	0.181564	1.595397	0.250000	0.074107	-0.001963
0.562067	0.695013	0.181564	1.595397	0.250000	0.074107	-0.001963
0.571872	0.694063	0.207018	1.597339	0.250000	-0.030117	-0.001246
0.582531	0.694063	0.207018	1.597339	0.250000	-0.030117	-0.001246
0.592323	0.694063	0.207018	1.597339	0.250000	-0.030117	-0.001246
0.602076	0.694063	0.207018	1.597339	0.250000	-0.030117	-0.001246
0.611928	0.694063	0.207018	1.597339	0.250000	-0.030117	-0.001246
0.622673	0.694063	0.207018	1.597339	0.250000	-0.030117	-0.001246
0.633051	0.694063	0.207018	1.597339	0.250000	-0.030117	-0.001246
0.642095	0.694063	0.207018	1.597339	0.250000	-0.030117	-0.001246
0.651839	0.694063	0.207018	1.597339	0.250000	-0.030117	-0.001246
0.662593	0.694063	0.207018	1.597339	0.250000	-0.030117	-0.001246
0.672345	0.692662	0.234066	1.611105	0.250000	-0.254124	-0.006215
0.682100	0.692662	0.234066	1.611105	0.250000	-0.254124	-0.006215
0.691967	0.692662	0.234066	1.611105	0.250000	-0.254124	-0.006215
0.702132	0.692662	0.234066	1.611105	0.250000	-0.254124	-0.006215
0.711775	0.692662	0.234066	1.611105	0.250000	-0.254124	-0.006215
0.722167	0.692662	0.234066	1.611105	0.250000	-0.254124	-0.006215
0.731888	0.692662	0.234066	1.611105	0.250000	-0.254124	-0.006215
0.742593	0.692662	0.234066	1.611105	0.250000	-0.254124	-0.006215
0.752363	0.692662	0.234066	1.611105	0.250000	-0.254124	-0.006215
0.762165	0.692662	0.234066	1.611105	0.250000	-0.254124	-0.006215
0.771863	0.692662	0.234066	1.611105	0.250000	-0.254124	-0.006215
0.782695	0.691885	0.261992	1.616651	0.250000	-0.478878	-0.013142
0.792420	0.691885	0.261992	1.616651	0.250000	-0.478878	-0.013142
0.802234	0.691885	0.261992	1.616651	0.250000	-0.478878	-0.013142
0.813222	0.691885	0.261992	1.616651	0.250000	-0.478878	-0.013142
0.821818	0.691885	0.261992	1.616651	0.250000	-0.478878	-0.013142
0.831759	0.691885	0.261992	1.616651	0.250000	-0.478878	-0.013142
0.842161	0.690858	0.285039	1.618042	0.250000	-0.656154	-0.020531
0.851730	0.690858	0.285039	1.618042	0.250000	-0.656154	-0.020531
0.861786	0.690858	0.285039	1.618042	0.250000	-0.656154	-0.020531
0.871782	0.690858	0.285039	1.618042	0.250000	-0.656154	-0.020531
0.882179	0.690858	0.285039	1.618042	0.250000	-0.656154	-0.020531
0.891789	0.690507	0.304965	1.606618	0.250000	-0.771402	-0.025888
0.901786	0.690507	0.304965	1.606618	0.250000	-0.771402	-0.025888
0.911778	0.690507	0.304965	1.606618	0.250000	-0.771402	-0.025888
0.922210	0.690507	0.304965	1.606618	0.250000	-0.771402	-0.025888
0.932014	0.690507	0.304965	1.606618	0.250000	-0.771402	-0.025888
0.941846	0.690507	0.304965	1.606618	0.250000	-0.771402	-0.025888
0.951807	0.690507	0.304965	1.606618	0.250000	-0.771402	-0.025888
0.962201	0.690507	0.304965	1.606618	0.250000	-0.771402	-0.025888
0.971765	0.690507	0.304965	1.606618	0.250000	-0.771402	-0.025888
0.981765	0.690507	0.304965	1.606618	0.250000	-0.771402	-0.025888
0.992524	0.690507	0.304965	1.606618	0.250000	-0.771402	-0.025888
1.002336	0.690507	0.304965	1.606618	0.250000	-0.771402	-0.025888
1.012060	0.690251	0.324902	1.578981	0.250000	-0.851532	-0.030390
1.021802	0.690251	0.324902	1.578981	0.250000	-0.851532	-0.030390
1.032403	0.690251	0.324902	1.578981	0.250000	-0.851532	-0.030390
1.042337	0.690251	0.324902	1.578981	0.250000	-0.851532	-0.030390
1.051803	0.690251	0.324902	1.578981	0.250000	-0.851532	-0.030390
1.062417	0.690251	0.324902	1.578981	0.250000	-0.851532	-0.030390
1.072411	0.690251	0.324902	1.578981	0.250000	-0.851532	-0.030390
1.082227	0.690251	0.324902	1.578981	0.250000	-0.851532	-0.030390
1.091933	0.690251	0.324902	1.578981	0.250000	-0.851532	-0.030390
1.101882	0.690251	0.324902	1.578981	0.250000	-0.851532	-0.030390
1.112485	0.690251	0.324902	1.578981	0.250000	-0.851532	-0.030390
1.122313	0.690251	0.324902	1.578981	0.250000	-0.851532	-0.030390
1.132002	0.690251	0.324902	1.578981	0.250000	-0.851532	-0.030390
1.141778	0.690251	0.324902	1.578981	0.250000	-0.851532	-0.030390
1.152682	0.690251	0.324902	1.578981	0.250000	-0.851532	-0.030390
1.165699	0.690694	0.349055	1.529795	0.250000	-0.909640	-0.034806
1.171751	0.690694	0.349055	1.529795	0.250000	-0.909640	-0.034806
1.181796	0.690694	0.349055	1.529795	0.250000	-0.909640	-0.034806
1.191820	0.690694	0.349055	1.529795	0.250000	-0.909640	-0.034806
1.202352	0.690694	0.349055	1.529795	0.250000	-0.909640	-0.034806
1.212054	0.692214	0.373909	1.476155	0.250000	-0.954022	-0.039460
1.221920	0.692214	0.373909	1.476155	0.250000	-0.954022	-0.039460
1.231734	0.692214	0.373909	1.476155	0.250000	-0.954022	-0.039460
1.242317	0.692214	0.373909	1.476155	0.250000	-0.954022	-0.039460
1.251812	0.692214	0.373909	1.476155	0.250000	-0.954022	-0.039460
1.261908	0.692214	0.373909	1.476155	0.250000	-0.954022	-0.039460
1.272688	0.692214	0.373909	1.476155	0.250000	-0.954022	-0.039460
1.282314	0.692214	0.373909	1.476155	0.250000	-0.954022	-0.039460
1.292109	0.692214	0.373909	1.476155	0.250000	-0.954022	-0.039460
1.301895	0.692214	0.373909	1.476155	0.250000	-0.954022	-0.039460
1.312646	0.692214	0.373909	1.476155	0.250000	-0.954022	-0.039460
1.322368	0.694187	0.397369	1.427055	0.250000	-1.005852	-0.045611
1.331865	0.694187	0.397369	1.427055	0.250000	-1.005852	-0.045611
1.341966	0.694187	0.397369	1.427055	0.250000	-1.005852	-0.045611
1.351780	0.694187	0.397369	1.427055	0.250000	-1.005852	-0.045611
1.362375	0.694187	0.397369	1.427055	0.250000	-1.005852	-0.045611
1.371943	0.694187	0.397369	1.427055	0.250000	-1.005852	-0.045611
1.381867	0.694187	0.397369	1.427055	0.250000	-1.005852	-0.045611
1.391815	0.696488	0.414319	1.386227	0.250000	-1.017536	-0.048787
1.402104	0.696488	0.414319	1.386227	0.250000	-1.017536	-0.048787
1.411811	0.696488	0.414319	1.386227	0.250000	-1.017536	-0.048787
1.421839	0.696488	0.414319	1.386227	0.250000	-1.017536	-0.048787
1.431724	0.696488	0.414319	1.386227	0.250000	-1.017536	-0.048787
1.441875	0.696488	0.414319	1.386227	0.250000	-1.017536	-0.048787
1.451934	0.696488	0.414319	1.386227	0.250000	-1.017536	-0.048787
1.461932	0.696488	0.414319	1.386227	0.250000	-1.017536	-0.048787
1.471753	0.699311	0.431462	1.338501	0.250000	-1.032054	-0.053073
1.482493	0.699311	0.431462	1.338501	0.250000	-1.032054	-0.053073
1.492228	0.699311	0.431462	1.338501	0.250000	-1.032054	-0.053073
1.501961	0.699311	0.431462	1.338501	0.250000	-1.032054	-0.053073
1.511845	0.699311	0.431462	1.338501	0.250000	-1.032054	-0.053073
1.521907	0.699311	0.431462	1.338501	0.250000	-1.032054	-0.053073
1.531886	0.699311	0.431462	1.338501	0.250000	-1.032054	-0.053073
1.541752	0.705178	0.450477	1.289013	0.250000	-1.019879	-0.055141
1.551795	0.705178	0.450477	1.289013	0.250000	-1.019879	-0.055141
1.562456	0.705178	0.450477	1.289013	0.250000	-1.019879	-0.055141
1.571918	0.705178	0.450477	1.289013	0.250000	-1.019879	-0.055141
1.581835	0.705178	0.450477	1.289013	0.250000	-1.019879	-0.055141
1.591727	0.705178	0.450477	1.289013	0.250000	-1.019879	-0.055141
1.602458	0.711760	0.470084	1.238629	0.250000	-1.000612	-0.057107
1.611789	0.711760	0.470084	1.238629	0.250000	-1.000612	-0.057107
1.621837	0.711760	0.470084	1.238629	0.250000	-1.000612	-0.057107
1.631849	0.711760	0.470084	1.238629	0.250000	-1.000612	-0.057107
1.642511	0.711760	0.470084	1.238629	0.250000	-1.000612	-0.057107
1.652238	0.711760	0.470084	1.238629	0.250000	-1.000612	-0.057107
1.661999	0.711760	0.470084	1.238629	0.250000	-1.000612	-0.057107
1.671732	0.711760	0.470084	1.238629	0.250000	-1.000612	-0.057107
1.682472	0.711760	0.470084	1.238629	0.250000	-1.000612	-0.057107
1.692255	0.711760	0.470084	1.238629	0.250000	-1.000612	-0.057107
1.702096	0.711760	0.470084	1.238629	0.250000	-1.000612	-0.057107
1.711821	0.711760	0.470084	1.238629	0.250000	-1.000612	-0.057107
1.723756	0.711760	0.470084	1.238629	0.250000	-1.000612	-0.057107
1.732344	0.711760	0.470084	1.238629	0.250000	-1.000612	-0.057107
1.743096	0.711760	0.470084	1.238629	0.250000	-1.000612	-0.057107
1.751797	0.711760	0.470084	1.238629	0.250000	-1.000612	-0.057107
1.762512	0.721314	0.493025	1.185032	0.250000	-0.982525	-0.060348
1.771816	0.721314	0.493025	1.185032	0.250000	-0.982525	-0.060348
1.782078	0.721314	0.493025	1.185032	0.250000	-0.982525	-0.060348
1.791854	0.721314	0.493025	1.185032	0.250000	-0.982525	-0.060348
1.802793	0.721314	0.493025	1.185032	0.250000	-0.982525	-0.060348
1.812012	0.721314	0.493025	1.185032	0.250000	-0.982525	-0.060348
1.822074	0.721314	0.493025	1.185032	0.250000	-0.982525	-0.060348
1.832087	0.721314	0.493025	1.185032	0.250000	-0.982525	-0.060348
1.842604	0.721314	0.493025	1.185032	0.250000	-0.982525	-0.060348
1.852034	0.721314	0.493025	1.185032	0.250000	-0.982525	-0.060348
1.862077	0.721314	0.493025	1.185032	0.250000	-0.982525	-0.060348
1.871857	0.721314	0.493025	1.185032	0.250000	-0.982525	-0.060348
1.882548	0.721314	0.493025	1.185032	0.250000	-0.982525	-0.060348
1.891730	0.733236	0.517839	1.119509	0.250000	-0.915186	-0.060603
1.902101	0.733236	0.517839	1.119509	0.250000	-0.915186	-0.060603
1.912752	0.733236	0.517839	1.119509	0.250000	-0.915186	-0.060603
1.921994	0.733236	0.517839	1.119509	0.250000	-0.915186	-0.060603
1.931937	0.733236	0.517839	1.119509	0.250000	-0.915186	-0.060603
1.941938	0.733236	0.517839	1.119509	0.250000	-0.915186	-0.060603
1.951871	0.733236	0.517839	1.119509	0.250000	-0.915186	-0.060603
1.962652	0.733236	0.517839	1.119509	0.250000	-0.915186	-0.060603
1.974321	0.744764	0.540633	1.055561	0.250000	-0.828372	-0.059916
1.982059	0.744764	0.540633	1.055561	0.250000	-0.828372	-0.059916
1.991760	0.744764	0.540633	1.055561	0.250000	-0.828372	-0.059916
2.002612	0.744764	0.540633	1.055561	0.250000	-0.828372	-0.059916
2.011826	0.744764	0.540633	1.055561	0.250000	-0.828372	-0.059916
2.022166	0.744764	0.540633	1.055561	0.250000	-0.828372	-0.059916
2.032116	0.744764	0.540633	1.055561	0.250000	-0.828372	-0.059916
2.041799	0.744764	0.540633	1.055561	0.250000	-0.828372	-0.059916
2.054398	0.744764	0.540633	1.055561	0.250000	-0.828372	-0.059916
2.062208	0.744764	0.540633	1.055561	0.250000	-0.828372	-0.059916
2.071935	0.757639	0.562838	0.986953	0.250000	-0.693285	-0.056403
2.082665	0.757639	0.562838	0.986953	0.250000	-0.693285	-0.056403
2.092446	0.757639	0.562838	0.986953	0.250000	-0.693285	-0.056403
2.102227	0.757639	0.562838	0.986953	0.250000	-0.693285	-0.056403
2.113734	0.757639	0.562838	0.986953	0.250000	-0.693285	-0.056403
2.121856	0.757639	0.562838	0.986953	0.250000	-0.693285	-0.056403
2.132519	0.769844	0.580753	0.938564	0.250000	-0.558611	-0.051301
2.142263	0.769844	0.580753	0.938564	0.250000	-0.558611	-0.051301
2.151963	0.769844	0.580753	0.938564	0.250000	-0.558611	-0.051301
2.161765	0.769844	0.580753	0.938564	0.250000	-0.558611	-0.051301
2.171759	0.769844	0.580753	0.938564	0.250000	-0.558611	-0.051301
2.182207	0.769844	0.580753	0.938564	0.250000	-0.558611	-0.051301
2.191869	0.769844	0.580753	0.938564	0.250000	-0.558611	-0.051301
2.201728	0.769844	0.580753	0.938564	0.250000	-0.558611	-0.051301
2.211836	0.769844	0.580753	0.938564	0.250000	-0.558611	-0.051301
2.222151	0.769844	0.580753	0.938564	0.250000	-0.558611	-0.051301
2.232105	0.769844	0.580753	0.938564	0.250000	-0.558611	-0.051301
2.241751	0.769844	0.580753	0.938564	0.250000	-0.558611	-0.051301
2.252441	0.769844	0.580753	0.938564	0.250000	-0.558611	-0.051301
2.262252	0.785187	0.599471	0.874956	0.250000	-0.310604	-0.040032
2.271815	0.785187	0.599471	0.874956	0.250000	-0.310604	-0.040032
2.281824	0.785187	0.599471	0.874956	0.250000	-0.310604	-0.040032
2.291825	0.785187	0.599471	0.874956	0.250000	-0.310604	-0.040032
2.302265	0.785187	0.599471	0.874956	0.250000	-0.310604	-0.040032
2.311911	0.785187	0.599471	0.874956	0.250000	-0.310604	-0.040032
2.321811	0.785187	0.599471	0.874956	0.250000	-0.310604	-0.040032
2.331815	0.799080	0.612938	0.785630	0.250000	0.030832	-0.022309
2.342241	0.799080	0.612938	0.785630	0.250000	0.030832	-0.022309
2.352017	0.799080	0.612938	0.785630	0.250000	0.030832	-0.022309
2.361814	0.799080	0.612938	0.785630	0.250000	0.030832	-0.022309
2.371789	0.799080	0.612938	0.785630	0.250000	0.030832	-0.022309
2.382295	0.799080	0.612938	0.785630	0.250000	0.030832	-0.022309
2.392075	0.799080	0.612938	0.785630	0.250000	0.030832	-0.022309
2.401816	0.812400	0.626226	0.698726	0.250000	0.367937	-0.005954
2.411760	0.812400	0.626226	0.698726	0.250000	0.367937	-0.005954
2.422303	0.812400	0.626226	0.698726	0.250000	0.367937	-0.005954
2.432038	0.812400	0.626226	0.698726	0.250000	0.367937	-0.005954
2.441904	0.812400	0.626226	0.698726	0.250000	0.367937	-0.005954
2.452554	0.812400	0.626226	0.698726	0.250000	0.367937	-0.005954
2.462370	0.812400	0.626226	0.698726	0.250000	0.367937	-0.005954
2.471898	0.812400	0.626226	0.698726	0.250000	0.367937	-0.005954
2.481816	0.812400	0.626226	0.698726	0.250000	0.367937	-0.005954
2.492183	0.812400	0.626226	0.698726	0.250000	0.367937	-0.005954
2.501867	0.812400	0.626226	0.698726	0.250000	0.367937	-0.005954
2.511857	0.812400	0.626226	0.698726	0.250000	0.367937	-0.005954
2.521879	0.812400	0.626226	0.698726	0.250000	0.367937	-0.005954
2.531818	0.812400	0.626226	0.698726	0.250000	0.367937	-0.005954
2.542346	0.828937	0.640806	0.634966	0.250000	0.688062	0.009441
2.551805	0.828937	0.640806	0.634966	0.250000	0.688062	0.009441
2.561855	0.828937	0.640806	0.634966	0.250000	0.688062	0.009441
2.571762	0.828937	0.640806	0.634966	0.250000	0.688062	0.009441
2.582092	0.828937	0.640806	0.634966	0.250000	0.688062	0.009441
2.591873	0.828937	0.640806	0.634966	0.250000	0.688062	0.009441
2.601931	0.828937	0.640806	0.634966	0.250000	0.688062	0.009441
2.612607	0.828937	0.640806	0.634966	0.250000	0.688062	0.009441
2.622386	0.828937	0.640806	0.634966	0.250000	0.688062	0.009441
2.631929	0.828937	0.640806	0.634966	0.250000	0.688062	0.009441
2.641852	0.828937	0.640806	0.634966	0.250000	0.688062	0.009441
2.651753	0.828937	0.640806	0.634966	0.250000	0.688062	0.009441
2.662102	0.828937	0.640806	0.634966	0.250000	0.688062	0.009441
2.672169	0.850044	0.658455	0.622331	0.250000	0.907504	0.020433
2.681913	0.850044	0.658455	0.622331	0.250000	0.907504	0.020433
2.691901	0.850044	0.658455	0.622331	0.250000	0.907504	0.020433
2.702022	0.850044	0.658455	0.622331	0.250000	0.907504	0.020433
2.711950	0.850044	0.658455	0.622331	0.250000	0.907504	0.020433
2.721927	0.850044	0.658455	0.622331	0.250000	0.907504	0.020433
2.731991	0.850044	0.658455	0.622331	0.250000	0.907504	0.020433
2.741752	0.870809	0.673362	0.629817	0.250000	1.094492	0.031983
2.752168	0.870809	0.673362	0.629817	0.250000	1.094492	0.031983
2.762069	0.870809	0.673362	0.629817	0.250000	1.094492	0.031983
2.771764	0.870809	0.673362	0.629817	0.250000	1.094492	0.031983
2.781873	0.870809	0.673362	0.629817	0.250000	1.094492	0.031983
2.792218	0.870809	0.673362	0.629817	0.250000	1.094492	0.031983
2.802015	0.870809	0.673362	0.629817	0.250000	1.094492	0.031983
2.811827	0.870809	0.673362	0.629817	0.250000	1.094492	0.031983
2.822594	0.870809	0.673362	0.629817	0.250000	1.094492	0.031983
2.832119	0.870809	0.673362	0.629817	0.250000	1.094492	0.031983
2.842063	0.870809	0.673362	0.629817	0.250000	1.094492	0.031983
2.851824	0.870809	0.673362	0.629817	0.250000	1.094492	0.031983
2.862443	0.870809	0.673362	0.629817	0.250000	1.094492	0.031983
2.872037	0.891599	0.691248	0.674160	0.250000	1.203190	0.040815
2.882044	0.891599	0.691248	0.674160	0.250000	1.203190	0.040815
2.891792	0.891599	0.691248	0.674160	0.250000	1.203190	0.040815
2.902541	0.891599	0.691248	0.674160	0.250000	1.203190	0.040815
2.911880	0.891599	0.691248	0.674160	0.250000	1.203190	0.040815
2.922044	0.891599	0.691248	0.674160	0.250000	1.203190	0.040815
2.931778	0.891599	0.691248	0.674160	0.250000	1.203190	0.040815
2.942528	0.891599	0.691248	0.674160	0.250000	1.203190	0.040815
2.951680	0.891599	0.691248	0.674160	0.250000	1.203190	0.040815
2.962054	0.891599	0.691248	0.674160	0.250000	1.203190	0.040815
2.971903	0.891599	0.691248	0.674160	0.250000	1.203190	0.040815
2.982545	0.891599	0.691248	0.674160	0.250000	1.203190	0.040815
2.991772	0.891599	0.691248	0.674160	0.250000	1.203190	0.040815
3.002090	0.912431	0.711650	0.751005	0.250000	1.252608	0.048918
3.011778	0.912431	0.711650	0.751005	0.250000	1.252608	0.048918
3.021853	0.912431	0.711650	0.751005	0.250000	1.252608	0.048918
3.031879	0.912431	0.711650	0.751005	0.250000	1.252608	0.048918
3.042062	0.912431	0.711650	0.751005	0.250000	1.252608	0.048918
3.051951	0.930810	0.730165	0.830846	0.250000	1.280607	0.058454
3.062646	0.930810	0.730165	0.830846	0.250000	1.280607	0.058454
3.072722	0.930810	0.730165	0.830846	0.250000	1.280607	0.058454
3.082095	0.930810	0.730165	0.830846	0.250000	1.280607	0.058454
3.091877	0.930810	0.730165	0.830846	0.250000	1.280607	0.058454
3.102615	0.930810	0.730165	0.830846	0.250000	1.280607	0.058454
3.112270	0.943571	0.743296	0.888906	0.250000	1.273670	0.064297
3.121860	0.943571	0.743296	0.888906	0.250000	1.273670	0.064297
3.131919	0.943571	0.743296	0.888906	0.250000	1.273670	0.064297
3.142617	0.943571	0.743296	0.888906	0.250000	1.273670	0.064297
3.152381	0.943571	0.743296	0.888906	0.250000	1.273670	0.064297
3.162161	0.943571	0.743296	0.888906	0.250000	1.273670	0.064297
3.173593	0.952263	0.752702	0.920217	0.250000	1.289387	0.070157
3.182621	0.952263	0.752702	0.920217	0.250000	1.289387	0.070157
3.192385	0.952263	0.752702	0.920217	0.250000	1.289387	0.070157
3.202164	0.952263	0.752702	0.920217	0.250000	1.289387	0.070157
3.211949	0.952263	0.752702	0.920217	0.250000	1.289387	0.070157
3.221825	0.952263	0.752702	0.920217	0.250000	1.289387	0.070157
3.232418	0.962698	0.768367	0.956760	0.250000	1.296382	0.075344
3.242156	0.962698	0.768367	0.956760	0.250000	1.296382	0.075344
3.251894	0.962698	0.768367	0.956760	0.250000	1.296382	0.075344
3.262782	0.962698	0.768367	0.956760	0.250000	1.296382	0.075344
3.272453	0.962698	0.768367	0.956760	0.250000	1.296382	0.075344
3.282175	0.962698	0.768367	0.956760	0.250000	1.296382	0.075344
3.291955	0.962698	0.768367	0.956760	0.250000	1.296382	0.075344
3.303483	0.962698	0.768367	0.956760	0.250000	1.296382	0.075344
3.312407	0.962698	0.768367	0.956760	0.250000	1.296382	0.075344
3.322142	0.962698	0.768367	0.956760	0.250000	1.296382	0.075344
3.332035	0.962698	0.768367	0.956760	0.250000	1.296382	0.075344
3.341707	0.962698	0.768367	0.956760	0.250000	1.296382	0.075344
3.351770	0.974535	0.786347	1.008045	0.250000	1.297223	0.081379
3.362769	0.974535	0.786347	1.008045	0.250000	1.297223	0.081379
3.371937	0.974535	0.786347	1.008045	0.250000	1.297223	0.081379
3.381748	0.974535	0.786347	1.008045	0.250000	1.297223	0.081379
3.392519	0.974535	0.786347	1.008045	0.250000	1.297223	0.081379
3.402214	0.974535	0.786347	1.008045	0.250000	1.297223	0.081379
3.411974	0.982375	0.800710	1.058099	0.250000	1.281747	0.084710
3.421812	0.982375	0.800710	1.058099	0.250000	1.281747	0.084710
3.431803	0.982375	0.800710	1.058099	0.250000	1.281747	0.084710
3.442232	0.982375	0.800710	1.058099	0.250000	1.281747	0.084710
3.451807	0.982375	0.800710	1.058099	0.250000	1.281747	0.084710
3.461831	0.982375	0.800710	1.058099	0.250000	1.281747	0.084710
3.471927	0.982375	0.800710	1.058099	0.250000	1.281747	0.084710
3.482250	0.982375	0.800710	1.058099	0.250000	1.281747	0.084710
3.491830	0.982375	0.800710	1.058099	0.250000	1.281747	0.084710
3.501778	0.982375	0.800710	1.058099	0.250000	1.281747	0.084710
3.512902	0.988924	0.812610	1.133427	0.250000	1.216945	0.084184
3.522318	0.988924	0.812610	1.133427	0.250000	1.216945	0.084184
3.531906	0.988924	0.812610	1.133427	0.250000	1.216945	0.084184
3.541800	0.988924	0.812610	1.133427	0.250000	1.216945	0.084184
3.552671	0.988924	0.812610	1.133427	0.250000	1.216945	0.084184
3.562362	0.988924	0.812610	1.133427	0.250000	1.216945	0.084184
3.572028	0.994786	0.826684	1.177837	0.250000	1.193937	0.085198
3.581818	0.994786	0.826684	1.177837	0.250000	1.193937	0.085198
3.592563	0.994786	0.826684	1.177837	0.250000	1.193937	0.085198
3.602306	0.994786	0.826684	1.177837	0.250000	1.193937	0.085198
3.612062	0.994786	0.826684	1.177837	0.250000	1.193937	0.085198
3.621927	0.994786	0.826684	1.177837	0.250000	1.193937	0.085198
3.634651	0.994786	0.826684	1.177837	0.250000	1.193937	0.085198
3.642376	0.994786	0.826684	1.177837	0.250000	1.193937	0.085198
3.652068	0.994786	0.826684	1.177837	0.250000	1.193937	0.085198
3.661898	1.001677	0.845979	1.239003	0.250000	1.167173	0.086566
3.672605	1.001677	0.845979	1.239003	0.250000	1.167173	0.086566
3.682338	1.001677	0.845979	1.239003	0.250000	1.167173	0.086566
3.692153	1.001677	0.845979	1.239003	0.250000	1.167173	0.086566
3.701877	1.001677	0.845979	1.239003	0.250000	1.167173	0.086566
3.712552	1.001677	0.845979	1.239003	0.250000	1.167173	0.086566
3.722454	1.001677	0.845979	1.239003	0.250000	1.167173	0.086566
3.731955	1.001677	0.845979	1.239003	0.250000	1.167173	0.086566
3.741859	1.001677	0.845979	1.239003	0.250000	1.167173	0.086566
3.752577	1.001677	0.845979	1.239003	0.250000	1.167173	0.086566
3.762388	1.001677	0.845979	1.239003	0.250000	1.167173	0.086566
3.773216	1.001677	0.845979	1.239003	0.250000	1.167173	0.086566
3.781859	1.001677	0.845979	1.239003	0.250000	1.167173	0.086566
3.791747	1.007479	0.865344	1.276430	0.250000	1.166031	0.088534
3.802402	1.007479	0.865344	1.276430	0.250000	1.166031	0.088534
3.811800	1.007479	0.865344	1.276430	0.250000	1.166031	0.088534
3.821878	1.007479	0.865344	1.276430	0.250000	1.166031	0.088534
3.832689	1.011909	0.883878	1.329084	0.250000	1.140300	0.088381
3.842587	1.011909	0.883878	1.329084	0.250000	1.140300	0.088381
3.852178	1.011909	0.883878	1.329084	0.250000	1.140300	0.088381
3.861938	1.011909	0.883878	1.329084	0.250000	1.140300	0.088381
3.871763	1.011909	0.883878	1.329084	0.250000	1.140300	0.088381
3.882411	1.011909	0.883878	1.329084	0.250000	1.140300	0.088381
3.892209	1.011909	0.883878	1.329084	0.250000	1.140300	0.088381
3.901982	1.011909	0.883878	1.329084	0.250000	1.140300	0.088381
3.911759	1.011909	0.883878	1.329084	0.250000	1.140300	0.088381
3.921871	1.011909	0.883878	1.329084	0.250000	1.140300	0.088381
3.931884	1.011909	0.883878	1.329084	0.250000	1.140300	0.088381
3.942689	1.015771	0.904135	1.379759	0.250000	1.118195	0.088043
3.951764	1.015771	0.904135	1.379759	0.250000	1.118195	0.088043
3.962456	1.015771	0.904135	1.379759	0.250000	1.118195	0.088043
3.972177	1.015771	0.904135	1.379759	0.250000	1.118195	0.088043
3.981951	1.015771	0.904135	1.379759	0.250000	1.118195	0.088043
3.991781	1.015771	0.904135	1.379759	0.250000	1.118195	0.088043
4.002441	1.018665	0.923988	1.427114	0.250000	1.103519	0.087853
4.012320	1.018665	0.923988	1.427114	0.250000	1.103519	0.087853
4.022025	1.018665	0.923988	1.427114	0.250000	1.103519	0.087853
4.031913	1.018665	0.923988	1.427114	0.250000	1.103519	0.087853
4.042487	1.018665	0.923988	1.427114	0.250000	1.103519	0.087853
4.052307	1.018665	0.923988	1.427114	0.250000	1.103519	0.087853
4.062052	1.020731	0.941073	1.556822	0.250000	0.963373	0.078177
4.071718	1.020731	0.941073	1.556822	0.250000	0.963373	0.078177
4.082555	1.020731	0.941073	1.556822	0.250000	0.963373	0.078177
4.092285	1.020731	0.941073	1.556822	0.250000	0.963373	0.078177
4.102071	1.020731	0.941073	1.556822	0.250000	0.963373	0.078177
4.111756	1.020731	0.941073	1.556822	0.250000	0.963373	0.078177
4.122492	1.024266	0.959805	1.602629	0.250000	0.976643	0.079492
4.132308	1.024266	0.959805	1.602629	0.250000	0.976643	0.079492
4.142043	1.024266	0.959805	1.602629	0.250000	0.976643	0.079492
4.151788	1.024266	0.959805	1.602629	0.250000	0.976643	0.079492
4.162541	1.024266	0.959805	1.602629	0.250000	0.976643	0.079492
4.172280	1.023408	0.970396	1.646380	0.250000	0.936277	0.075477
4.182092	1.023408	0.970396	1.646380	0.250000	0.936277	0.075477
4.191803	1.023408	0.970396	1.646380	0.250000	0.936277	0.075477
4.202555	1.023408	0.970396	1.646380	0.250000	0.936277	0.075477
4.212309	1.023408	0.970396	1.646380	0.250000	0.936277	0.075477
4.222100	1.023663	0.984022	1.605632	0.250000	1.055280	0.083014
4.231914	1.023663	0.984022	1.605632	0.250000	1.055280	0.083014
4.242561	1.023663	0.984022	1.605632	0.250000	1.055280	0.083014
4.252314	1.023663	0.984022	1.605632	0.250000	1.055280	0.083014
4.262098	1.023663	0.984022	1.605632	0.250000	1.055280	0.083014
4.273792	1.023663	0.984022	1.605632	0.250000	1.055280	0.083014
4.282641	1.023663	0.984022	1.605632	0.250000	1.055280	0.083014
4.292360	1.023663	0.984022	1.605632	0.250000	1.055280	0.083014
4.302149	1.023663	0.984022	1.605632	0.250000	1.055280	0.083014
4.311873	1.023663	0.984022	1.605632	0.250000	1.055280	0.083014
4.321813	1.023663	0.984022	1.605632	0.250000	1.055280	0.083014
4.331773	1.023663	0.984022	1.605632	0.250000	1.055280	0.083014
4.342256	1.019094	0.995765	1.758486	0.250000	0.825959	0.064976
4.351808	1.019094	0.995765	1.758486	0.250000	0.825959	0.064976
4.362630	1.019094	0.995765	1.758486	0.250000	0.825959	0.064976
4.372347	1.019094	0.995765	1.758486	0.250000	0.825959	0.064976
4.382202	1.017473	1.015246	1.804793	0.250000	0.798174	0.064583
4.391902	1.017473	1.015246	1.804793	0.250000	0.798174	0.064583
4.402638	1.017473	1.015246	1.804793	0.250000	0.798174	0.064583
4.412382	1.017473	1.015246	1.804793	0.250000	0.798174	0.064583
4.422205	1.017473	1.015246	1.804793	0.250000	0.798174	0.064583
4.431911	1.017473	1.015246	1.804793	0.250000	0.798174	0.064583
4.441769	1.017473	1.015246	1.804793	0.250000	0.798174	0.064583
4.452408	1.017473	1.015246	1.804793	0.250000	0.798174	0.064583
4.462233	1.017473	1.015246	1.804793	0.250000	0.798174	0.064583
4.471936	1.017473	1.015246	1.804793	0.250000	0.798174	0.064583
4.482156	1.017473	1.015246	1.804793	0.250000	0.798174	0.064583
4.491762	1.017473	1.015246	1.804793	0.250000	0.798174	0.064583
4.502201	1.011557	1.031687	1.851435	0.250000	0.693473	0.059087
4.511928	1.011557	1.031687	1.851435	0.250000	0.693473	0.059087
4.522683	1.011557	1.031687	1.851435	0.250000	0.693473	0.059087
4.532515	1.011557	1.031687	1.851435	0.250000	0.693473	0.059087
4.542211	1.011557	1.031687	1.851435	0.250000	0.693473	0.059087
4.552122	1.011557	1.031687	1.851435	0.250000	0.693473	0.059087
4.561788	1.009959	1.052573	1.791606	0.250000	0.785005	0.072447
4.571958	1.009959	1.052573	1.791606	0.250000	0.785005	0.072447
4.582212	1.009959	1.052573	1.791606	0.250000	0.785005	0.072447
4.592004	1.009959	1.052573	1.791606	0.250000	0.785005	0.072447
4.601733	1.006755	1.072572	1.843444	0.250000	0.608245	0.067103
4.612592	1.006755	1.072572	1.843444	0.250000	0.608245	0.067103
4.622315	1.006755	1.072572	1.843444	0.250000	0.608245	0.067103
4.632001	1.006755	1.072572	1.843444	0.250000	0.608245	0.067103
4.641745	1.006755	1.072572	1.843444	0.250000	0.608245	0.067103
4.652499	1.006755	1.072572	1.843444	0.250000	0.608245	0.067103
4.662264	1.006755	1.072572	1.843444	0.250000	0.608245	0.067103
4.672014	1.006755	1.072572	1.843444	0.250000	0.608245	0.067103
4.681808	1.006755	1.072572	1.843444	0.250000	0.608245	0.067103
4.692502	1.006755	1.072572	1.843444	0.250000	0.608245	0.067103
4.702261	1.006755	1.072572	1.843444	0.250000	0.608245	0.067103
4.711959	1.002869	1.093566	2.011442	0.250000	0.166685	0.042104
4.721885	1.002869	1.093566	2.011442	0.250000	0.166685	0.042104
4.732652	1.002869	1.093566	2.011442	0.250000	0.166685	0.042104
4.742271	1.002869	1.093566	2.011442	0.250000	0.166685	0.042104
4.751814	1.002869	1.093566	2.011442	0.250000	0.166685	0.042104
4.761803	0.994329	1.104402	2.070903	0.250000	-0.053990	0.028151
4.771997	0.994329	1.104402	2.070903	0.250000	-0.053990	0.028151
4.782294	0.994329	1.104402	2.070903	0.250000	-0.053990	0.028151
4.792090	0.994329	1.104402	2.070903	0.250000	-0.053990	0.028151
4.803433	0.994329	1.104402	2.070903	0.250000	-0.053990	0.028151
4.811756	0.994329	1.104402	2.070903	0.250000	-0.053990	0.028151
4.822357	0.994329	1.104402	2.070903	0.250000	-0.053990	0.028151
4.832095	0.994329	1.104402	2.070903	0.250000	-0.053990	0.028151
4.841859	0.994329	1.104402	2.070903	0.250000	-0.053990	0.028151
4.852544	0.994329	1.104402	2.070903	0.250000	-0.053990	0.028151
4.862340	0.994329	1.104402	2.070903	0.250000	-0.053990	0.028151
4.872052	0.994329	1.104402	2.070903	0.250000	-0.053990	0.028151
4.881814	0.985394	1.121158	2.122466	0.250000	-0.309976	0.013931
4.892603	0.985394	1.121158	2.122466	0.250000	-0.309976	0.013931
4.901889	0.985394	1.121158	2.122466	0.250000	-0.309976	0.013931
4.911849	0.985394	1.121158	2.122466	0.250000	-0.309976	0.013931
4.921947	0.978297	1.139681	2.071178	0.250000	-0.293933	0.014829
4.932688	0.978297	1.139681	2.071178	0.250000	-0.293933	0.014829
4.942349	0.978297	1.139681	2.071178	0.250000	-0.293933	0.014829
4.952099	0.978297	1.139681	2.071178	0.250000	-0.293933	0.014829
4.961880	0.978297	1.139681	2.071178	0.250000	-0.293933	0.014829
4.971769	0.978297	1.139681	2.071178	0.250000	-0.293933	0.014829
4.982392	0.978297	1.139681	2.071178	0.250000	-0.293933	0.014829
4.992174	0.978297	1.139681	2.071178	0.250000	-0.293933	0.014829
5.001908	0.978297	1.139681	2.071178	0.250000	-0.293933	0.014829
5.011778	0.978297	1.139681	2.071178	0.250000	-0.293933	0.014829
5.022353	0.978297	1.139681	2.071178	0.250000	-0.293933	0.014829
5.031830	0.978297	1.139681	2.071178	0.250000	-0.293933	0.014829
5.041896	0.967850	1.161133	2.107079	0.250000	-0.529602	0.001104
5.051766	0.967850	1.161133	2.107079	0.250000	-0.529602	0.001104
5.062397	0.967850	1.161133	2.107079	0.250000	-0.529602	0.001104
5.072142	0.967850	1.161133	2.107079	0.250000	-0.529602	0.001104
5.081912	0.967850	1.161133	2.107079	0.250000	-0.529602	0.001104
5.091780	0.967850	1.161133	2.107079	0.250000	-0.529602	0.001104
5.102499	0.967850	1.161133	2.107079	0.250000	-0.529602	0.001104
5.112156	0.967850	1.161133	2.107079	0.250000	-0.529602	0.001104
5.125886	0.956582	1.183131	2.215658	0.250000	-0.886656	-0.018263
5.131767	0.956582	1.183131	2.215658	0.250000	-0.886656	-0.018263
5.142471	0.956582	1.183131	2.215658	0.250000	-0.886656	-0.018263
5.152283	0.956582	1.183131	2.215658	0.250000	-0.886656	-0.018263
5.161973	0.956582	1.183131	2.215658	0.250000	-0.886656	-0.018263
5.171704	0.956582	1.183131	2.215658	0.250000	-0.886656	-0.018263
5.182447	0.956582	1.183131	2.215658	0.250000	-0.886656	-0.018263
5.191861	0.956582	1.183131	2.215658	0.250000	-0.886656	-0.018263
5.202006	0.956582	1.183131	2.215658	0.250000	-0.886656	-0.018263
5.211823	0.956582	1.183131	2.215658	0.250000	-0.886656	-0.018263
5.222467	0.956582	1.183131	2.215658	0.250000	-0.886656	-0.018263
5.232265	0.956582	1.183131	2.215658	0.250000	-0.886656	-0.018263
5.242153	0.956582	1.183131	2.215658	0.250000	-0.886656	-0.018263
5.251760	0.941056	1.204309	2.307855	0.250000	-1.164272	-0.034186
5.262498	0.941056	1.204309	2.307855	0.250000	-1.164272	-0.034186
5.272312	0.941056	1.204309	2.307855	0.250000	-1.164272	-0.034186
5.281947	0.941056	1.204309	2.307855	0.250000	-1.164272	-0.034186
5.291834	0.941056	1.204309	2.307855	0.250000	-1.164272	-0.034186
5.302546	0.929448	1.226969	2.265038	0.250000	-1.205278	-0.040737
5.311809	0.929448	1.226969	2.265038	0.250000	-1.205278	-0.040737
5.322057	0.929448	1.226969	2.265038	0.250000	-1.205278	-0.040737
5.331798	0.929448	1.226969	2.265038	0.250000	-1.205278	-0.040737
5.342507	0.929448	1.226969	2.265038	0.250000	-1.205278	-0.040737
5.352286	0.929448	1.226969	2.265038	0.250000	-1.205278	-0.040737
5.362037	0.920042	1.240749	2.135575	0.250000	-1.100288	-0.042718
5.371830	0.920042	1.240749	2.135575	0.250000	-1.100288	-0.042718
5.382575	0.920042	1.240749	2.135575	0.250000	-1.100288	-0.042718
5.392341	0.920042	1.240749	2.135575	0.250000	-1.100288	-0.042718
5.402066	0.920042	1.240749	2.135575	0.250000	-1.100288	-0.042718
5.411799	0.920042	1.240749	2.135575	0.250000	-1.100288	-0.042718
5.422560	0.920042	1.240749	2.135575	0.250000	-1.100288	-0.042718
5.432314	0.920042	1.240749	2.135575	0.250000	-1.100288	-0.042718
5.442075	0.920042	1.240749	2.135575	0.250000	-1.100288	-0.042718
5.451803	0.920042	1.240749	2.135575	0.250000	-1.100288	-0.042718
5.462566	0.913200	1.264148	1.977766	0.250000	-0.886638	-0.038440
5.472314	0.913200	1.264148	1.977766	0.250000	-0.886638	-0.038440
5.482121	0.913200	1.264148	1.977766	0.250000	-0.886638	-0.038440
5.491912	0.913200	1.264148	1.977766	0.250000	-0.886638	-0.038440
5.502577	0.913200	1.264148	1.977766	0.250000	-0.886638	-0.038440
5.512358	0.913200	1.264148	1.977766	0.250000	-0.886638	-0.038440
5.522095	0.905431	1.278278	1.939567	0.250000	-0.877190	-0.043134
5.532035	0.905431	1.278278	1.939567	0.250000	-0.877190	-0.043134
5.542587	0.905431	1.278278	1.939567	0.250000	-0.877190	-0.043134
5.551792	0.905431	1.278278	1.939567	0.250000	-0.877190	-0.043134
5.561801	0.905431	1.278278	1.939567	0.250000	-0.877190	-0.043134
5.571900	0.905431	1.278278	1.939567	0.250000	-0.877190	-0.043134
5.582620	0.905431	1.278278	1.939567	0.250000	-0.877190	-0.043134
5.592381	0.905431	1.278278	1.939567	0.250000	-0.877190	-0.043134
5.602146	0.905431	1.278278	1.939567	0.250000	-0.877190	-0.043134
5.611879	0.905431	1.278278	1.939567	0.250000	-0.877190	-0.043134
5.622574	0.905431	1.278278	1.939567	0.250000	-0.877190	-0.043134
5.631749	0.898208	1.305549	1.883011	0.250000	-0.789263	-0.043971
5.642198	0.898208	1.305549	1.883011	0.250000	-0.789263	-0.043971
5.651808	0.898208	1.305549	1.883011	0.250000	-0.789263	-0.043971
5.662608	0.898208	1.305549	1.883011	0.250000	-0.789263	-0.043971
5.672422	0.898208	1.305549	1.883011	0.250000	-0.789263	-0.043971
5.682165	0.898208	1.305549	1.883011	0.250000	-0.789263	-0.043971
5.691978	0.890645	1.313678	1.836286	0.250000	-0.743649	-0.046084
5.701832	0.890645	1.313678	1.836286	0.250000	-0.743649	-0.046084
5.712436	0.890645	1.313678	1.836286	0.250000	-0.743649	-0.046084
5.722345	0.890645	1.313678	1.836286	0.250000	-0.743649	-0.046084
5.732035	0.890645	1.313678	1.836286	0.250000	-0.743649	-0.046084
5.742676	0.890645	1.313678	1.836286	0.250000	-0.743649	-0.046084
5.751720	0.890645	1.313678	1.836286	0.250000	-0.743649	-0.046084
5.762299	0.886065	1.328950	1.794233	0.250000	-0.658076	-0.045175
5.771954	0.886065	1.328950	1.794233	0.250000	-0.658076	-0.045175
5.781749	0.886065	1.328950	1.794233	0.250000	-0.658076	-0.045175
5.791921	0.886065	1.328950	1.794233	0.250000	-0.658076	-0.045175
5.802251	0.886065	1.328950	1.794233	0.250000	-0.658076	-0.045175
5.811979	0.886065	1.328950	1.794233	0.250000	-0.658076	-0.045175
5.822738	0.886065	1.328950	1.794233	0.250000	-0.658076	-0.045175
5.831881	0.886065	1.328950	1.794233	0.250000	-0.658076	-0.045175
5.842212	0.886065	1.328950	1.794233	0.250000	-0.658076	-0.045175
5.852005	0.880237	1.333193	1.885204	0.250000	-0.882968	-0.061827
5.861772	0.880237	1.333193	1.885204	0.250000	-0.882968	-0.061827
5.871788	0.880237	1.333193	1.885204	0.250000	-0.882968	-0.061827
5.882230	0.880237	1.333193	1.885204	0.250000	-0.882968	-0.061827
5.891849	0.880237	1.333193	1.885204	0.250000	-0.882968	-0.061827
5.901892	0.880237	1.333193	1.885204	0.250000	-0.882968	-0.061827
5.912505	0.877345	1.346747	1.849918	0.250000	-0.796357	-0.059417
5.922272	0.877345	1.346747	1.849918	0.250000	-0.796357	-0.059417
5.932070	0.877345	1.346747	1.849918	0.250000	-0.796357	-0.059417
5.941742	0.877345	1.346747	1.849918	0.250000	-0.796357	-0.059417
5.951772	0.877345	1.346747	1.849918	0.250000	-0.796357	-0.059417
5.962290	0.877345	1.346747	1.849918	0.250000	-0.796357	-0.059417
5.972038	0.875099	1.365041	1.792439	0.250000	-0.641006	-0.051868
