t	x(t)	y(t)	theta(t)	v(t)	gamma(t)	efa
0.003360	0.694297	0.155904	1.606996	0.250000	-0.008931	-0.006902
0.008467	0.694297	0.155904	1.606996	0.250000	-0.008931	-0.006902
0.014197	0.694297	0.155904	1.606996	0.250000	-0.008931	-0.006902
0.024763	0.694297	0.155904	1.606996	0.250000	-0.008931	-0.006902
0.034445	0.694297	0.155904	1.606996	0.250000	-0.008931	-0.006902
0.043945	0.694297	0.155904	1.606996	0.250000	-0.008931	-0.006902
0.053943	0.694297	0.155904	1.606996	0.250000	-0.008931	-0.006902
0.064726	0.694297	0.155904	1.606996	0.250000	-0.008931	-0.006902
0.074418	0.694297	0.155904	1.606996	0.250000	-0.008931	-0.006902
0.083939	0.694297	0.155904	1.606996	0.250000	-0.008931	-0.006902
0.093952	0.694297	0.155904	1.606996	0.250000	-0.008931	-0.006902
0.103882	0.694297	0.155904	1.606996	0.250000	-0.008931	-0.006902
0.113867	0.694297	0.155904	1.606996	0.250000	-0.008931	-0.006902
0.124236	0.694297	0.155904	1.606996	0.250000	-0.008931	-0.006902
0.134001	0.694297	0.155904	1.606996	0.250000	-0.008931	-0.006902
0.143826	0.694297	0.155904	1.606996	0.250000	-0.008931	-0.006902
0.154471	0.694297	0.155904	1.606996	0.250000	-0.008931	-0.006902
0.164268	0.694297	0.155904	1.606996	0.250000	-0.008931	-0.006902
0.173946	0.694297	0.155904	1.606996	0.250000	-0.008931	-0.006902
0.184777	0.694297	0.155904	1.606996	0.250000	-0.008931	-0.006902
0.193926	0.694297	0.155904	1.606996	0.250000	-0.008931	-0.006902
0.204405	0.694297	0.155904	1.606996	0.250000	-0.008931	-0.006902
0.213940	0.694297	0.155904	1.606996	0.250000	-0.008931	-0.006902
0.223898	0.694297	0.155904	1.606996	0.250000	-0.008931	-0.006902
0.233912	0.696840	0.156163	1.602815	0.250000	0.032497	-0.003785
0.244646	0.696840	0.156163	1.602815	0.250000	0.032497	-0.003785
0.254050	0.696840	0.156163	1.602815	0.250000	0.032497	-0.003785
0.263891	0.696840	0.156163	1.602815	0.250000	0.032497	-0.003785
0.273883	0.696840	0.156163	1.602815	0.250000	0.032497	-0.003785
0.283976	0.696840	0.156163	1.602815	0.250000	0.032497	-0.003785
0.294024	0.696840	0.156163	1.602815	0.250000	0.032497	-0.003785
0.303908	0.696840	0.156163	1.602815	0.250000	0.032497	-0.003785
0.313883	0.696880	0.162252	1.603256	0.250000	0.035018	-0.003056
0.323967	0.696880	0.162252	1.603256	0.250000	0.035018	-0.003056
0.334072	0.696880	0.162252	1.603256	0.250000	0.035018	-0.003056
0.343880	0.696880	0.162252	1.603256	0.250000	0.035018	-0.003056
0.353875	0.696880	0.162252	1.603256	0.250000	0.035018	-0.003056
0.363867	0.696591	0.172343	1.597539	0.250000	0.045526	-0.001518
0.373904	0.696591	0.172343	1.597539	0.250000	0.045526	-0.001518
0.383942	0.696591	0.172343	1.597539	0.250000	0.045526	-0.001518
0.394587	0.696591	0.172343	1.597539	0.250000	0.045526	-0.001518
0.404393	0.696591	0.172343	1.597539	0.250000	0.045526	-0.001518
0.413895	0.696591	0.172343	1.597539	0.250000	0.045526	-0.001518
0.423937	0.696591	0.172343	1.597539	0.250000	0.045526	-0.001518
0.434577	0.696088	0.185965	1.593106	0.250000	0.036156	-0.000324
0.444336	0.696088	0.185965	1.593106	0.250000	0.036156	-0.000324
0.453953	0.696088	0.185965	1.593106	0.250000	0.036156	-0.000324
0.463945	0.696088	0.185965	1.593106	0.250000	0.036156	-0.000324
0.473891	0.696088	0.185965	1.593106	0.250000	0.036156	-0.000324
0.483880	0.696088	0.185965	1.593106	0.250000	0.036156	-0.000324
0.494101	0.694996	0.200378	1.596677	0.250000	-0.019444	-0.001294
0.504850	0.694996	0.200378	1.596677	0.250000	-0.019444	-0.001294
0.514596	0.694996	0.200378	1.596677	0.250000	-0.019444	-0.001294
0.524454	0.694996	0.200378	1.596677	0.250000	-0.019444	-0.001294
0.534132	0.694996	0.200378	1.596677	0.250000	-0.019444	-0.001294
0.544144	0.694996	0.200378	1.596677	0.250000	-0.019444	-0.001294
0.554622	0.694996	0.200378	1.596677	0.250000	-0.019444	-0.001294
0.564407	0.694996	0.200378	1.596677	0.250000	-0.019444	-0.001294
0.574060	0.694996	0.200378	1.596677	0.250000	-0.019444	-0.001294
0.583919	0.694996	0.200378	1.596677	0.250000	-0.019444	-0.001294
0.593899	0.694996	0.200378	1.596677	0.250000	-0.019444	-0.001294
0.603853	0.694196	0.218435	1.598026	0.250000	-0.103576	-0.002425
0.613948	0.694196	0.218435	1.598026	0.250000	-0.103576	-0.002425
0.623936	0.694196	0.218435	1.598026	0.250000	-0.103576	-0.002425
0.634654	0.694196	0.218435	1.598026	0.250000	-0.103576	-0.002425
0.644112	0.694196	0.218435	1.598026	0.250000	-0.103576	-0.002425
0.653944	0.694196	0.218435	1.598026	0.250000	-0.103576	-0.002425
0.664104	0.694196	0.218435	1.598026	0.250000	-0.103576	-0.002425
0.674668	0.694196	0.218435	1.598026	0.250000	-0.103576	-0.002425
0.684474	0.693379	0.237758	1.594808	0.250000	-0.224694	-0.004670
0.693946	0.693379	0.237758	1.594808	0.250000	-0.224694	-0.004670
0.703962	0.693379	0.237758	1.594808	0.250000	-0.224694	-0.004670
0.714656	0.693379	0.237758	1.594808	0.250000	-0.224694	-0.004670
0.724472	0.693379	0.237758	1.594808	0.250000	-0.224694	-0.004670
0.733954	0.693379	0.237758	1.594808	0.250000	-0.224694	-0.004670
0.743986	0.693379	0.237758	1.594808	0.250000	-0.224694	-0.004670
0.755184	0.693379	0.237758	1.594808	0.250000	-0.224694	-0.004670
0.765856	0.693379	0.237758	1.594808	0.250000	-0.224694	-0.004670
0.774496	0.693379	0.237758	1.594808	0.250000	-0.224694	-0.004670
0.784009	0.693379	0.237758	1.594808	0.250000	-0.224694	-0.004670
0.793905	0.693379	0.237758	1.594808	0.250000	-0.224694	-0.004670
0.803892	0.693379	0.237758	1.594808	0.250000	-0.224694	-0.004670
0.813939	0.693379	0.237758	1.594808	0.250000	-0.224694	-0.004670
0.823972	0.692344	0.264313	1.578817	0.250000	-0.385695	-0.008776
0.833870	0.692344	0.264313	1.578817	0.250000	-0.385695	-0.008776
0.843911	0.692344	0.264313	1.578817	0.250000	-0.385695	-0.008776
0.853931	0.692344	0.264313	1.578817	0.250000	-0.385695	-0.008776
0.864118	0.692344	0.264313	1.578817	0.250000	-0.385695	-0.008776
0.874736	0.692344	0.264313	1.578817	0.250000	-0.385695	-0.008776
0.884475	0.692344	0.264313	1.578817	0.250000	-0.385695	-0.008776
0.894259	0.692344	0.264313	1.578817	0.250000	-0.385695	-0.008776
0.903925	0.692344	0.264313	1.578817	0.250000	-0.385695	-0.008776
0.913893	0.692344	0.264313	1.578817	0.250000	-0.385695	-0.008776
0.923906	0.692344	0.264313	1.578817	0.250000	-0.385695	-0.008776
0.933932	0.687855	0.297457	1.572331	0.250000	-0.664202	-0.021851
0.944057	0.687855	0.297457	1.572331	0.250000	-0.664202	-0.021851
0.954792	0.687855	0.297457	1.572331	0.250000	-0.664202	-0.021851
0.964019	0.687855	0.297457	1.572331	0.250000	-0.664202	-0.021851
0.974288	0.687855	0.297457	1.572331	0.250000	-0.664202	-0.021851
0.984042	0.687855	0.297457	1.572331	0.250000	-0.664202	-0.021851
0.993800	0.687855	0.297457	1.572331	0.250000	-0.664202	-0.021851
1.004255	0.686833	0.325657	1.559216	0.250000	-0.842804	-0.031055
1.013923	0.686833	0.325657	1.559216	0.250000	-0.842804	-0.031055
1.024017	0.686833	0.325657	1.559216	0.250000	-0.842804	-0.031055
1.033905	0.686833	0.325657	1.559216	0.250000	-0.842804	-0.031055
1.044012	0.686833	0.325657	1.559216	0.250000	-0.842804	-0.031055
1.054372	0.686833	0.325657	1.559216	0.250000	-0.842804	-0.031055
1.064129	0.686833	0.325657	1.559216	0.250000	-0.842804	-0.031055
1.073866	0.687872	0.348347	1.534093	0.250000	-0.948117	-0.037120
1.083838	0.687872	0.348347	1.534093	0.250000	-0.948117	-0.037120
1.093885	0.687872	0.348347	1.534093	0.250000	-0.948117	-0.037120
1.104021	0.687872	0.348347	1.534093	0.250000	-0.948117	-0.037120
1.113985	0.687872	0.348347	1.534093	0.250000	-0.948117	-0.037120
1.123869	0.687872	0.348347	1.534093	0.250000	-0.948117	-0.037120
1.133940	0.692266	0.361487	1.502110	0.250000	-0.949919	-0.036511
1.144555	0.692266	0.361487	1.502110	0.250000	-0.949919	-0.036511
1.153919	0.692266	0.361487	1.502110	0.250000	-0.949919	-0.036511
1.164930	0.692266	0.361487	1.502110	0.250000	-0.949919	-0.036511
1.174424	0.692266	0.361487	1.502110	0.250000	-0.949919	-0.036511
1.183990	0.692266	0.361487	1.502110	0.250000	-0.949919	-0.036511
1.193901	0.692266	0.361487	1.502110	0.250000	-0.949919	-0.036511
1.204655	0.692266	0.361487	1.502110	0.250000	-0.949919	-0.036511
1.214446	0.692266	0.361487	1.502110	0.250000	-0.949919	-0.036511
1.224236	0.692266	0.361487	1.502110	0.250000	-0.949919	-0.036511
1.233999	0.692266	0.361487	1.502110	0.250000	-0.949919	-0.036511
1.244681	0.692266	0.361487	1.502110	0.250000	-0.949919	-0.036511
1.254384	0.692266	0.361487	1.502110	0.250000	-0.949919	-0.036511
1.264205	0.694170	0.382896	1.455401	0.250000	-1.006933	-0.041805
1.273914	0.694170	0.382896	1.455401	0.250000	-1.006933	-0.041805
1.283799	0.694170	0.382896	1.455401	0.250000	-1.006933	-0.041805
1.293892	0.694170	0.382896	1.455401	0.250000	-1.006933	-0.041805
1.304061	0.694170	0.382896	1.455401	0.250000	-1.006933	-0.041805
1.313950	0.694170	0.382896	1.455401	0.250000	-1.006933	-0.041805
1.323884	0.695428	0.402328	1.415267	0.250000	-1.058072	-0.047755
1.333903	0.695428	0.402328	1.415267	0.250000	-1.058072	-0.047755
1.344238	0.695428	0.402328	1.415267	0.250000	-1.058072	-0.047755
1.353999	0.695428	0.402328	1.415267	0.250000	-1.058072	-0.047755
1.363911	0.695428	0.402328	1.415267	0.250000	-1.058072	-0.047755
1.374444	0.695428	0.402328	1.415267	0.250000	-1.058072	-0.047755
1.384331	0.695428	0.402328	1.415267	0.250000	-1.058072	-0.047755
1.395083	0.695428	0.402328	1.415267	0.250000	-1.058072	-0.047755
1.404762	0.695428	0.402328	1.415267	0.250000	-1.058072	-0.047755
1.414495	0.695428	0.402328	1.415267	0.250000	-1.058072	-0.047755
1.424344	0.695428	0.402328	1.415267	0.250000	-1.058072	-0.047755
1.434014	0.695428	0.402328	1.415267	0.250000	-1.058072	-0.047755
1.443828	0.695428	0.402328	1.415267	0.250000	-1.058072	-0.047755
1.454466	0.699232	0.424927	1.364053	0.250000	-1.071163	-0.051665
1.463983	0.699232	0.424927	1.364053	0.250000	-1.071163	-0.051665
1.474004	0.699232	0.424927	1.364053	0.250000	-1.071163	-0.051665
1.483925	0.699232	0.424927	1.364053	0.250000	-1.071163	-0.051665
1.493903	0.699232	0.424927	1.364053	0.250000	-1.071163	-0.051665
1.504314	0.699232	0.424927	1.364053	0.250000	-1.071163	-0.051665
1.514019	0.699232	0.424927	1.364053	0.250000	-1.071163	-0.051665
1.523876	0.699232	0.424927	1.364053	0.250000	-1.071163	-0.051665
1.534544	0.699232	0.424927	1.364053	0.250000	-1.071163	-0.051665
1.544308	0.699232	0.424927	1.364053	0.250000	-1.071163	-0.051665
1.554018	0.699232	0.424927	1.364053	0.250000	-1.071163	-0.051665
1.564031	0.700079	0.448191	1.318732	0.250000	-1.140698	-0.062273
1.573908	0.700079	0.448191	1.318732	0.250000	-1.140698	-0.062273
1.583921	0.700079	0.448191	1.318732	0.250000	-1.140698	-0.062273
1.593996	0.700079	0.448191	1.318732	0.250000	-1.140698	-0.062273
1.603943	0.700079	0.448191	1.318732	0.250000	-1.140698	-0.062273
1.613974	0.700079	0.448191	1.318732	0.250000	-1.140698	-0.062273
1.623996	0.700079	0.448191	1.318732	0.250000	-1.140698	-0.062273
1.634173	0.706912	0.471788	1.267993	0.250000	-1.150321	-0.067669
1.643889	0.706912	0.471788	1.267993	0.250000	-1.150321	-0.067669
1.653882	0.706912	0.471788	1.267993	0.250000	-1.150321	-0.067669
1.664336	0.706912	0.471788	1.267993	0.250000	-1.150321	-0.067669
1.674080	0.706912	0.471788	1.267993	0.250000	-1.150321	-0.067669
1.683840	0.706912	0.471788	1.267993	0.250000	-1.150321	-0.067669
1.693883	0.713459	0.491775	1.220980	0.250000	-1.139769	-0.071615
1.704512	0.713459	0.491775	1.220980	0.250000	-1.139769	-0.071615
1.713990	0.713459	0.491775	1.220980	0.250000	-1.139769	-0.071615
1.723940	0.713459	0.491775	1.220980	0.250000	-1.139769	-0.071615
1.734643	0.713459	0.491775	1.220980	0.250000	-1.139769	-0.071615
1.744444	0.713459	0.491775	1.220980	0.250000	-1.139769	-0.071615
1.753952	0.713459	0.491775	1.220980	0.250000	-1.139769	-0.071615
1.763936	0.713459	0.491775	1.220980	0.250000	-1.139769	-0.071615
1.774620	0.713459	0.491775	1.220980	0.250000	-1.139769	-0.071615
1.784407	0.713459	0.491775	1.220980	0.250000	-1.139769	-0.071615
1.794190	0.713459	0.491775	1.220980	0.250000	-1.139769	-0.071615
1.803999	0.713459	0.491775	1.220980	0.250000	-1.139769	-0.071615
1.814646	0.713459	0.491775	1.220980	0.250000	-1.139769	-0.071615
1.824564	0.725406	0.508924	1.179889	0.250000	-1.101885	-0.071992
1.834213	0.725406	0.508924	1.179889	0.250000	-1.101885	-0.071992
1.844507	0.725406	0.508924	1.179889	0.250000	-1.101885	-0.071992
1.854656	0.725406	0.508924	1.179889	0.250000	-1.101885	-0.071992
1.863913	0.725406	0.508924	1.179889	0.250000	-1.101885	-0.071992
1.874166	0.725406	0.508924	1.179889	0.250000	-1.101885	-0.071992
1.883917	0.725406	0.508924	1.179889	0.250000	-1.101885	-0.071992
1.894695	0.725406	0.508924	1.179889	0.250000	-1.101885	-0.071992
1.904452	0.725406	0.508924	1.179889	0.250000	-1.101885	-0.071992
1.914217	0.725406	0.508924	1.179889	0.250000	-1.101885	-0.071992
1.923973	0.725406	0.508924	1.179889	0.250000	-1.101885	-0.071992
1.933796	0.735520	0.530729	1.127420	0.250000	-1.056218	-0.074398
1.943926	0.735520	0.530729	1.127420	0.250000	-1.056218	-0.074398
1.954220	0.735520	0.530729	1.127420	0.250000	-1.056218	-0.074398
1.964023	0.735520	0.530729	1.127420	0.250000	-1.056218	-0.074398
1.974709	0.735520	0.530729	1.127420	0.250000	-1.056218	-0.074398
1.984485	0.735520	0.530729	1.127420	0.250000	-1.056218	-0.074398
1.993992	0.735520	0.530729	1.127420	0.250000	-1.056218	-0.074398
2.005270	0.735520	0.530729	1.127420	0.250000	-1.056218	-0.074398
2.013905	0.735520	0.530729	1.127420	0.250000	-1.056218	-0.074398
2.023929	0.745319	0.550515	1.077349	0.250000	-0.996569	-0.075937
2.033983	0.745319	0.550515	1.077349	0.250000	-0.996569	-0.075937
2.043994	0.745319	0.550515	1.077349	0.250000	-0.996569	-0.075937
2.053933	0.745319	0.550515	1.077349	0.250000	-0.996569	-0.075937
2.063905	0.745319	0.550515	1.077349	0.250000	-0.996569	-0.075937
2.073893	0.754761	0.568102	1.023359	0.250000	-0.906626	-0.075154
2.083925	0.754761	0.568102	1.023359	0.250000	-0.906626	-0.075154
2.093899	0.754761	0.568102	1.023359	0.250000	-0.906626	-0.075154
2.104053	0.754761	0.568102	1.023359	0.250000	-0.906626	-0.075154
2.114161	0.754761	0.568102	1.023359	0.250000	-0.906626	-0.075154
2.123983	0.754761	0.568102	1.023359	0.250000	-0.906626	-0.075154
2.133977	0.760844	0.574622	0.983296	0.250000	-0.815900	-0.069638
2.143915	0.760844	0.574622	0.983296	0.250000	-0.815900	-0.069638
2.154308	0.760844	0.574622	0.983296	0.250000	-0.815900	-0.069638
2.164069	0.760844	0.574622	0.983296	0.250000	-0.815900	-0.069638
2.173884	0.760844	0.574622	0.983296	0.250000	-0.815900	-0.069638
2.183932	0.760844	0.574622	0.983296	0.250000	-0.815900	-0.069638
2.194311	0.760844	0.574622	0.983296	0.250000	-0.815900	-0.069638
2.204077	0.769709	0.586696	0.946083	0.250000	-0.713515	-0.065989
2.213923	0.769709	0.586696	0.946083	0.250000	-0.713515	-0.065989
2.223918	0.769709	0.586696	0.946083	0.250000	-0.713515	-0.065989
2.233880	0.769709	0.586696	0.946083	0.250000	-0.713515	-0.065989
2.244018	0.769709	0.586696	0.946083	0.250000	-0.713515	-0.065989
2.253855	0.769709	0.586696	0.946083	0.250000	-0.713515	-0.065989
2.263903	0.773492	0.599904	0.916935	0.250000	-0.653439	-0.067012
2.273896	0.773492	0.599904	0.916935	0.250000	-0.653439	-0.067012
2.284027	0.773492	0.599904	0.916935	0.250000	-0.653439	-0.067012
2.293948	0.773492	0.599904	0.916935	0.250000	-0.653439	-0.067012
2.303952	0.773492	0.599904	0.916935	0.250000	-0.653439	-0.067012
2.314358	0.773492	0.599904	0.916935	0.250000	-0.653439	-0.067012
2.324080	0.784313	0.616114	0.883382	0.250000	-0.511778	-0.062177
2.333883	0.784313	0.616114	0.883382	0.250000	-0.511778	-0.062177
2.344635	0.784313	0.616114	0.883382	0.250000	-0.511778	-0.062177
2.354420	0.784313	0.616114	0.883382	0.250000	-0.511778	-0.062177
2.364185	0.784313	0.616114	0.883382	0.250000	-0.511778	-0.062177
2.374045	0.784313	0.616114	0.883382	0.250000	-0.511778	-0.062177
2.383901	0.784313	0.616114	0.883382	0.250000	-0.511778	-0.062177
2.393894	0.784313	0.616114	0.883382	0.250000	-0.511778	-0.062177
2.404022	0.784313	0.616114	0.883382	0.250000	-0.511778	-0.062177
2.413914	0.784313	0.616114	0.883382	0.250000	-0.511778	-0.062177
2.424700	0.784313	0.616114	0.883382	0.250000	-0.511778	-0.062177
2.434066	0.784313	0.616114	0.883382	0.250000	-0.511778	-0.062177
2.444154	0.794960	0.627091	0.834515	0.250000	-0.293469	-0.050698
2.453928	0.794960	0.627091	0.834515	0.250000	-0.293469	-0.050698
2.464669	0.794960	0.627091	0.834515	0.250000	-0.293469	-0.050698
2.473883	0.794960	0.627091	0.834515	0.250000	-0.293469	-0.050698
2.483953	0.794960	0.627091	0.834515	0.250000	-0.293469	-0.050698
2.493949	0.794960	0.627091	0.834515	0.250000	-0.293469	-0.050698
2.503905	0.794960	0.627091	0.834515	0.250000	-0.293469	-0.050698
2.514421	0.794960	0.627091	0.834515	0.250000	-0.293469	-0.050698
2.524201	0.811826	0.637617	0.775960	0.250000	0.040624	-0.031485
2.534053	0.811826	0.637617	0.775960	0.250000	0.040624	-0.031485
2.543902	0.811826	0.637617	0.775960	0.250000	0.040624	-0.031485
2.554446	0.811826	0.637617	0.775960	0.250000	0.040624	-0.031485
2.564219	0.811826	0.637617	0.775960	0.250000	0.040624	-0.031485
2.573906	0.824380	0.648744	0.721592	0.250000	0.329159	-0.016951
2.584747	0.824380	0.648744	0.721592	0.250000	0.329159	-0.016951
2.594493	0.824380	0.648744	0.721592	0.250000	0.329159	-0.016951
2.604241	0.824380	0.648744	0.721592	0.250000	0.329159	-0.016951
2.613992	0.824380	0.648744	0.721592	0.250000	0.329159	-0.016951
2.623893	0.824380	0.648744	0.721592	0.250000	0.329159	-0.016951
2.634168	0.835341	0.659239	0.671898	0.250000	0.567557	-0.005352
2.643968	0.835341	0.659239	0.671898	0.250000	0.567557	-0.005352
2.654016	0.835341	0.659239	0.671898	0.250000	0.567557	-0.005352
2.664807	0.835341	0.659239	0.671898	0.250000	0.567557	-0.005352
2.673899	0.835341	0.659239	0.671898	0.250000	0.567557	-0.005352
2.683936	0.835341	0.659239	0.671898	0.250000	0.567557	-0.005352
2.693920	0.835341	0.659239	0.671898	0.250000	0.567557	-0.005352
2.703879	0.835341	0.659239	0.671898	0.250000	0.567557	-0.005352
2.714513	0.835341	0.659239	0.671898	0.250000	0.567557	-0.005352
2.723992	0.835341	0.659239	0.671898	0.250000	0.567557	-0.005352
2.733944	0.835341	0.659239	0.671898	0.250000	0.567557	-0.005352
2.745145	0.835341	0.659239	0.671898	0.250000	0.567557	-0.005352
2.754550	0.835341	0.659239	0.671898	0.250000	0.567557	-0.005352
2.764332	0.847444	0.666387	0.633298	0.250000	0.771112	0.005659
2.773980	0.847444	0.666387	0.633298	0.250000	0.771112	0.005659
2.784806	0.847444	0.666387	0.633298	0.250000	0.771112	0.005659
2.794627	0.847444	0.666387	0.633298	0.250000	0.771112	0.005659
2.804252	0.847444	0.666387	0.633298	0.250000	0.771112	0.005659
2.814105	0.847444	0.666387	0.633298	0.250000	0.771112	0.005659
2.823807	0.847444	0.666387	0.633298	0.250000	0.771112	0.005659
2.834579	0.860898	0.675199	0.606433	0.250000	0.970940	0.016393
2.844348	0.860898	0.675199	0.606433	0.250000	0.970940	0.016393
2.854062	0.860898	0.675199	0.606433	0.250000	0.970940	0.016393
2.863851	0.860898	0.675199	0.606433	0.250000	0.970940	0.016393
2.873880	0.860898	0.675199	0.606433	0.250000	0.970940	0.016393
2.884433	0.860898	0.675199	0.606433	0.250000	0.970940	0.016393
2.893938	0.860898	0.675199	0.606433	0.250000	0.970940	0.016393
2.904353	0.875493	0.686245	0.610214	0.250000	1.117104	0.024711
2.914609	0.875493	0.686245	0.610214	0.250000	1.117104	0.024711
2.924480	0.875493	0.686245	0.610214	0.250000	1.117104	0.024711
2.934118	0.875493	0.686245	0.610214	0.250000	1.117104	0.024711
2.943884	0.875493	0.686245	0.610214	0.250000	1.117104	0.024711
2.954653	0.875493	0.686245	0.610214	0.250000	1.117104	0.024711
2.964453	0.888668	0.697218	0.633288	0.250000	1.170208	0.028306
2.974128	0.888668	0.697218	0.633288	0.250000	1.170208	0.028306
2.983893	0.888668	0.697218	0.633288	0.250000	1.170208	0.028306
2.994683	0.888668	0.697218	0.633288	0.250000	1.170208	0.028306
3.004082	0.888668	0.697218	0.633288	0.250000	1.170208	0.028306
3.013951	0.888668	0.697218	0.633288	0.250000	1.170208	0.028306
3.023935	0.888668	0.697218	0.633288	0.250000	1.170208	0.028306
3.033887	0.888668	0.697218	0.633288	0.250000	1.170208	0.028306
3.043897	0.888668	0.697218	0.633288	0.250000	1.170208	0.028306
3.053932	0.888668	0.697218	0.633288	0.250000	1.170208	0.028306
3.064083	0.888668	0.697218	0.633288	0.250000	1.170208	0.028306
3.073899	0.888668	0.697218	0.633288	0.250000	1.170208	0.028306
3.083961	0.903893	0.713223	0.699649	0.250000	1.250958	0.035765
3.094325	0.903893	0.713223	0.699649	0.250000	1.250958	0.035765
3.103946	0.903893	0.713223	0.699649	0.250000	1.250958	0.035765
3.114692	0.903893	0.713223	0.699649	0.250000	1.250958	0.035765
3.124435	0.903893	0.713223	0.699649	0.250000	1.250958	0.035765
3.134233	0.903893	0.713223	0.699649	0.250000	1.250958	0.035765
3.143952	0.903893	0.713223	0.699649	0.250000	1.250958	0.035765
3.154705	0.917541	0.728128	0.769155	0.250000	1.281934	0.041908
3.164310	0.917541	0.728128	0.769155	0.250000	1.281934	0.041908
3.174302	0.917541	0.728128	0.769155	0.250000	1.281934	0.041908
3.183968	0.917541	0.728128	0.769155	0.250000	1.281934	0.041908
3.193886	0.917541	0.728128	0.769155	0.250000	1.281934	0.041908
3.204829	0.928898	0.737332	0.835351	0.250000	1.280458	0.047034
3.214273	0.928898	0.737332	0.835351	0.250000	1.280458	0.047034
3.224110	0.928898	0.737332	0.835351	0.250000	1.280458	0.047034
3.234759	0.928898	0.737332	0.835351	0.250000	1.280458	0.047034
3.244531	0.928898	0.737332	0.835351	0.250000	1.280458	0.047034
3.254235	0.928898	0.737332	0.835351	0.250000	1.280458	0.047034
3.263965	0.928898	0.737332	0.835351	0.250000	1.280458	0.047034
3.273896	0.938681	0.748207	0.879946	0.250000	1.292969	0.052444
3.283889	0.938681	0.748207	0.879946	0.250000	1.292969	0.052444
3.293976	0.938681	0.748207	0.879946	0.250000	1.292969	0.052444
3.304048	0.938681	0.748207	0.879946	0.250000	1.292969	0.052444
3.313912	0.938681	0.748207	0.879946	0.250000	1.292969	0.052444
3.323954	0.938681	0.748207	0.879946	0.250000	1.292969	0.052444
3.334546	0.947697	0.757540	0.924712	0.250000	1.306212	0.058580
3.344057	0.947697	0.757540	0.924712	0.250000	1.306212	0.058580
3.353919	0.947697	0.757540	0.924712	0.250000	1.306212	0.058580
3.363927	0.947697	0.757540	0.924712	0.250000	1.306212	0.058580
3.374031	0.947697	0.757540	0.924712	0.250000	1.306212	0.058580
3.383993	0.947697	0.757540	0.924712	0.250000	1.306212	0.058580
3.393874	0.947697	0.757540	0.924712	0.250000	1.306212	0.058580
3.404621	0.956822	0.771226	0.962439	0.250000	1.312448	0.063176
3.414322	0.956822	0.771226	0.962439	0.250000	1.312448	0.063176
3.424093	0.956822	0.771226	0.962439	0.250000	1.312448	0.063176
3.433832	0.956822	0.771226	0.962439	0.250000	1.312448	0.063176
3.444584	0.956822	0.771226	0.962439	0.250000	1.312448	0.063176
3.454304	0.956822	0.771226	0.962439	0.250000	1.312448	0.063176
3.464139	0.956822	0.771226	0.962439	0.250000	1.312448	0.063176
3.473912	0.956822	0.771226	0.962439	0.250000	1.312448	0.063176
3.483890	0.956822	0.771226	0.962439	0.250000	1.312448	0.063176
3.494374	0.956822	0.771226	0.962439	0.250000	1.312448	0.063176
3.503990	0.956822	0.771226	0.962439	0.250000	1.312448	0.063176
3.513867	0.956822	0.771226	0.962439	0.250000	1.312448	0.063176
3.524626	0.965936	0.785186	1.008436	0.250000	1.323720	0.069419
3.534377	0.965936	0.785186	1.008436	0.250000	1.323720	0.069419
3.544024	0.965936	0.785186	1.008436	0.250000	1.323720	0.069419
3.553960	0.965936	0.785186	1.008436	0.250000	1.323720	0.069419
3.563950	0.965936	0.785186	1.008436	0.250000	1.323720	0.069419
3.573877	0.965936	0.785186	1.008436	0.250000	1.323720	0.069419
3.583962	0.965936	0.785186	1.008436	0.250000	1.323720	0.069419
3.593909	0.965936	0.785186	1.008436	0.250000	1.323720	0.069419
3.603910	0.965936	0.785186	1.008436	0.250000	1.323720	0.069419
3.613925	0.965936	0.785186	1.008436	0.250000	1.323720	0.069419
3.624035	0.965936	0.785186	1.008436	0.250000	1.323720	0.069419
3.633880	0.965936	0.785186	1.008436	0.250000	1.323720	0.069419
3.644663	0.974468	0.800438	1.047249	0.250000	1.339214	0.075480
3.654445	0.974468	0.800438	1.047249	0.250000	1.339214	0.075480
3.664233	0.974468	0.800438	1.047249	0.250000	1.339214	0.075480
3.673937	0.974468	0.800438	1.047249	0.250000	1.339214	0.075480
3.683882	0.974468	0.800438	1.047249	0.250000	1.339214	0.075480
3.693810	0.974468	0.800438	1.047249	0.250000	1.339214	0.075480
3.704150	0.985078	0.820579	1.113308	0.250000	1.326436	0.081107
3.714899	0.985078	0.820579	1.113308	0.250000	1.326436	0.081107
3.724005	0.985078	0.820579	1.113308	0.250000	1.326436	0.081107
3.734127	0.985078	0.820579	1.113308	0.250000	1.326436	0.081107
3.744000	0.985078	0.820579	1.113308	0.250000	1.326436	0.081107
3.754040	0.985078	0.820579	1.113308	0.250000	1.326436	0.081107
3.763936	0.985078	0.820579	1.113308	0.250000	1.326436	0.081107
3.773903	0.985078	0.820579	1.113308	0.250000	1.326436	0.081107
3.783980	0.985078	0.820579	1.113308	0.250000	1.326436	0.081107
3.793960	0.985078	0.820579	1.113308	0.250000	1.326436	0.081107
3.804141	0.985078	0.820579	1.113308	0.250000	1.326436	0.081107
3.814483	0.985078	0.820579	1.113308	0.250000	1.326436	0.081107
3.823962	0.985078	0.820579	1.113308	0.250000	1.326436	0.081107
3.834003	0.986728	0.846814	1.183771	0.250000	1.274854	0.079890
3.844794	0.986728	0.846814	1.183771	0.250000	1.274854	0.079890
3.854496	0.986728	0.846814	1.183771	0.250000	1.274854	0.079890
3.863969	0.986728	0.846814	1.183771	0.250000	1.274854	0.079890
3.873913	0.986728	0.846814	1.183771	0.250000	1.274854	0.079890
3.883889	0.986728	0.846814	1.183771	0.250000	1.274854	0.079890
3.896595	0.986728	0.846814	1.183771	0.250000	1.274854	0.079890
3.904302	0.986728	0.846814	1.183771	0.250000	1.274854	0.079890
3.914041	0.986728	0.846814	1.183771	0.250000	1.274854	0.079890
3.924906	0.986728	0.846814	1.183771	0.250000	1.274854	0.079890
3.934542	0.986728	0.846814	1.183771	0.250000	1.274854	0.079890
3.943931	0.986728	0.846814	1.183771	0.250000	1.274854	0.079890
3.953911	0.995020	0.869285	1.285821	0.250000	1.211974	0.082015
3.963898	0.995020	0.869285	1.285821	0.250000	1.211974	0.082015
3.973901	0.995020	0.869285	1.285821	0.250000	1.211974	0.082015
3.983916	0.995020	0.869285	1.285821	0.250000	1.211974	0.082015
3.994088	0.995020	0.869285	1.285821	0.250000	1.211974	0.082015
4.004807	0.995020	0.869285	1.285821	0.250000	1.211974	0.082015
4.014562	1.002476	0.893452	1.347628	0.250000	1.209660	0.087233
4.024360	1.002476	0.893452	1.347628	0.250000	1.209660	0.087233
4.034207	1.002476	0.893452	1.347628	0.250000	1.209660	0.087233
4.044889	1.002476	0.893452	1.347628	0.250000	1.209660	0.087233
4.054641	1.002476	0.893452	1.347628	0.250000	1.209660	0.087233
4.063960	1.002476	0.893452	1.347628	0.250000	1.209660	0.087233
4.073967	1.002476	0.893452	1.347628	0.250000	1.209660	0.087233
4.083844	1.011561	0.901501	1.377811	0.250000	1.226356	0.094190
4.094420	1.011561	0.901501	1.377811	0.250000	1.226356	0.094190
4.103892	1.011561	0.901501	1.377811	0.250000	1.226356	0.094190
4.114054	1.011561	0.901501	1.377811	0.250000	1.226356	0.094190
4.123899	1.011561	0.901501	1.377811	0.250000	1.226356	0.094190
4.133973	1.011561	0.901501	1.377811	0.250000	1.226356	0.094190
4.144346	1.013811	0.917350	1.387074	0.250000	1.254336	0.097944
4.154258	1.013811	0.917350	1.387074	0.250000	1.254336	0.097944
4.164155	1.013811	0.917350	1.387074	0.250000	1.254336	0.097944
4.173979	1.013811	0.917350	1.387074	0.250000	1.254336	0.097944
4.183902	1.013811	0.917350	1.387074	0.250000	1.254336	0.097944
4.194122	1.015643	0.930856	1.413829	0.250000	1.246068	0.098922
4.204077	1.015643	0.930856	1.413829	0.250000	1.246068	0.098922
4.213925	1.015643	0.930856	1.413829	0.250000	1.246068	0.098922
4.223901	1.015643	0.930856	1.413829	0.250000	1.246068	0.098922
4.234019	1.015643	0.930856	1.413829	0.250000	1.246068	0.098922
4.243932	1.015643	0.930856	1.413829	0.250000	1.246068	0.098922
4.253915	1.015643	0.930856	1.413829	0.250000	1.246068	0.098922
4.263819	1.020611	0.952654	1.466206	0.250000	1.236073	0.103574
4.273917	1.020611	0.952654	1.466206	0.250000	1.236073	0.103574
4.283911	1.020611	0.952654	1.466206	0.250000	1.236073	0.103574
4.294762	1.020611	0.952654	1.466206	0.250000	1.236073	0.103574
4.304578	1.020611	0.952654	1.466206	0.250000	1.236073	0.103574
4.314010	1.020611	0.952654	1.466206	0.250000	1.236073	0.103574
4.323987	1.020611	0.952654	1.466206	0.250000	1.236073	0.103574
4.334764	1.020611	0.952654	1.466206	0.250000	1.236073	0.103574
4.344448	1.020611	0.952654	1.466206	0.250000	1.236073	0.103574
4.354056	1.020611	0.952654	1.466206	0.250000	1.236073	0.103574
4.363977	1.020611	0.952654	1.466206	0.250000	1.236073	0.103574
4.373892	1.020611	0.952654	1.466206	0.250000	1.236073	0.103574
4.383858	1.021910	0.969364	1.511320	0.250000	1.198413	0.103614
4.393942	1.021910	0.969364	1.511320	0.250000	1.198413	0.103614
4.404108	1.021910	0.969364	1.511320	0.250000	1.198413	0.103614
4.413897	1.021910	0.969364	1.511320	0.250000	1.198413	0.103614
4.423929	1.021910	0.969364	1.511320	0.250000	1.198413	0.103614
4.433953	1.021910	0.969364	1.511320	0.250000	1.198413	0.103614
4.443999	1.021910	0.969364	1.511320	0.250000	1.198413	0.103614
4.453901	1.021910	0.969364	1.511320	0.250000	1.198413	0.103614
4.464385	1.021910	0.969364	1.511320	0.250000	1.198413	0.103614
4.473959	1.021910	0.969364	1.511320	0.250000	1.198413	0.103614
4.483987	1.021910	0.969364	1.511320	0.250000	1.198413	0.103614
4.494796	1.021910	0.969364	1.511320	0.250000	1.198413	0.103614
4.504522	1.019525	0.987914	1.583404	0.250000	1.106018	0.098972
4.514270	1.019525	0.987914	1.583404	0.250000	1.106018	0.098972
4.524076	1.019525	0.987914	1.583404	0.250000	1.106018	0.098972
4.533834	1.019525	0.987914	1.583404	0.250000	1.106018	0.098972
4.543912	1.019525	0.987914	1.583404	0.250000	1.106018	0.098972
4.554390	1.019525	0.987914	1.583404	0.250000	1.106018	0.098972
4.564027	1.019525	0.987914	1.583404	0.250000	1.106018	0.098972
4.573874	1.019525	0.987914	1.583404	0.250000	1.106018	0.098972
4.583881	1.019525	0.987914	1.583404	0.250000	1.106018	0.098972
4.593920	1.019525	0.987914	1.583404	0.250000	1.106018	0.098972
4.604032	1.019525	0.987914	1.583404	0.250000	1.106018	0.098972
4.614094	1.019525	0.987914	1.583404	0.250000	1.106018	0.098972
4.623918	1.019525	0.987914	1.583404	0.250000	1.106018	0.098972
4.634472	1.015477	1.008926	1.651687	0.250000	0.995901	0.092912
4.643985	1.015477	1.008926	1.651687	0.250000	0.995901	0.092912
4.653857	1.015477	1.008926	1.651687	0.250000	0.995901	0.092912
4.663915	1.015477	1.008926	1.651687	0.250000	0.995901	0.092912
4.674021	1.015477	1.008926	1.651687	0.250000	0.995901	0.092912
4.683958	1.015477	1.008926	1.651687	0.250000	0.995901	0.092912
4.693893	1.013134	1.033691	1.724368	0.250000	0.865868	0.087033
4.704071	1.013134	1.033691	1.724368	0.250000	0.865868	0.087033
4.714391	1.013134	1.033691	1.724368	0.250000	0.865868	0.087033
4.724148	1.013134	1.033691	1.724368	0.250000	0.865868	0.087033
4.734061	1.013134	1.033691	1.724368	0.250000	0.865868	0.087033
4.744618	1.013134	1.033691	1.724368	0.250000	0.865868	0.087033
4.754066	1.013134	1.033691	1.724368	0.250000	0.865868	0.087033
4.764149	1.013134	1.033691	1.724368	0.250000	0.865868	0.087033
4.775772	1.013134	1.033691	1.724368	0.250000	0.865868	0.087033
4.783887	1.013134	1.033691	1.724368	0.250000	0.865868	0.087033
4.793925	1.013134	1.033691	1.724368	0.250000	0.865868	0.087033
4.804075	1.013134	1.033691	1.724368	0.250000	0.865868	0.087033
4.813943	1.013134	1.033691	1.724368	0.250000	0.865868	0.087033
4.823965	1.007499	1.056664	1.786285	0.250000	0.699379	0.077432
4.834001	1.007499	1.056664	1.786285	0.250000	0.699379	0.077432
4.843949	1.007499	1.056664	1.786285	0.250000	0.699379	0.077432
4.853919	1.007499	1.056664	1.786285	0.250000	0.699379	0.077432
4.863900	1.007499	1.056664	1.786285	0.250000	0.699379	0.077432
4.874387	1.002360	1.078332	1.847279	0.250000	0.516922	0.066674
4.883928	1.002360	1.078332	1.847279	0.250000	0.516922	0.066674
4.893939	1.002360	1.078332	1.847279	0.250000	0.516922	0.066674
4.904895	1.002360	1.078332	1.847279	0.250000	0.516922	0.066674
4.914443	1.002360	1.078332	1.847279	0.250000	0.516922	0.066674
4.924180	1.002360	1.078332	1.847279	0.250000	0.516922	0.066674
4.935712	1.002360	1.078332	1.847279	0.250000	0.516922	0.066674
4.944669	1.002360	1.078332	1.847279	0.250000	0.516922	0.066674
4.954423	0.995103	1.095389	2.014765	0.250000	0.059606	0.037235
4.964218	0.995103	1.095389	2.014765	0.250000	0.059606	0.037235
4.976156	0.995103	1.095389	2.014765	0.250000	0.059606	0.037235
4.984092	0.995103	1.095389	2.014765	0.250000	0.059606	0.037235
4.994600	0.995103	1.095389	2.014765	0.250000	0.059606	0.037235
5.003944	0.991912	1.115476	2.057107	0.250000	-0.121235	0.028356
5.013948	0.991912	1.115476	2.057107	0.250000	-0.121235	0.028356
5.023973	0.991912	1.115476	2.057107	0.250000	-0.121235	0.028356
5.034554	0.991912	1.115476	2.057107	0.250000	-0.121235	0.028356
5.044262	0.991912	1.115476	2.057107	0.250000	-0.121235	0.028356
5.053960	0.991912	1.115476	2.057107	0.250000	-0.121235	0.028356
5.064734	0.985480	1.131425	2.098440	0.250000	-0.283372	0.019263
5.074470	0.985480	1.131425	2.098440	0.250000	-0.283372	0.019263
5.084229	0.985480	1.131425	2.098440	0.250000	-0.283372	0.019263
5.094023	0.985480	1.131425	2.098440	0.250000	-0.283372	0.019263
5.104902	0.985480	1.131425	2.098440	0.250000	-0.283372	0.019263
5.114490	0.985480	1.131425	2.098440	0.250000	-0.283372	0.019263
5.124277	0.985480	1.131425	2.098440	0.250000	-0.283372	0.019263
5.134067	0.980856	1.147066	2.033227	0.250000	-0.222570	0.021840
5.143888	0.980856	1.147066	2.033227	0.250000	-0.222570	0.021840
5.153921	0.980856	1.147066	2.033227	0.250000	-0.222570	0.021840
5.163982	0.980856	1.147066	2.033227	0.250000	-0.222570	0.021840
5.174976	0.980856	1.147066	2.033227	0.250000	-0.222570	0.021840
5.184016	0.980856	1.147066	2.033227	0.250000	-0.222570	0.021840
5.193929	0.980856	1.147066	2.033227	0.250000	-0.222570	0.021840
5.204024	0.980856	1.147066	2.033227	0.250000	-0.222570	0.021840
5.213941	0.980856	1.147066	2.033227	0.250000	-0.222570	0.021840
5.223920	0.980856	1.147066	2.033227	0.250000	-0.222570	0.021840
5.233896	0.980856	1.147066	2.033227	0.250000	-0.222570	0.021840
5.244329	0.980856	1.147066	2.033227	0.250000	-0.222570	0.021840
5.253933	0.960247	1.156163	2.083018	0.250000	-0.571084	-0.002761
5.263939	0.960247	1.156163	2.083018	0.250000	-0.571084	-0.002761
5.274546	0.960247	1.156163	2.083018	0.250000	-0.571084	-0.002761
5.284310	0.960247	1.156163	2.083018	0.250000	-0.571084	-0.002761
5.293936	0.960247	1.156163	2.083018	0.250000	-0.571084	-0.002761
5.303929	0.960247	1.156163	2.083018	0.250000	-0.571084	-0.002761
5.314577	0.960247	1.156163	2.083018	0.250000	-0.571084	-0.002761
5.324365	0.960247	1.156163	2.083018	0.250000	-0.571084	-0.002761
5.334068	0.960247	1.156163	2.083018	0.250000	-0.571084	-0.002761
5.343901	0.960247	1.156163	2.083018	0.250000	-0.571084	-0.002761
5.353874	0.960247	1.156163	2.083018	0.250000	-0.571084	-0.002761
5.363915	0.960247	1.156163	2.083018	0.250000	-0.571084	-0.002761
5.374065	0.960247	1.156163	2.083018	0.250000	-0.571084	-0.002761
5.383863	0.948100	1.166787	2.208911	0.250000	-0.937518	-0.023392
5.393893	0.948100	1.166787	2.208911	0.250000	-0.937518	-0.023392
5.404396	0.948100	1.166787	2.208911	0.250000	-0.937518	-0.023392
5.413934	0.948100	1.166787	2.208911	0.250000	-0.937518	-0.023392
5.423958	0.948100	1.166787	2.208911	0.250000	-0.937518	-0.023392
5.434106	0.948100	1.166787	2.208911	0.250000	-0.937518	-0.023392
5.443910	0.933841	1.187433	2.314114	0.250000	-1.229025	-0.040031
5.454141	0.933841	1.187433	2.314114	0.250000	-1.229025	-0.040031
5.463905	0.933841	1.187433	2.314114	0.250000	-1.229025	-0.040031
5.474626	0.933841	1.187433	2.314114	0.250000	-1.229025	-0.040031
5.484426	0.933841	1.187433	2.314114	0.250000	-1.229025	-0.040031
5.494203	0.933841	1.187433	2.314114	0.250000	-1.229025	-0.040031
5.503899	0.922068	1.210722	2.286098	0.250000	-1.274800	-0.045927
5.514652	0.922068	1.210722	2.286098	0.250000	-1.274800	-0.045927
5.524451	0.922068	1.210722	2.286098	0.250000	-1.274800	-0.045927
5.533969	0.922068	1.210722	2.286098	0.250000	-1.274800	-0.045927
5.543908	0.922068	1.210722	2.286098	0.250000	-1.274800	-0.045927
5.553891	0.922068	1.210722	2.286098	0.250000	-1.274800	-0.045927
5.564464	0.922068	1.210722	2.286098	0.250000	-1.274800	-0.045927
5.574066	0.913350	1.231597	2.140681	0.250000	-1.156082	-0.047657
5.584018	0.913350	1.231597	2.140681	0.250000	-1.156082	-0.047657
5.593909	0.913350	1.231597	2.140681	0.250000	-1.156082	-0.047657
5.603896	0.913350	1.231597	2.140681	0.250000	-1.156082	-0.047657
5.614058	0.913350	1.231597	2.140681	0.250000	-1.156082	-0.047657
5.624009	0.913350	1.231597	2.140681	0.250000	-1.156082	-0.047657
5.634702	0.913350	1.231597	2.140681	0.250000	-1.156082	-0.047657
5.644494	0.913350	1.231597	2.140681	0.250000	-1.156082	-0.047657
5.654231	0.913350	1.231597	2.140681	0.250000	-1.156082	-0.047657
5.664017	0.913350	1.231597	2.140681	0.250000	-1.156082	-0.047657
5.674745	0.913350	1.231597	2.140681	0.250000	-1.156082	-0.047657
5.684487	0.913350	1.231597	2.140681	0.250000	-1.156082	-0.047657
5.694241	0.913350	1.231597	2.140681	0.250000	-1.156082	-0.047657
5.703992	0.903664	1.249967	1.976642	0.250000	-0.964357	-0.045325
5.713843	0.903664	1.249967	1.976642	0.250000	-0.964357	-0.045325
5.724500	0.903664	1.249967	1.976642	0.250000	-0.964357	-0.045325
5.734272	0.903664	1.249967	1.976642	0.250000	-0.964357	-0.045325
5.744031	0.903664	1.249967	1.976642	0.250000	-0.964357	-0.045325
5.754308	0.903664	1.249967	1.976642	0.250000	-0.964357	-0.045325
5.763955	0.903664	1.249967	1.976642	0.250000	-0.964357	-0.045325
5.775917	0.904126	1.263784	1.910965	0.250000	-0.833994	-0.039757
5.783973	0.904126	1.263784	1.910965	0.250000	-0.833994	-0.039757
5.793910	0.904126	1.263784	1.910965	0.250000	-0.833994	-0.039757
5.803930	0.904126	1.263784	1.910965	0.250000	-0.833994	-0.039757
5.813945	0.904126	1.263784	1.910965	0.250000	-0.833994	-0.039757
5.824005	0.904126	1.263784	1.910965	0.250000	-0.833994	-0.039757
5.833848	0.904126	1.263784	1.910965	0.250000	-0.833994	-0.039757
5.844545	0.904126	1.263784	1.910965	0.250000	-0.833994	-0.039757
5.854302	0.904126	1.263784	1.910965	0.250000	-0.833994	-0.039757
5.864059	0.904126	1.263784	1.910965	0.250000	-0.833994	-0.039757
5.874786	0.904126	1.263784	1.910965	0.250000	-0.833994	-0.039757
5.883865	0.895071	1.285931	1.846586	0.250000	-0.774367	-0.043501
5.893864	0.895071	1.285931	1.846586	0.250000	-0.774367	-0.043501
5.904095	0.895071	1.285931	1.846586	0.250000	-0.774367	-0.043501
5.913909	0.895071	1.285931	1.846586	0.250000	-0.774367	-0.043501
5.924618	0.895071	1.285931	1.846586	0.250000	-0.774367	-0.043501
5.934384	0.895071	1.285931	1.846586	0.250000	-0.774367	-0.043501
5.943981	0.895071	1.285931	1.846586	0.250000	-0.774367	-0.043501
5.953851	0.877623	1.296333	1.798451	0.250000	-0.809479	-0.054604
5.963939	0.877623	1.296333	1.798451	0.250000	-0.809479	-0.054604
5.973868	0.877623	1.296333	1.798451	0.250000	-0.809479	-0.054604
5.983975	0.877623	1.296333	1.798451	0.250000	-0.809479	-0.054604
5.993884	0.877623	1.296333	1.798451	0.250000	-0.809479	-0.054604
6.004590	0.877623	1.296333	1.798451	0.250000	-0.809479	-0.054604
6.014369	0.877623	1.296333	1.798451	0.250000	-0.809479	-0.054604
6.024224	0.877623	1.296333	1.798451	0.250000	-0.809479	-0.054604
6.033921	0.877623	1.296333	1.798451	0.250000	-0.809479	-0.054604
6.044628	0.877623	1.296333	1.798451	0.250000	-0.809479	-0.054604
6.054413	0.877623	1.296333	1.798451	0.250000	-0.809479	-0.054604
6.063992	0.864008	1.319144	1.759546	0.250000	-0.789611	-0.063578
6.073899	0.864008	1.319144	1.759546	0.250000	-0.789611	-0.063578
6.084689	0.864008	1.319144	1.759546	0.250000	-0.789611	-0.063578
6.093946	0.864008	1.319144	1.759546	0.250000	-0.789611	-0.063578
6.104141	0.864008	1.319144	1.759546	0.250000	-0.789611	-0.063578
6.113910	0.864008	1.319144	1.759546	0.250000	-0.789611	-0.063578
6.123894	0.864008	1.319144	1.759546	0.250000	-0.789611	-0.063578
6.135584	0.860189	1.339659	1.713994	0.250000	-0.658221	-0.060079
6.144161	0.860189	1.339659	1.713994	0.250000	-0.658221	-0.060079
6.153930	0.860189	1.339659	1.713994	0.250000	-0.658221	-0.060079
6.164084	0.860189	1.339659	1.713994	0.250000	-0.658221	-0.060079
6.174096	0.860189	1.339659	1.713994	0.250000	-0.658221	-0.060079
6.184246	0.860189	1.339659	1.713994	0.250000	-0.658221	-0.060079
6.194125	0.869624	1.367245	1.665841	0.250000	-0.403446	-0.040949
