t	x(t)	y(t)	theta(t)	v(t)	gamma(t)	efa
0.000377	0.696832	0.153887	1.602700	0.250000	0.031833	-0.003850
0.003347	0.696832	0.153887	1.602700	0.250000	0.031833	-0.003850
0.010999	0.696832	0.153887	1.602700	0.250000	0.031833	-0.003850
0.020878	0.696832	0.153887	1.602700	0.250000	0.031833	-0.003850
0.031046	0.696832	0.153887	1.602700	0.250000	0.031833	-0.003850
0.041319	0.696832	0.153887	1.602700	0.250000	0.031833	-0.003850
0.051163	0.696832	0.153887	1.602700	0.250000	0.031833	-0.003850
0.060895	0.696832	0.153887	1.602700	0.250000	0.031833	-0.003850
0.070877	0.696832	0.153887	1.602700	0.250000	0.031833	-0.003850
0.080884	0.696832	0.153887	1.602700	0.250000	0.031833	-0.003850
0.091092	0.696832	0.153887	1.602700	0.250000	0.031833	-0.003850
0.100907	0.696832	0.153887	1.602700	0.250000	0.031833	-0.003850
0.110891	0.696832	0.153887	1.602700	0.250000	0.031833	-0.003850
0.120991	0.696832	0.153887	1.602700	0.250000	0.031833	-0.003850
0.131087	0.696832	0.153887	1.602700	0.250000	0.031833	-0.003850
0.140865	0.696832	0.153887	1.602700	0.250000	0.031833	-0.003850
0.150978	0.696309	0.153903	1.603831	0.250000	0.022591	-0.004528
0.160908	0.696309	0.153903	1.603831	0.250000	0.022591	-0.004528
0.171101	0.696309	0.153903	1.603831	0.250000	0.022591	-0.004528
0.180878	0.696309	0.153903	1.603831	0.250000	0.022591	-0.004528
0.191187	0.696309	0.153903	1.603831	0.250000	0.022591	-0.004528
0.200960	0.696309	0.153903	1.603831	0.250000	0.022591	-0.004528
0.211120	0.695497	0.155965	1.598433	0.250000	0.027857	-0.004539
0.220935	0.695497	0.155965	1.598433	0.250000	0.027857	-0.004539
0.231644	0.695497	0.155965	1.598433	0.250000	0.027857	-0.004539
0.241376	0.695497	0.155965	1.598433	0.250000	0.027857	-0.004539
0.251148	0.695497	0.155965	1.598433	0.250000	0.027857	-0.004539
0.260892	0.695497	0.155965	1.598433	0.250000	0.027857	-0.004539
0.271664	0.695497	0.155965	1.598433	0.250000	0.027857	-0.004539
0.280925	0.695497	0.155965	1.598433	0.250000	0.027857	-0.004539
0.291168	0.695497	0.155965	1.598433	0.250000	0.027857	-0.004539
0.300957	0.695497	0.155965	1.598433	0.250000	0.027857	-0.004539
0.310920	0.695497	0.155965	1.598433	0.250000	0.027857	-0.004539
0.321421	0.695497	0.155965	1.598433	0.250000	0.027857	-0.004539
0.331256	0.694991	0.163811	1.591147	0.250000	0.044453	-0.002957
0.340907	0.694991	0.163811	1.591147	0.250000	0.044453	-0.002957
0.351044	0.694991	0.163811	1.591147	0.250000	0.044453	-0.002957
0.360861	0.694991	0.163811	1.591147	0.250000	0.044453	-0.002957
0.371199	0.694991	0.163811	1.591147	0.250000	0.044453	-0.002957
0.380895	0.694932	0.176969	1.586178	0.250000	0.053754	-0.001284
0.391743	0.694932	0.176969	1.586178	0.250000	0.053754	-0.001284
0.401458	0.694932	0.176969	1.586178	0.250000	0.053754	-0.001284
0.411176	0.694932	0.176969	1.586178	0.250000	0.053754	-0.001284
0.420972	0.694932	0.176969	1.586178	0.250000	0.053754	-0.001284
0.431272	0.694932	0.176969	1.586178	0.250000	0.053754	-0.001284
0.441517	0.694649	0.193091	1.590755	0.250000	0.011041	-0.001063
0.451090	0.694649	0.193091	1.590755	0.250000	0.011041	-0.001063
0.460934	0.694649	0.193091	1.590755	0.250000	0.011041	-0.001063
0.470925	0.694649	0.193091	1.590755	0.250000	0.011041	-0.001063
0.481549	0.694649	0.193091	1.590755	0.250000	0.011041	-0.001063
0.492419	0.694649	0.193091	1.590755	0.250000	0.011041	-0.001063
0.501008	0.694649	0.193091	1.590755	0.250000	0.011041	-0.001063
0.511767	0.694649	0.193091	1.590755	0.250000	0.011041	-0.001063
0.521513	0.694649	0.193091	1.590755	0.250000	0.011041	-0.001063
0.531266	0.694649	0.193091	1.590755	0.250000	0.011041	-0.001063
0.540996	0.694649	0.193091	1.590755	0.250000	0.011041	-0.001063
0.551003	0.693586	0.211901	1.592976	0.250000	-0.064717	-0.002131
0.561527	0.693586	0.211901	1.592976	0.250000	-0.064717	-0.002131
0.571309	0.693586	0.211901	1.592976	0.250000	-0.064717	-0.002131
0.580954	0.693586	0.211901	1.592976	0.250000	-0.064717	-0.002131
0.591624	0.693586	0.211901	1.592976	0.250000	-0.064717	-0.002131
0.600950	0.693586	0.211901	1.592976	0.250000	-0.064717	-0.002131
0.611261	0.692880	0.231099	1.593330	0.250000	-0.184425	-0.004148
0.621105	0.692880	0.231099	1.593330	0.250000	-0.184425	-0.004148
0.630822	0.692880	0.231099	1.593330	0.250000	-0.184425	-0.004148
0.640865	0.692880	0.231099	1.593330	0.250000	-0.184425	-0.004148
0.651323	0.692880	0.231099	1.593330	0.250000	-0.184425	-0.004148
0.661016	0.692880	0.231099	1.593330	0.250000	-0.184425	-0.004148
0.670902	0.692457	0.250563	1.585791	0.250000	-0.303482	-0.006606
0.680892	0.692457	0.250563	1.585791	0.250000	-0.303482	-0.006606
0.690872	0.692457	0.250563	1.585791	0.250000	-0.303482	-0.006606
0.700930	0.692457	0.250563	1.585791	0.250000	-0.303482	-0.006606
0.710828	0.692457	0.250563	1.585791	0.250000	-0.303482	-0.006606
0.721586	0.692457	0.250563	1.585791	0.250000	-0.303482	-0.006606
0.731363	0.692457	0.250563	1.585791	0.250000	-0.303482	-0.006606
0.740942	0.692457	0.250563	1.585791	0.250000	-0.303482	-0.006606
0.751129	0.692457	0.250563	1.585791	0.250000	-0.303482	-0.006606
0.761639	0.692457	0.250563	1.585791	0.250000	-0.303482	-0.006606
0.771363	0.692457	0.250563	1.585791	0.250000	-0.303482	-0.006606
0.780966	0.691495	0.270593	1.582804	0.250000	-0.458092	-0.011949
0.790894	0.691495	0.270593	1.582804	0.250000	-0.458092	-0.011949
0.800920	0.691495	0.270593	1.582804	0.250000	-0.458092	-0.011949
0.810895	0.691495	0.270593	1.582804	0.250000	-0.458092	-0.011949
0.820938	0.691495	0.270593	1.582804	0.250000	-0.458092	-0.011949
0.830926	0.691495	0.270593	1.582804	0.250000	-0.458092	-0.011949
0.841684	0.690305	0.290254	1.577205	0.250000	-0.592732	-0.017620
0.850974	0.690305	0.290254	1.577205	0.250000	-0.592732	-0.017620
0.860987	0.690305	0.290254	1.577205	0.250000	-0.592732	-0.017620
0.870934	0.690305	0.290254	1.577205	0.250000	-0.592732	-0.017620
0.880925	0.690305	0.290254	1.577205	0.250000	-0.592732	-0.017620
0.890898	0.690305	0.290254	1.577205	0.250000	-0.592732	-0.017620
0.900970	0.690305	0.290254	1.577205	0.250000	-0.592732	-0.017620
0.910937	0.690305	0.290254	1.577205	0.250000	-0.592732	-0.017620
0.921771	0.690305	0.290254	1.577205	0.250000	-0.592732	-0.017620
0.931481	0.690305	0.290254	1.577205	0.250000	-0.592732	-0.017620
0.941202	0.690305	0.290254	1.577205	0.250000	-0.592732	-0.017620
0.950973	0.689596	0.314803	1.561708	0.250000	-0.761207	-0.025549
0.961770	0.689596	0.314803	1.561708	0.250000	-0.761207	-0.025549
0.971420	0.689596	0.314803	1.561708	0.250000	-0.761207	-0.025549
0.981262	0.689596	0.314803	1.561708	0.250000	-0.761207	-0.025549
0.991151	0.689596	0.314803	1.561708	0.250000	-0.761207	-0.025549
1.000904	0.689596	0.314803	1.561708	0.250000	-0.761207	-0.025549
1.010971	0.689596	0.314803	1.561708	0.250000	-0.761207	-0.025549
1.020916	0.689596	0.314803	1.561708	0.250000	-0.761207	-0.025549
1.031498	0.689596	0.314803	1.561708	0.250000	-0.761207	-0.025549
1.040874	0.689596	0.314803	1.561708	0.250000	-0.761207	-0.025549
1.051228	0.689596	0.314803	1.561708	0.250000	-0.761207	-0.025549
1.060992	0.689596	0.314803	1.561708	0.250000	-0.761207	-0.025549
1.071003	0.689796	0.336825	1.531282	0.250000	-0.862638	-0.031176
1.080888	0.689796	0.336825	1.531282	0.250000	-0.862638	-0.031176
1.090883	0.689796	0.336825	1.531282	0.250000	-0.862638	-0.031176
1.100952	0.689796	0.336825	1.531282	0.250000	-0.862638	-0.031176
1.110992	0.689796	0.336825	1.531282	0.250000	-0.862638	-0.031176
1.121733	0.690644	0.358696	1.490034	0.250000	-0.911354	-0.034842
1.131509	0.690644	0.358696	1.490034	0.250000	-0.911354	-0.034842
1.141281	0.690644	0.358696	1.490034	0.250000	-0.911354	-0.034842
1.151178	0.690644	0.358696	1.490034	0.250000	-0.911354	-0.034842
1.160817	0.690644	0.358696	1.490034	0.250000	-0.911354	-0.034842
1.171505	0.690644	0.358696	1.490034	0.250000	-0.911354	-0.034842
1.181330	0.690644	0.358696	1.490034	0.250000	-0.911354	-0.034842
1.191167	0.691807	0.375335	1.451938	0.250000	-0.963686	-0.039369
1.201805	0.691807	0.375335	1.451938	0.250000	-0.963686	-0.039369
1.211523	0.691807	0.375335	1.451938	0.250000	-0.963686	-0.039369
1.221381	0.691807	0.375335	1.451938	0.250000	-0.963686	-0.039369
1.231198	0.691807	0.375335	1.451938	0.250000	-0.963686	-0.039369
1.240818	0.691807	0.375335	1.451938	0.250000	-0.963686	-0.039369
1.251570	0.694013	0.391191	1.412992	0.250000	-0.979849	-0.041827
1.261329	0.694013	0.391191	1.412992	0.250000	-0.979849	-0.041827
1.271088	0.694013	0.391191	1.412992	0.250000	-0.979849	-0.041827
1.280846	0.694013	0.391191	1.412992	0.250000	-0.979849	-0.041827
1.290858	0.694013	0.391191	1.412992	0.250000	-0.979849	-0.041827
1.300911	0.694013	0.391191	1.412992	0.250000	-0.979849	-0.041827
1.311067	0.695892	0.403552	1.386979	0.250000	-0.998768	-0.044381
1.320891	0.695892	0.403552	1.386979	0.250000	-0.998768	-0.044381
1.330815	0.695892	0.403552	1.386979	0.250000	-0.998768	-0.044381
1.340909	0.695892	0.403552	1.386979	0.250000	-0.998768	-0.044381
1.351058	0.695892	0.403552	1.386979	0.250000	-0.998768	-0.044381
1.360905	0.695892	0.403552	1.386979	0.250000	-0.998768	-0.044381
1.371637	0.695892	0.403552	1.386979	0.250000	-0.998768	-0.044381
1.381356	0.695892	0.403552	1.386979	0.250000	-0.998768	-0.044381
1.391197	0.695892	0.403552	1.386979	0.250000	-0.998768	-0.044381
1.401328	0.695892	0.403552	1.386979	0.250000	-0.998768	-0.044381
1.411634	0.695892	0.403552	1.386979	0.250000	-0.998768	-0.044381
1.421480	0.700181	0.421731	1.345787	0.250000	-1.021293	-0.048088
1.431224	0.700181	0.421731	1.345787	0.250000	-1.021293	-0.048088
1.440930	0.700181	0.421731	1.345787	0.250000	-1.021293	-0.048088
1.451653	0.700181	0.421731	1.345787	0.250000	-1.021293	-0.048088
1.461447	0.700181	0.421731	1.345787	0.250000	-1.021293	-0.048088
1.471196	0.700181	0.421731	1.345787	0.250000	-1.021293	-0.048088
1.480890	0.704299	0.436811	1.301251	0.250000	-1.031569	-0.051580
1.490983	0.704299	0.436811	1.301251	0.250000	-1.031569	-0.051580
1.501425	0.704299	0.436811	1.301251	0.250000	-1.031569	-0.051580
1.511132	0.704299	0.436811	1.301251	0.250000	-1.031569	-0.051580
1.520951	0.704299	0.436811	1.301251	0.250000	-1.031569	-0.051580
1.531760	0.704299	0.436811	1.301251	0.250000	-1.031569	-0.051580
1.541168	0.704299	0.436811	1.301251	0.250000	-1.031569	-0.051580
1.551403	0.704299	0.436811	1.301251	0.250000	-1.031569	-0.051580
1.561126	0.704299	0.436811	1.301251	0.250000	-1.031569	-0.051580
1.570907	0.704299	0.436811	1.301251	0.250000	-1.031569	-0.051580
1.581451	0.704299	0.436811	1.301251	0.250000	-1.031569	-0.051580
1.591208	0.704299	0.436811	1.301251	0.250000	-1.031569	-0.051580
1.600979	0.711262	0.459832	1.243238	0.250000	-1.027777	-0.055422
1.611665	0.711262	0.459832	1.243238	0.250000	-1.027777	-0.055422
1.621486	0.711262	0.459832	1.243238	0.250000	-1.027777	-0.055422
1.631823	0.711262	0.459832	1.243238	0.250000	-1.027777	-0.055422
1.640973	0.711262	0.459832	1.243238	0.250000	-1.027777	-0.055422
1.651055	0.716985	0.475609	1.198362	0.250000	-1.003850	-0.056905
1.660893	0.716985	0.475609	1.198362	0.250000	-1.003850	-0.056905
1.670914	0.716985	0.475609	1.198362	0.250000	-1.003850	-0.056905
1.680961	0.716985	0.475609	1.198362	0.250000	-1.003850	-0.056905
1.690992	0.716985	0.475609	1.198362	0.250000	-1.003850	-0.056905
1.701533	0.716985	0.475609	1.198362	0.250000	-1.003850	-0.056905
1.711290	0.723665	0.492290	1.164817	0.250000	-1.006349	-0.060896
1.721037	0.723665	0.492290	1.164817	0.250000	-1.006349	-0.060896
1.731794	0.723665	0.492290	1.164817	0.250000	-1.006349	-0.060896
1.741504	0.723665	0.492290	1.164817	0.250000	-1.006349	-0.060896
1.751066	0.723665	0.492290	1.164817	0.250000	-1.006349	-0.060896
1.760954	0.723665	0.492290	1.164817	0.250000	-1.006349	-0.060896
1.771758	0.729302	0.504764	1.135397	0.250000	-0.982737	-0.061767
1.781549	0.729302	0.504764	1.135397	0.250000	-0.982737	-0.061767
1.791301	0.729302	0.504764	1.135397	0.250000	-0.982737	-0.061767
1.801104	0.729302	0.504764	1.135397	0.250000	-0.982737	-0.061767
1.811888	0.736429	0.519744	1.110706	0.250000	-0.972146	-0.064297
1.821860	0.736429	0.519744	1.110706	0.250000	-0.972146	-0.064297
1.831360	0.736429	0.519744	1.110706	0.250000	-0.972146	-0.064297
1.841127	0.736429	0.519744	1.110706	0.250000	-0.972146	-0.064297
1.850963	0.736429	0.519744	1.110706	0.250000	-0.972146	-0.064297
1.861551	0.736429	0.519744	1.110706	0.250000	-0.972146	-0.064297
1.871330	0.736429	0.519744	1.110706	0.250000	-0.972146	-0.064297
1.881045	0.743829	0.534010	1.078278	0.250000	-0.937191	-0.065258
1.892523	0.743829	0.534010	1.078278	0.250000	-0.937191	-0.065258
1.900881	0.743829	0.534010	1.078278	0.250000	-0.937191	-0.065258
1.910975	0.743829	0.534010	1.078278	0.250000	-0.937191	-0.065258
1.920975	0.743829	0.534010	1.078278	0.250000	-0.937191	-0.065258
1.930885	0.743829	0.534010	1.078278	0.250000	-0.937191	-0.065258
1.941608	0.743829	0.534010	1.078278	0.250000	-0.937191	-0.065258
1.951168	0.743829	0.534010	1.078278	0.250000	-0.937191	-0.065258
1.960984	0.743829	0.534010	1.078278	0.250000	-0.937191	-0.065258
1.970880	0.743829	0.534010	1.078278	0.250000	-0.937191	-0.065258
1.981637	0.743829	0.534010	1.078278	0.250000	-0.937191	-0.065258
1.991406	0.743829	0.534010	1.078278	0.250000	-0.937191	-0.065258
2.001185	0.743829	0.534010	1.078278	0.250000	-0.937191	-0.065258
2.010951	0.752960	0.548213	1.034018	0.250000	-0.864049	-0.063897
2.021873	0.752960	0.548213	1.034018	0.250000	-0.864049	-0.063897
2.031394	0.752960	0.548213	1.034018	0.250000	-0.864049	-0.063897
2.041131	0.752960	0.548213	1.034018	0.250000	-0.864049	-0.063897
2.051164	0.752960	0.548213	1.034018	0.250000	-0.864049	-0.063897
2.061652	0.761663	0.561502	0.981913	0.250000	-0.759277	-0.060496
2.071446	0.761663	0.561502	0.981913	0.250000	-0.759277	-0.060496
2.081173	0.761663	0.561502	0.981913	0.250000	-0.759277	-0.060496
2.090913	0.761663	0.561502	0.981913	0.250000	-0.759277	-0.060496
2.100885	0.761663	0.561502	0.981913	0.250000	-0.759277	-0.060496
2.110869	0.761663	0.561502	0.981913	0.250000	-0.759277	-0.060496
2.120955	0.771436	0.576261	0.939077	0.250000	-0.654446	-0.057135
2.130944	0.771436	0.576261	0.939077	0.250000	-0.654446	-0.057135
2.141661	0.771436	0.576261	0.939077	0.250000	-0.654446	-0.057135
2.150950	0.771436	0.576261	0.939077	0.250000	-0.654446	-0.057135
2.161180	0.771436	0.576261	0.939077	0.250000	-0.654446	-0.057135
2.170963	0.771436	0.576261	0.939077	0.250000	-0.654446	-0.057135
2.180875	0.780183	0.586994	0.899379	0.250000	-0.532530	-0.051531
2.191143	0.780183	0.586994	0.899379	0.250000	-0.532530	-0.051531
2.200968	0.780183	0.586994	0.899379	0.250000	-0.532530	-0.051531
2.211019	0.780183	0.586994	0.899379	0.250000	-0.532530	-0.051531
2.220891	0.780183	0.586994	0.899379	0.250000	-0.532530	-0.051531
2.232075	0.780183	0.586994	0.899379	0.250000	-0.532530	-0.051531
2.241241	0.780183	0.586994	0.899379	0.250000	-0.532530	-0.051531
2.251159	0.780183	0.586994	0.899379	0.250000	-0.532530	-0.051531
2.261731	0.780183	0.586994	0.899379	0.250000	-0.532530	-0.051531
2.271483	0.780183	0.586994	0.899379	0.250000	-0.532530	-0.051531
2.280893	0.780183	0.586994	0.899379	0.250000	-0.532530	-0.051531
2.291015	0.792530	0.601703	0.854085	0.250000	-0.347030	-0.043338
2.300910	0.792530	0.601703	0.854085	0.250000	-0.347030	-0.043338
2.311490	0.792530	0.601703	0.854085	0.250000	-0.347030	-0.043338
2.321059	0.792530	0.601703	0.854085	0.250000	-0.347030	-0.043338
2.331036	0.792530	0.601703	0.854085	0.250000	-0.347030	-0.043338
2.340845	0.792530	0.601703	0.854085	0.250000	-0.347030	-0.043338
2.351876	0.792530	0.601703	0.854085	0.250000	-0.347030	-0.043338
2.361341	0.792530	0.601703	0.854085	0.250000	-0.347030	-0.043338
2.371060	0.792530	0.601703	0.854085	0.250000	-0.347030	-0.043338
2.380861	0.792530	0.601703	0.854085	0.250000	-0.347030	-0.043338
2.391577	0.792530	0.601703	0.854085	0.250000	-0.347030	-0.043338
2.401253	0.807642	0.617385	0.784885	0.250000	-0.042260	-0.028430
2.411077	0.807642	0.617385	0.784885	0.250000	-0.042260	-0.028430
2.421810	0.807642	0.617385	0.784885	0.250000	-0.042260	-0.028430
2.431568	0.807642	0.617385	0.784885	0.250000	-0.042260	-0.028430
2.441272	0.807642	0.617385	0.784885	0.250000	-0.042260	-0.028430
2.451393	0.807642	0.617385	0.784885	0.250000	-0.042260	-0.028430
2.460839	0.807642	0.617385	0.784885	0.250000	-0.042260	-0.028430
2.471564	0.807642	0.617385	0.784885	0.250000	-0.042260	-0.028430
2.481383	0.807642	0.617385	0.784885	0.250000	-0.042260	-0.028430
2.492716	0.807642	0.617385	0.784885	0.250000	-0.042260	-0.028430
2.500876	0.807642	0.617385	0.784885	0.250000	-0.042260	-0.028430
2.511563	0.828580	0.639818	0.701185	0.250000	0.419680	-0.007878
2.521391	0.828580	0.639818	0.701185	0.250000	0.419680	-0.007878
2.530943	0.828580	0.639818	0.701185	0.250000	0.419680	-0.007878
2.540873	0.828580	0.639818	0.701185	0.250000	0.419680	-0.007878
2.551646	0.828580	0.639818	0.701185	0.250000	0.419680	-0.007878
2.561343	0.828580	0.639818	0.701185	0.250000	0.419680	-0.007878
2.571146	0.828580	0.639818	0.701185	0.250000	0.419680	-0.007878
2.580925	0.828580	0.639818	0.701185	0.250000	0.419680	-0.007878
2.590907	0.828580	0.639818	0.701185	0.250000	0.419680	-0.007878
2.600988	0.828580	0.639818	0.701185	0.250000	0.419680	-0.007878
2.611190	0.828580	0.639818	0.701185	0.250000	0.419680	-0.007878
2.621115	0.828580	0.639818	0.701185	0.250000	0.419680	-0.007878
2.630896	0.848204	0.655828	0.624464	0.250000	0.775429	0.009487
2.640950	0.848204	0.655828	0.624464	0.250000	0.775429	0.009487
2.651208	0.848204	0.655828	0.624464	0.250000	0.775429	0.009487
2.660910	0.848204	0.655828	0.624464	0.250000	0.775429	0.009487
2.671647	0.848204	0.655828	0.624464	0.250000	0.775429	0.009487
2.681353	0.866088	0.669732	0.581467	0.250000	1.031072	0.022169
2.691175	0.866088	0.669732	0.581467	0.250000	1.031072	0.022169
2.700957	0.866088	0.669732	0.581467	0.250000	1.031072	0.022169
2.711754	0.866088	0.669732	0.581467	0.250000	1.031072	0.022169
2.721453	0.866088	0.669732	0.581467	0.250000	1.031072	0.022169
2.731315	0.866088	0.669732	0.581467	0.250000	1.031072	0.022169
2.740941	0.866088	0.669732	0.581467	0.250000	1.031072	0.022169
2.751716	0.866088	0.669732	0.581467	0.250000	1.031072	0.022169
2.761434	0.866088	0.669732	0.581467	0.250000	1.031072	0.022169
2.771236	0.866088	0.669732	0.581467	0.250000	1.031072	0.022169
2.780966	0.866088	0.669732	0.581467	0.250000	1.031072	0.022169
2.791707	0.866088	0.669732	0.581467	0.250000	1.031072	0.022169
2.801480	0.881328	0.681240	0.575491	0.250000	1.193054	0.031038
2.811386	0.881328	0.681240	0.575491	0.250000	1.193054	0.031038
2.821068	0.881328	0.681240	0.575491	0.250000	1.193054	0.031038
2.832228	0.881328	0.681240	0.575491	0.250000	1.193054	0.031038
2.841410	0.881328	0.681240	0.575491	0.250000	1.193054	0.031038
2.851271	0.881328	0.681240	0.575491	0.250000	1.193054	0.031038
2.860954	0.894965	0.689816	0.601246	0.250000	1.260950	0.036253
2.871725	0.894965	0.689816	0.601246	0.250000	1.260950	0.036253
2.881608	0.894965	0.689816	0.601246	0.250000	1.260950	0.036253
2.891310	0.894965	0.689816	0.601246	0.250000	1.260950	0.036253
2.900938	0.894965	0.689816	0.601246	0.250000	1.260950	0.036253
2.910918	0.894965	0.689816	0.601246	0.250000	1.260950	0.036253
2.921531	0.894965	0.689816	0.601246	0.250000	1.260950	0.036253
2.930984	0.894965	0.689816	0.601246	0.250000	1.260950	0.036253
2.941011	0.894965	0.689816	0.601246	0.250000	1.260950	0.036253
2.951038	0.894965	0.689816	0.601246	0.250000	1.260950	0.036253
2.960894	0.894965	0.689816	0.601246	0.250000	1.260950	0.036253
2.971312	0.894965	0.689816	0.601246	0.250000	1.260950	0.036253
2.981022	0.910613	0.700574	0.659438	0.250000	1.298502	0.041252
2.990908	0.910613	0.700574	0.659438	0.250000	1.298502	0.041252
3.000934	0.910613	0.700574	0.659438	0.250000	1.298502	0.041252
3.011368	0.910613	0.700574	0.659438	0.250000	1.298502	0.041252
3.020958	0.910613	0.700574	0.659438	0.250000	1.298502	0.041252
3.030887	0.910613	0.700574	0.659438	0.250000	1.298502	0.041252
3.041512	0.922821	0.707963	0.725078	0.250000	1.328224	0.047326
3.051351	0.922821	0.707963	0.725078	0.250000	1.328224	0.047326
3.061048	0.922821	0.707963	0.725078	0.250000	1.328224	0.047326
3.070855	0.922821	0.707963	0.725078	0.250000	1.328224	0.047326
3.080921	0.922821	0.707963	0.725078	0.250000	1.328224	0.047326
3.091352	0.922821	0.707963	0.725078	0.250000	1.328224	0.047326
3.101103	0.922821	0.707963	0.725078	0.250000	1.328224	0.047326
3.110900	0.922821	0.707963	0.725078	0.250000	1.328224	0.047326
3.121082	0.922821	0.707963	0.725078	0.250000	1.328224	0.047326
3.130901	0.922821	0.707963	0.725078	0.250000	1.328224	0.047326
3.141124	0.922821	0.707963	0.725078	0.250000	1.328224	0.047326
3.151097	0.937032	0.719933	0.793820	0.250000	1.359035	0.054486
3.161690	0.937032	0.719933	0.793820	0.250000	1.359035	0.054486
3.171378	0.937032	0.719933	0.793820	0.250000	1.359035	0.054486
3.180975	0.937032	0.719933	0.793820	0.250000	1.359035	0.054486
3.190947	0.937032	0.719933	0.793820	0.250000	1.359035	0.054486
3.200848	0.937032	0.719933	0.793820	0.250000	1.359035	0.054486
3.211382	0.937032	0.719933	0.793820	0.250000	1.359035	0.054486
3.221138	0.937032	0.719933	0.793820	0.250000	1.359035	0.054486
3.230923	0.937032	0.719933	0.793820	0.250000	1.359035	0.054486
3.241629	0.937032	0.719933	0.793820	0.250000	1.359035	0.054486
3.251408	0.937032	0.719933	0.793820	0.250000	1.359035	0.054486
3.260977	0.950585	0.734447	0.847889	0.250000	1.388299	0.061749
3.270913	0.950585	0.734447	0.847889	0.250000	1.388299	0.061749
3.281575	0.950585	0.734447	0.847889	0.250000	1.388299	0.061749
3.290918	0.950585	0.734447	0.847889	0.250000	1.388299	0.061749
3.300974	0.950585	0.734447	0.847889	0.250000	1.388299	0.061749
3.310897	0.950585	0.734447	0.847889	0.250000	1.388299	0.061749
3.320850	0.966804	0.753881	0.910058	0.250000	1.422653	0.072813
3.331429	0.966804	0.753881	0.910058	0.250000	1.422653	0.072813
3.340933	0.966804	0.753881	0.910058	0.250000	1.422653	0.072813
3.351077	0.966804	0.753881	0.910058	0.250000	1.422653	0.072813
3.361816	0.966804	0.753881	0.910058	0.250000	1.422653	0.072813
3.371598	0.966804	0.753881	0.910058	0.250000	1.422653	0.072813
3.381229	0.966804	0.753881	0.910058	0.250000	1.422653	0.072813
3.392573	0.977379	0.768482	0.964435	0.250000	1.420693	0.079363
3.401727	0.977379	0.768482	0.964435	0.250000	1.420693	0.079363
3.411449	0.977379	0.768482	0.964435	0.250000	1.420693	0.079363
3.421001	0.977379	0.768482	0.964435	0.250000	1.420693	0.079363
3.430983	0.977379	0.768482	0.964435	0.250000	1.420693	0.079363
3.440881	0.977379	0.768482	0.964435	0.250000	1.420693	0.079363
3.451497	0.977379	0.768482	0.964435	0.250000	1.420693	0.079363
3.461931	0.977379	0.768482	0.964435	0.250000	1.420693	0.079363
3.471058	0.977379	0.768482	0.964435	0.250000	1.420693	0.079363
3.480918	0.977379	0.768482	0.964435	0.250000	1.420693	0.079363
3.492520	0.977379	0.768482	0.964435	0.250000	1.420693	0.079363
3.501242	0.977379	0.768482	0.964435	0.250000	1.420693	0.079363
3.510995	0.987807	0.784914	1.021754	0.250000	1.423131	0.087064
3.521791	0.987807	0.784914	1.021754	0.250000	1.423131	0.087064
3.532449	0.987807	0.784914	1.021754	0.250000	1.423131	0.087064
3.540946	0.987807	0.784914	1.021754	0.250000	1.423131	0.087064
3.551106	0.996786	0.801115	1.070646	0.250000	1.418474	0.092716
3.560864	0.996786	0.801115	1.070646	0.250000	1.418474	0.092716
3.570891	0.996786	0.801115	1.070646	0.250000	1.418474	0.092716
3.580962	0.996786	0.801115	1.070646	0.250000	1.418474	0.092716
3.591040	0.996786	0.801115	1.070646	0.250000	1.418474	0.092716
3.600897	0.996786	0.801115	1.070646	0.250000	1.418474	0.092716
3.611481	1.008735	0.823109	1.121015	0.250000	1.426113	0.100650
3.621335	1.008735	0.823109	1.121015	0.250000	1.426113	0.100650
3.631081	1.008735	0.823109	1.121015	0.250000	1.426113	0.100650
3.641121	1.008735	0.823109	1.121015	0.250000	1.426113	0.100650
3.651637	1.008735	0.823109	1.121015	0.250000	1.426113	0.100650
3.661438	1.008735	0.823109	1.121015	0.250000	1.426113	0.100650
3.671087	1.008735	0.823109	1.121015	0.250000	1.426113	0.100650
3.680918	1.008735	0.823109	1.121015	0.250000	1.426113	0.100650
3.690884	1.008735	0.823109	1.121015	0.250000	1.426113	0.100650
3.700948	1.008735	0.823109	1.121015	0.250000	1.426113	0.100650
3.711138	1.008735	0.823109	1.121015	0.250000	1.426113	0.100650
3.720877	1.008735	0.823109	1.121015	0.250000	1.426113	0.100650
3.730887	1.016339	0.839336	1.187744	0.250000	1.405980	0.106394
3.741719	1.016339	0.839336	1.187744	0.250000	1.405980	0.106394
3.751123	1.016339	0.839336	1.187744	0.250000	1.405980	0.106394
3.760906	1.016339	0.839336	1.187744	0.250000	1.405980	0.106394
3.770916	1.016339	0.839336	1.187744	0.250000	1.405980	0.106394
3.781327	1.021553	0.853624	1.228076	0.250000	1.393689	0.109502
3.791176	1.021553	0.853624	1.228076	0.250000	1.393689	0.109502
3.800964	1.021553	0.853624	1.228076	0.250000	1.393689	0.109502
3.811721	1.021553	0.853624	1.228076	0.250000	1.393689	0.109502
3.820909	1.021553	0.853624	1.228076	0.250000	1.393689	0.109502
3.830911	1.021553	0.853624	1.228076	0.250000	1.393689	0.109502
3.840896	1.021553	0.853624	1.228076	0.250000	1.393689	0.109502
3.851133	1.025282	0.868103	1.266003	0.250000	1.379841	0.111590
3.860870	1.025282	0.868103	1.266003	0.250000	1.379841	0.111590
3.871350	1.025282	0.868103	1.266003	0.250000	1.379841	0.111590
3.881655	1.025282	0.868103	1.266003	0.250000	1.379841	0.111590
3.891640	1.029853	0.881948	1.272669	0.250000	1.403356	0.115974
3.901432	1.029853	0.881948	1.272669	0.250000	1.403356	0.115974
3.911185	1.029853	0.881948	1.272669	0.250000	1.403356	0.115974
3.920959	1.029853	0.881948	1.272669	0.250000	1.403356	0.115974
3.931677	1.029853	0.881948	1.272669	0.250000	1.403356	0.115974
3.940982	1.029853	0.881948	1.272669	0.250000	1.403356	0.115974
3.951266	1.029853	0.881948	1.272669	0.250000	1.403356	0.115974
3.960964	1.034380	0.897035	1.312988	0.250000	1.391945	0.119068
3.971719	1.034380	0.897035	1.312988	0.250000	1.391945	0.119068
3.981494	1.034380	0.897035	1.312988	0.250000	1.391945	0.119068
3.991200	1.034380	0.897035	1.312988	0.250000	1.391945	0.119068
4.000969	1.034380	0.897035	1.312988	0.250000	1.391945	0.119068
4.011675	1.036494	0.908090	1.355740	0.250000	1.363084	0.119319
4.021581	1.036494	0.908090	1.355740	0.250000	1.363084	0.119319
4.031244	1.036494	0.908090	1.355740	0.250000	1.363084	0.119319
4.040992	1.036494	0.908090	1.355740	0.250000	1.363084	0.119319
4.052014	1.036494	0.908090	1.355740	0.250000	1.363084	0.119319
4.060912	1.036494	0.908090	1.355740	0.250000	1.363084	0.119319
4.071234	1.036494	0.908090	1.355740	0.250000	1.363084	0.119319
4.080967	1.036494	0.908090	1.355740	0.250000	1.363084	0.119319
4.090882	1.036494	0.908090	1.355740	0.250000	1.363084	0.119319
4.100926	1.036494	0.908090	1.355740	0.250000	1.363084	0.119319
4.111288	1.036494	0.908090	1.355740	0.250000	1.363084	0.119319
4.121148	1.036494	0.908090	1.355740	0.250000	1.363084	0.119319
4.132663	1.040465	0.928524	1.411898	0.250000	1.337263	0.121333
4.140985	1.040465	0.928524	1.411898	0.250000	1.337263	0.121333
4.150975	1.040465	0.928524	1.411898	0.250000	1.337263	0.121333
4.160961	1.040465	0.928524	1.411898	0.250000	1.337263	0.121333
4.170902	1.040465	0.928524	1.411898	0.250000	1.337263	0.121333
4.180934	1.040465	0.928524	1.411898	0.250000	1.337263	0.121333
4.190953	1.040465	0.928524	1.411898	0.250000	1.337263	0.121333
4.200947	1.040465	0.928524	1.411898	0.250000	1.337263	0.121333
4.211792	1.041446	0.944743	1.468166	0.250000	1.301021	0.121271
4.220892	1.041446	0.944743	1.468166	0.250000	1.301021	0.121271
4.231303	1.041446	0.944743	1.468166	0.250000	1.301021	0.121271
4.241060	1.041446	0.944743	1.468166	0.250000	1.301021	0.121271
4.254076	1.043709	0.964044	1.521870	0.250000	1.264511	0.122426
4.261419	1.043709	0.964044	1.521870	0.250000	1.264511	0.122426
4.271383	1.043709	0.964044	1.521870	0.250000	1.264511	0.122426
4.280954	1.043709	0.964044	1.521870	0.250000	1.264511	0.122426
4.290929	1.043709	0.964044	1.521870	0.250000	1.264511	0.122426
4.300911	1.043709	0.964044	1.521870	0.250000	1.264511	0.122426
4.311336	1.042934	0.978537	1.566869	0.250000	1.217343	0.120577
4.320956	1.042934	0.978537	1.566869	0.250000	1.217343	0.120577
4.330906	1.042934	0.978537	1.566869	0.250000	1.217343	0.120577
4.341618	1.042934	0.978537	1.566869	0.250000	1.217343	0.120577
4.351442	1.042934	0.978537	1.566869	0.250000	1.217343	0.120577
4.360905	1.042934	0.978537	1.566869	0.250000	1.217343	0.120577
4.370887	1.042934	0.978537	1.566869	0.250000	1.217343	0.120577
4.380893	1.042934	0.978537	1.566869	0.250000	1.217343	0.120577
4.390966	1.042934	0.978537	1.566869	0.250000	1.217343	0.120577
4.400996	1.042934	0.978537	1.566869	0.250000	1.217343	0.120577
4.410881	1.042934	0.978537	1.566869	0.250000	1.217343	0.120577
4.422037	1.042844	0.996831	1.617711	0.250000	1.161922	0.119494
4.431398	1.042844	0.996831	1.617711	0.250000	1.161922	0.119494
4.440956	1.042844	0.996831	1.617711	0.250000	1.161922	0.119494
4.451057	1.042844	0.996831	1.617711	0.250000	1.161922	0.119494
4.461666	1.042844	0.996831	1.617711	0.250000	1.161922	0.119494
4.471406	1.042844	0.996831	1.617711	0.250000	1.161922	0.119494
4.481252	1.043634	1.020846	1.678618	0.250000	1.087665	0.119297
4.490924	1.043634	1.020846	1.678618	0.250000	1.087665	0.119297
4.501849	1.043634	1.020846	1.678618	0.250000	1.087665	0.119297
4.511460	1.043634	1.020846	1.678618	0.250000	1.087665	0.119297
4.521242	1.043634	1.020846	1.678618	0.250000	1.087665	0.119297
4.531050	1.043634	1.020846	1.678618	0.250000	1.087665	0.119297
4.541677	1.043634	1.020846	1.678618	0.250000	1.087665	0.119297
4.551504	1.043634	1.020846	1.678618	0.250000	1.087665	0.119297
4.560919	1.043634	1.020846	1.678618	0.250000	1.087665	0.119297
4.570950	1.043634	1.020846	1.678618	0.250000	1.087665	0.119297
4.580961	1.043634	1.020846	1.678618	0.250000	1.087665	0.119297
4.590897	1.043634	1.020846	1.678618	0.250000	1.087665	0.119297
4.600914	1.040618	1.042238	1.732963	0.250000	0.987444	0.114582
4.610961	1.040618	1.042238	1.732963	0.250000	0.987444	0.114582
4.621824	1.040618	1.042238	1.732963	0.250000	0.987444	0.114582
4.631469	1.040618	1.042238	1.732963	0.250000	0.987444	0.114582
4.641239	1.040618	1.042238	1.732963	0.250000	0.987444	0.114582
4.651045	1.040618	1.042238	1.732963	0.250000	0.987444	0.114582
4.661728	1.034949	1.058120	1.786897	0.250000	0.855161	0.104639
4.671476	1.034949	1.058120	1.786897	0.250000	0.855161	0.104639
4.681254	1.034949	1.058120	1.786897	0.250000	0.855161	0.104639
4.691161	1.034949	1.058120	1.786897	0.250000	0.855161	0.104639
4.701771	1.034949	1.058120	1.786897	0.250000	0.855161	0.104639
4.711518	1.034949	1.058120	1.786897	0.250000	0.855161	0.104639
4.721256	1.027664	1.070579	1.826221	0.250000	0.731830	0.093619
4.731011	1.027664	1.070579	1.826221	0.250000	0.731830	0.093619
4.741765	1.027664	1.070579	1.826221	0.250000	0.731830	0.093619
4.751539	1.027664	1.070579	1.826221	0.250000	0.731830	0.093619
4.760910	1.027664	1.070579	1.826221	0.250000	0.731830	0.093619
4.771156	1.027664	1.070579	1.826221	0.250000	0.731830	0.093619
4.780895	1.027664	1.070579	1.826221	0.250000	0.731830	0.093619
4.790888	1.027664	1.070579	1.826221	0.250000	0.731830	0.093619
4.800963	1.027664	1.070579	1.826221	0.250000	0.731830	0.093619
4.811206	1.027664	1.070579	1.826221	0.250000	0.731830	0.093619
4.822034	1.020488	1.081499	1.998790	0.250000	0.344786	0.062755
4.831641	1.020488	1.081499	1.998790	0.250000	0.344786	0.062755
4.841329	1.020488	1.081499	1.998790	0.250000	0.344786	0.062755
4.851135	1.020488	1.081499	1.998790	0.250000	0.344786	0.062755
4.860873	1.020488	1.081499	1.998790	0.250000	0.344786	0.062755
4.871557	1.020488	1.081499	1.998790	0.250000	0.344786	0.062755
4.881291	1.020488	1.081499	1.998790	0.250000	0.344786	0.062755
4.891056	1.013874	1.095068	2.042009	0.250000	0.170452	0.051067
4.900830	1.013874	1.095068	2.042009	0.250000	0.170452	0.051067
4.911613	1.013874	1.095068	2.042009	0.250000	0.170452	0.051067
4.921456	1.013874	1.095068	2.042009	0.250000	0.170452	0.051067
4.931171	1.013874	1.095068	2.042009	0.250000	0.170452	0.051067
4.940869	1.013874	1.095068	2.042009	0.250000	0.170452	0.051067
4.951634	1.013874	1.095068	2.042009	0.250000	0.170452	0.051067
4.960922	1.013874	1.095068	2.042009	0.250000	0.170452	0.051067
4.971120	1.013874	1.095068	2.042009	0.250000	0.170452	0.051067
4.980930	1.013874	1.095068	2.042009	0.250000	0.170452	0.051067
4.990946	1.013874	1.095068	2.042009	0.250000	0.170452	0.051067
5.000890	1.013874	1.095068	2.042009	0.250000	0.170452	0.051067
5.011120	1.007726	1.115705	2.100455	0.250000	-0.065665	0.037192
5.022926	1.007726	1.115705	2.100455	0.250000	-0.065665	0.037192
5.030879	1.007726	1.115705	2.100455	0.250000	-0.065665	0.037192
5.040905	1.007726	1.115705	2.100455	0.250000	-0.065665	0.037192
5.051194	1.007726	1.115705	2.100455	0.250000	-0.065665	0.037192
5.060895	1.007726	1.115705	2.100455	0.250000	-0.065665	0.037192
5.071698	1.007726	1.115705	2.100455	0.250000	-0.065665	0.037192
5.081602	1.007726	1.115705	2.100455	0.250000	-0.065665	0.037192
5.091175	1.007726	1.115705	2.100455	0.250000	-0.065665	0.037192
5.100929	1.007726	1.115705	2.100455	0.250000	-0.065665	0.037192
5.111624	1.001395	1.139838	2.039642	0.250000	-0.034318	0.039307
5.121466	1.001395	1.139838	2.039642	0.250000	-0.034318	0.039307
5.131187	1.001395	1.139838	2.039642	0.250000	-0.034318	0.039307
5.140948	1.001395	1.139838	2.039642	0.250000	-0.034318	0.039307
5.151689	1.001395	1.139838	2.039642	0.250000	-0.034318	0.039307
5.160869	1.001395	1.139838	2.039642	0.250000	-0.034318	0.039307
5.170985	1.001395	1.139838	2.039642	0.250000	-0.034318	0.039307
5.180944	1.001395	1.139838	2.039642	0.250000	-0.034318	0.039307
5.191717	1.001395	1.139838	2.039642	0.250000	-0.034318	0.039307
5.201482	1.001395	1.139838	2.039642	0.250000	-0.034318	0.039307
5.211228	1.001395	1.139838	2.039642	0.250000	-0.034318	0.039307
5.223054	1.001395	1.139838	2.039642	0.250000	-0.034318	0.039307
5.231703	0.989907	1.166315	2.096396	0.250000	-0.298034	0.022315
5.241494	0.989907	1.166315	2.096396	0.250000	-0.298034	0.022315
5.251240	0.989907	1.166315	2.096396	0.250000	-0.298034	0.022315
5.261002	0.989907	1.166315	2.096396	0.250000	-0.298034	0.022315
5.271702	0.989907	1.166315	2.096396	0.250000	-0.298034	0.022315
5.281502	0.989907	1.166315	2.096396	0.250000	-0.298034	0.022315
5.291229	0.989907	1.166315	2.096396	0.250000	-0.298034	0.022315
5.300987	0.989907	1.166315	2.096396	0.250000	-0.298034	0.022315
5.311751	0.974731	1.181766	2.132888	0.250000	-0.562283	0.003979
5.321550	0.974731	1.181766	2.132888	0.250000	-0.562283	0.003979
5.331243	0.974731	1.181766	2.132888	0.250000	-0.562283	0.003979
5.341006	0.974731	1.181766	2.132888	0.250000	-0.562283	0.003979
5.351977	0.974731	1.181766	2.132888	0.250000	-0.562283	0.003979
5.361598	0.974731	1.181766	2.132888	0.250000	-0.562283	0.003979
5.371440	0.974731	1.181766	2.132888	0.250000	-0.562283	0.003979
5.380982	0.974731	1.181766	2.132888	0.250000	-0.562283	0.003979
5.391076	0.974731	1.181766	2.132888	0.250000	-0.562283	0.003979
5.400939	0.974731	1.181766	2.132888	0.250000	-0.562283	0.003979
5.411280	0.974731	1.181766	2.132888	0.250000	-0.562283	0.003979
5.421022	0.960123	1.205144	2.135480	0.250000	-0.732790	-0.008914
5.430944	0.960123	1.205144	2.135480	0.250000	-0.732790	-0.008914
5.440909	0.960123	1.205144	2.135480	0.250000	-0.732790	-0.008914
5.451040	0.960123	1.205144	2.135480	0.250000	-0.732790	-0.008914
5.460941	0.960123	1.205144	2.135480	0.250000	-0.732790	-0.008914
5.470966	0.960123	1.205144	2.135480	0.250000	-0.732790	-0.008914
5.481749	0.960123	1.205144	2.135480	0.250000	-0.732790	-0.008914
5.491431	0.960123	1.205144	2.135480	0.250000	-0.732790	-0.008914
5.501145	0.960123	1.205144	2.135480	0.250000	-0.732790	-0.008914
5.510927	0.960123	1.205144	2.135480	0.250000	-0.732790	-0.008914
5.520983	0.960123	1.205144	2.135480	0.250000	-0.732790	-0.008914
5.530888	0.960123	1.205144	2.135480	0.250000	-0.732790	-0.008914
5.540985	0.945813	1.229343	2.117029	0.250000	-0.857299	-0.020776
5.551158	0.945813	1.229343	2.117029	0.250000	-0.857299	-0.020776
5.561625	0.945813	1.229343	2.117029	0.250000	-0.857299	-0.020776
5.570893	0.945813	1.229343	2.117029	0.250000	-0.857299	-0.020776
5.580888	0.934150	1.259956	2.081906	0.250000	-0.906374	-0.029371
5.592263	0.934150	1.259956	2.081906	0.250000	-0.906374	-0.029371
5.601043	0.934150	1.259956	2.081906	0.250000	-0.906374	-0.029371
5.611402	0.934150	1.259956	2.081906	0.250000	-0.906374	-0.029371
5.621180	0.934150	1.259956	2.081906	0.250000	-0.906374	-0.029371
5.630925	0.934150	1.259956	2.081906	0.250000	-0.906374	-0.029371
5.640892	0.934150	1.259956	2.081906	0.250000	-0.906374	-0.029371
5.651057	0.934150	1.259956	2.081906	0.250000	-0.906374	-0.029371
5.660958	0.920838	1.276210	2.178377	0.250000	-1.171501	-0.046879
5.670932	0.920838	1.276210	2.178377	0.250000	-1.171501	-0.046879
5.680879	0.920838	1.276210	2.178377	0.250000	-1.171501	-0.046879
5.691209	0.920838	1.276210	2.178377	0.250000	-1.171501	-0.046879
5.700899	0.913312	1.290437	2.267830	0.250000	-1.344888	-0.057284
5.711055	0.913312	1.290437	2.267830	0.250000	-1.344888	-0.057284
5.720975	0.913312	1.290437	2.267830	0.250000	-1.344888	-0.057284
5.731441	0.913312	1.290437	2.267830	0.250000	-1.344888	-0.057284
5.741274	0.913312	1.290437	2.267830	0.250000	-1.344888	-0.057284
5.751064	0.913312	1.290437	2.267830	0.250000	-1.344888	-0.057284
5.761686	0.913312	1.290437	2.267830	0.250000	-1.344888	-0.057284
5.771445	0.904948	1.295697	2.365893	0.250000	-1.481399	-0.062133
5.781238	0.904948	1.295697	2.365893	0.250000	-1.481399	-0.062133
5.792637	0.904948	1.295697	2.365893	0.250000	-1.481399	-0.062133
5.800908	0.904948	1.295697	2.365893	0.250000	-1.481399	-0.062133
5.811899	0.904948	1.295697	2.365893	0.250000	-1.481399	-0.062133
5.821483	0.904948	1.295697	2.365893	0.250000	-1.481399	-0.062133
5.830990	0.904948	1.295697	2.365893	0.250000	-1.481399	-0.062133
5.840957	0.904948	1.295697	2.365893	0.250000	-1.481399	-0.062133
5.851510	0.904948	1.295697	2.365893	0.250000	-1.481399	-0.062133
5.861241	0.904948	1.295697	2.365893	0.250000	-1.481399	-0.062133
5.871218	0.904948	1.295697	2.365893	0.250000	-1.481399	-0.062133
5.881873	0.897537	1.303741	2.186278	0.250000	-1.325048	-0.068406
5.891539	0.897537	1.303741	2.186278	0.250000	-1.325048	-0.068406
5.901304	0.897537	1.303741	2.186278	0.250000	-1.325048	-0.068406
5.911057	0.897537	1.303741	2.186278	0.250000	-1.325048	-0.068406
5.921839	0.897537	1.303741	2.186278	0.250000	-1.325048	-0.068406
5.931491	0.897537	1.303741	2.186278	0.250000	-1.325048	-0.068406
5.941293	0.897537	1.303741	2.186278	0.250000	-1.325048	-0.068406
5.951168	0.889880	1.315073	2.163971	0.250000	-1.325477	-0.074656
5.961793	0.889880	1.315073	2.163971	0.250000	-1.325477	-0.074656
5.971554	0.889880	1.315073	2.163971	0.250000	-1.325477	-0.074656
5.980951	0.889880	1.315073	2.163971	0.250000	-1.325477	-0.074656
5.992728	0.889880	1.315073	2.163971	0.250000	-1.325477	-0.074656
6.000908	0.889880	1.315073	2.163971	0.250000	-1.325477	-0.074656
6.011572	0.889880	1.315073	2.163971	0.250000	-1.325477	-0.074656
6.021023	0.889880	1.315073	2.163971	0.250000	-1.325477	-0.074656
6.031111	0.889880	1.315073	2.163971	0.250000	-1.325477	-0.074656
6.040876	0.889880	1.315073	2.163971	0.250000	-1.325477	-0.074656
6.051045	0.889880	1.315073	2.163971	0.250000	-1.325477	-0.074656
6.061320	0.884434	1.339483	1.978490	0.250000	-1.010224	-0.068157
6.071120	0.884434	1.339483	1.978490	0.250000	-1.010224	-0.068157
6.080908	0.884434	1.339483	1.978490	0.250000	-1.010224	-0.068157
6.091625	0.884434	1.339483	1.978490	0.250000	-1.010224	-0.068157
6.100951	0.884434	1.339483	1.978490	0.250000	-1.010224	-0.068157
6.111168	0.884434	1.339483	1.978490	0.250000	-1.010224	-0.068157
6.120907	0.878717	1.354680	1.937760	0.250000	-0.922391	-0.067935
6.131606	0.878717	1.354680	1.937760	0.250000	-0.922391	-0.067935
6.141378	0.878717	1.354680	1.937760	0.250000	-0.922391	-0.067935
6.151262	0.878717	1.354680	1.937760	0.250000	-0.922391	-0.067935
6.160874	0.878717	1.354680	1.937760	0.250000	-0.922391	-0.067935
6.171665	0.878717	1.354680	1.937760	0.250000	-0.922391	-0.067935
6.181422	0.878717	1.354680	1.937760	0.250000	-0.922391	-0.067935
6.191209	0.878717	1.354680	1.937760	0.250000	-0.922391	-0.067935
6.200912	0.878717	1.354680	1.937760	0.250000	-0.922391	-0.067935
6.210918	0.878717	1.354680	1.937760	0.250000	-0.922391	-0.067935
6.221431	0.878717	1.354680	1.937760	0.250000	-0.922391	-0.067935
6.231003	0.875405	1.377660	1.741165	0.250000	-0.497684	-0.042924
