t	x(t)	y(t)	theta(t)	v(t)	gamma(t)	efa
0.004393	0.694303	0.154062	1.608515	0.250000	-0.013670	-0.007172
0.010221	0.694303	0.154062	1.608515	0.250000	-0.013670	-0.007172
0.014865	0.694303	0.154062	1.608515	0.250000	-0.013670	-0.007172
0.024879	0.694303	0.154062	1.608515	0.250000	-0.013670	-0.007172
0.034889	0.694303	0.154062	1.608515	0.250000	-0.013670	-0.007172
0.045651	0.694303	0.154062	1.608515	0.250000	-0.013670	-0.007172
0.055507	0.694303	0.154062	1.608515	0.250000	-0.013670	-0.007172
0.065214	0.694303	0.154062	1.608515	0.250000	-0.013670	-0.007172
0.074925	0.694303	0.154062	1.608515	0.250000	-0.013670	-0.007172
0.085683	0.694303	0.154062	1.608515	0.250000	-0.013670	-0.007172
0.095430	0.694303	0.154062	1.608515	0.250000	-0.013670	-0.007172
0.105180	0.694303	0.154062	1.608515	0.250000	-0.013670	-0.007172
0.115004	0.694303	0.154062	1.608515	0.250000	-0.013670	-0.007172
0.124811	0.694303	0.154062	1.608515	0.250000	-0.013670	-0.007172
0.135449	0.694303	0.154062	1.608515	0.250000	-0.013670	-0.007172
0.145229	0.694303	0.154062	1.608515	0.250000	-0.013670	-0.007172
0.156467	0.694303	0.154062	1.608515	0.250000	-0.013670	-0.007172
0.165684	0.694303	0.154062	1.608515	0.250000	-0.013670	-0.007172
0.175448	0.694303	0.154062	1.608515	0.250000	-0.013670	-0.007172
0.184867	0.694303	0.154062	1.608515	0.250000	-0.013670	-0.007172
0.195068	0.694303	0.154062	1.608515	0.250000	-0.013670	-0.007172
0.205733	0.694279	0.154361	1.599792	0.250000	0.009182	-0.005988
0.215501	0.694279	0.154361	1.599792	0.250000	0.009182	-0.005988
0.224873	0.694279	0.154361	1.599792	0.250000	0.009182	-0.005988
0.234982	0.694279	0.154361	1.599792	0.250000	0.009182	-0.005988
0.245522	0.694279	0.154361	1.599792	0.250000	0.009182	-0.005988
0.255518	0.694315	0.157490	1.592503	0.250000	0.030957	-0.004562
0.265284	0.694315	0.157490	1.592503	0.250000	0.030957	-0.004562
0.274979	0.694315	0.157490	1.592503	0.250000	0.030957	-0.004562
0.285770	0.694315	0.157490	1.592503	0.250000	0.030957	-0.004562
0.296319	0.694315	0.157490	1.592503	0.250000	0.030957	-0.004562
0.305244	0.694622	0.164862	1.583161	0.250000	0.061465	-0.002204
0.314960	0.694622	0.164862	1.583161	0.250000	0.061465	-0.002204
0.324879	0.694622	0.164862	1.583161	0.250000	0.061465	-0.002204
0.334872	0.694622	0.164862	1.583161	0.250000	0.061465	-0.002204
0.346258	0.694622	0.164862	1.583161	0.250000	0.061465	-0.002204
0.355084	0.694972	0.174653	1.585380	0.250000	0.055939	-0.001168
0.364845	0.694972	0.174653	1.585380	0.250000	0.055939	-0.001168
0.375546	0.694972	0.174653	1.585380	0.250000	0.055939	-0.001168
0.385282	0.694972	0.174653	1.585380	0.250000	0.055939	-0.001168
0.395109	0.694972	0.174653	1.585380	0.250000	0.055939	-0.001168
0.404801	0.694972	0.174653	1.585380	0.250000	0.055939	-0.001168
0.415550	0.695196	0.184662	1.590038	0.250000	0.039453	-0.000983
0.424863	0.695196	0.184662	1.590038	0.250000	0.039453	-0.000983
0.435085	0.695196	0.184662	1.590038	0.250000	0.039453	-0.000983
0.444841	0.695196	0.184662	1.590038	0.250000	0.039453	-0.000983
0.454881	0.695196	0.184662	1.590038	0.250000	0.039453	-0.000983
0.465346	0.695196	0.184662	1.590038	0.250000	0.039453	-0.000983
0.475045	0.695196	0.184662	1.590038	0.250000	0.039453	-0.000983
0.484817	0.695196	0.184662	1.590038	0.250000	0.039453	-0.000983
0.495584	0.695196	0.184662	1.590038	0.250000	0.039453	-0.000983
0.504847	0.695196	0.184662	1.590038	0.250000	0.039453	-0.000983
0.515042	0.694051	0.200040	1.593694	0.250000	-0.022956	-0.001836
0.524797	0.694051	0.200040	1.593694	0.250000	-0.022956	-0.001836
0.535653	0.694051	0.200040	1.593694	0.250000	-0.022956	-0.001836
0.545382	0.694051	0.200040	1.593694	0.250000	-0.022956	-0.001836
0.555102	0.694051	0.200040	1.593694	0.250000	-0.022956	-0.001836
0.564909	0.694051	0.200040	1.593694	0.250000	-0.022956	-0.001836
0.574844	0.694051	0.200040	1.593694	0.250000	-0.022956	-0.001836
0.585365	0.694051	0.200040	1.593694	0.250000	-0.022956	-0.001836
0.595156	0.694051	0.200040	1.593694	0.250000	-0.022956	-0.001836
0.605561	0.694051	0.200040	1.593694	0.250000	-0.022956	-0.001836
0.615661	0.693052	0.218253	1.592361	0.250000	-0.102404	-0.002800
0.625398	0.693052	0.218253	1.592361	0.250000	-0.102404	-0.002800
0.635137	0.693052	0.218253	1.592361	0.250000	-0.102404	-0.002800
0.644899	0.693052	0.218253	1.592361	0.250000	-0.102404	-0.002800
0.654869	0.693052	0.218253	1.592361	0.250000	-0.102404	-0.002800
0.664884	0.693052	0.218253	1.592361	0.250000	-0.102404	-0.002800
0.675133	0.693052	0.218253	1.592361	0.250000	-0.102404	-0.002800
0.684916	0.693052	0.218253	1.592361	0.250000	-0.102404	-0.002800
0.695690	0.693052	0.218253	1.592361	0.250000	-0.102404	-0.002800
0.705444	0.693052	0.218253	1.592361	0.250000	-0.102404	-0.002800
0.715185	0.692049	0.243394	1.593552	0.250000	-0.282152	-0.006870
0.724967	0.692049	0.243394	1.593552	0.250000	-0.282152	-0.006870
0.735700	0.692049	0.243394	1.593552	0.250000	-0.282152	-0.006870
0.745416	0.692049	0.243394	1.593552	0.250000	-0.282152	-0.006870
0.755233	0.692049	0.243394	1.593552	0.250000	-0.282152	-0.006870
0.764970	0.692049	0.243394	1.593552	0.250000	-0.282152	-0.006870
0.775751	0.692049	0.243394	1.593552	0.250000	-0.282152	-0.006870
0.785477	0.692049	0.243394	1.593552	0.250000	-0.282152	-0.006870
0.795238	0.692049	0.243394	1.593552	0.250000	-0.282152	-0.006870
0.804944	0.692049	0.243394	1.593552	0.250000	-0.282152	-0.006870
0.815664	0.692049	0.243394	1.593552	0.250000	-0.282152	-0.006870
0.825408	0.691235	0.268255	1.593893	0.250000	-0.463373	-0.012764
0.834937	0.691235	0.268255	1.593893	0.250000	-0.463373	-0.012764
0.844857	0.691235	0.268255	1.593893	0.250000	-0.463373	-0.012764
0.854820	0.691235	0.268255	1.593893	0.250000	-0.463373	-0.012764
0.864881	0.691235	0.268255	1.593893	0.250000	-0.463373	-0.012764
0.875343	0.691235	0.268255	1.593893	0.250000	-0.463373	-0.012764
0.885039	0.691235	0.268255	1.593893	0.250000	-0.463373	-0.012764
0.895732	0.691235	0.268255	1.593893	0.250000	-0.463373	-0.012764
0.905500	0.691235	0.268255	1.593893	0.250000	-0.463373	-0.012764
0.915268	0.691235	0.268255	1.593893	0.250000	-0.463373	-0.012764
0.924995	0.690164	0.296011	1.595134	0.250000	-0.665623	-0.021197
0.935791	0.690164	0.296011	1.595134	0.250000	-0.665623	-0.021197
0.945509	0.690164	0.296011	1.595134	0.250000	-0.665623	-0.021197
0.955295	0.690164	0.296011	1.595134	0.250000	-0.665623	-0.021197
0.964953	0.690164	0.296011	1.595134	0.250000	-0.665623	-0.021197
0.975021	0.690164	0.296011	1.595134	0.250000	-0.665623	-0.021197
0.985485	0.689575	0.319318	1.572244	0.250000	-0.814920	-0.028367
0.995265	0.689575	0.319318	1.572244	0.250000	-0.814920	-0.028367
1.005066	0.689575	0.319318	1.572244	0.250000	-0.814920	-0.028367
1.014754	0.689575	0.319318	1.572244	0.250000	-0.814920	-0.028367
1.025529	0.689575	0.319318	1.572244	0.250000	-0.814920	-0.028367
1.035380	0.689575	0.319318	1.572244	0.250000	-0.814920	-0.028367
1.045095	0.689575	0.319318	1.572244	0.250000	-0.814920	-0.028367
1.054818	0.689575	0.319318	1.572244	0.250000	-0.814920	-0.028367
1.064867	0.689582	0.341853	1.539727	0.250000	-0.913444	-0.034198
1.074894	0.689582	0.341853	1.539727	0.250000	-0.913444	-0.034198
1.084905	0.689582	0.341853	1.539727	0.250000	-0.913444	-0.034198
1.094872	0.689582	0.341853	1.539727	0.250000	-0.913444	-0.034198
1.104879	0.689582	0.341853	1.539727	0.250000	-0.913444	-0.034198
1.115533	0.689582	0.341853	1.539727	0.250000	-0.913444	-0.034198
1.124908	0.689582	0.341853	1.539727	0.250000	-0.913444	-0.034198
1.134930	0.689582	0.341853	1.539727	0.250000	-0.913444	-0.034198
1.144813	0.689582	0.341853	1.539727	0.250000	-0.913444	-0.034198
1.155310	0.689582	0.341853	1.539727	0.250000	-0.913444	-0.034198
1.165113	0.689582	0.341853	1.539727	0.250000	-0.913444	-0.034198
1.174874	0.690812	0.362626	1.490493	0.250000	-0.940331	-0.036713
1.185551	0.690812	0.362626	1.490493	0.250000	-0.940331	-0.036713
1.195330	0.690812	0.362626	1.490493	0.250000	-0.940331	-0.036713
1.205146	0.690812	0.362626	1.490493	0.250000	-0.940331	-0.036713
1.214904	0.691289	0.381201	1.449224	0.250000	-0.994727	-0.042005
1.225625	0.691289	0.381201	1.449224	0.250000	-0.994727	-0.042005
1.235381	0.691289	0.381201	1.449224	0.250000	-0.994727	-0.042005
1.245149	0.691289	0.381201	1.449224	0.250000	-0.994727	-0.042005
1.254917	0.691289	0.381201	1.449224	0.250000	-0.994727	-0.042005
1.265309	0.691289	0.381201	1.449224	0.250000	-0.994727	-0.042005
1.274920	0.691289	0.381201	1.449224	0.250000	-0.994727	-0.042005
1.285156	0.691289	0.381201	1.449224	0.250000	-0.994727	-0.042005
1.295741	0.691289	0.381201	1.449224	0.250000	-0.994727	-0.042005
1.305663	0.691289	0.381201	1.449224	0.250000	-0.994727	-0.042005
1.315380	0.692599	0.395386	1.412842	0.250000	-1.022465	-0.045610
1.325186	0.692599	0.395386	1.412842	0.250000	-1.022465	-0.045610
1.334959	0.692599	0.395386	1.412842	0.250000	-1.022465	-0.045610
1.345694	0.692599	0.395386	1.412842	0.250000	-1.022465	-0.045610
1.355466	0.692599	0.395386	1.412842	0.250000	-1.022465	-0.045610
1.364958	0.692599	0.395386	1.412842	0.250000	-1.022465	-0.045610
1.374970	0.692599	0.395386	1.412842	0.250000	-1.022465	-0.045610
1.385667	0.692599	0.395386	1.412842	0.250000	-1.022465	-0.045610
1.395463	0.694779	0.411378	1.380216	0.250000	-1.053068	-0.049707
1.405207	0.694779	0.411378	1.380216	0.250000	-1.053068	-0.049707
1.414993	0.694779	0.411378	1.380216	0.250000	-1.053068	-0.049707
1.425708	0.694779	0.411378	1.380216	0.250000	-1.053068	-0.049707
1.435462	0.694779	0.411378	1.380216	0.250000	-1.053068	-0.049707
1.445294	0.698591	0.429115	1.340777	0.250000	-1.060518	-0.052522
1.455009	0.698591	0.429115	1.340777	0.250000	-1.060518	-0.052522
1.465755	0.698591	0.429115	1.340777	0.250000	-1.060518	-0.052522
1.475502	0.698591	0.429115	1.340777	0.250000	-1.060518	-0.052522
1.485206	0.698591	0.429115	1.340777	0.250000	-1.060518	-0.052522
1.494973	0.698591	0.429115	1.340777	0.250000	-1.060518	-0.052522
1.505762	0.698591	0.429115	1.340777	0.250000	-1.060518	-0.052522
1.515470	0.698591	0.429115	1.340777	0.250000	-1.060518	-0.052522
1.525362	0.698591	0.429115	1.340777	0.250000	-1.060518	-0.052522
1.535219	0.698591	0.429115	1.340777	0.250000	-1.060518	-0.052522
1.545744	0.704030	0.450471	1.295593	0.250000	-1.090971	-0.058397
1.555697	0.704030	0.450471	1.295593	0.250000	-1.090971	-0.058397
1.566275	0.704030	0.450471	1.295593	0.250000	-1.090971	-0.058397
1.576625	0.704030	0.450471	1.295593	0.250000	-1.090971	-0.058397
1.584871	0.704030	0.450471	1.295593	0.250000	-1.090971	-0.058397
1.594851	0.704030	0.450471	1.295593	0.250000	-1.090971	-0.058397
1.604891	0.704030	0.450471	1.295593	0.250000	-1.090971	-0.058397
1.615076	0.704030	0.450471	1.295593	0.250000	-1.090971	-0.058397
1.624891	0.704030	0.450471	1.295593	0.250000	-1.090971	-0.058397
1.634886	0.704030	0.450471	1.295593	0.250000	-1.090971	-0.058397
1.644852	0.704030	0.450471	1.295593	0.250000	-1.090971	-0.058397
1.655072	0.710570	0.470319	1.245243	0.250000	-1.080095	-0.061343
1.664881	0.710570	0.470319	1.245243	0.250000	-1.080095	-0.061343
1.675508	0.710570	0.470319	1.245243	0.250000	-1.080095	-0.061343
1.685260	0.710570	0.470319	1.245243	0.250000	-1.080095	-0.061343
1.695059	0.710570	0.470319	1.245243	0.250000	-1.080095	-0.061343
1.704848	0.710570	0.470319	1.245243	0.250000	-1.080095	-0.061343
1.715652	0.710570	0.470319	1.245243	0.250000	-1.080095	-0.061343
1.724874	0.710570	0.470319	1.245243	0.250000	-1.080095	-0.061343
1.735116	0.710570	0.470319	1.245243	0.250000	-1.080095	-0.061343
1.744855	0.719381	0.492643	1.191915	0.250000	-1.075790	-0.066519
1.755605	0.719381	0.492643	1.191915	0.250000	-1.075790	-0.066519
1.764858	0.719381	0.492643	1.191915	0.250000	-1.075790	-0.066519
1.775142	0.719381	0.492643	1.191915	0.250000	-1.075790	-0.066519
1.784920	0.719381	0.492643	1.191915	0.250000	-1.075790	-0.066519
1.795600	0.727843	0.510210	1.148680	0.250000	-1.043692	-0.068276
1.804875	0.727843	0.510210	1.148680	0.250000	-1.043692	-0.068276
1.815106	0.727843	0.510210	1.148680	0.250000	-1.043692	-0.068276
1.824861	0.727843	0.510210	1.148680	0.250000	-1.043692	-0.068276
1.834848	0.727843	0.510210	1.148680	0.250000	-1.043692	-0.068276
1.844827	0.734760	0.524463	1.107686	0.250000	-1.000155	-0.068805
1.857543	0.734760	0.524463	1.107686	0.250000	-1.000155	-0.068805
1.864895	0.734760	0.524463	1.107686	0.250000	-1.000155	-0.068805
1.874973	0.734760	0.524463	1.107686	0.250000	-1.000155	-0.068805
1.885431	0.734760	0.524463	1.107686	0.250000	-1.000155	-0.068805
1.895173	0.734760	0.524463	1.107686	0.250000	-1.000155	-0.068805
1.904929	0.734760	0.524463	1.107686	0.250000	-1.000155	-0.068805
1.915674	0.734760	0.524463	1.107686	0.250000	-1.000155	-0.068805
1.925415	0.734760	0.524463	1.107686	0.250000	-1.000155	-0.068805
1.935194	0.734760	0.524463	1.107686	0.250000	-1.000155	-0.068805
1.944968	0.741309	0.537471	1.076228	0.250000	-0.966086	-0.069968
1.955701	0.741309	0.537471	1.076228	0.250000	-0.966086	-0.069968
1.964900	0.741309	0.537471	1.076228	0.250000	-0.966086	-0.069968
1.975178	0.741309	0.537471	1.076228	0.250000	-0.966086	-0.069968
1.984872	0.741309	0.537471	1.076228	0.250000	-0.966086	-0.069968
1.995677	0.741309	0.537471	1.076228	0.250000	-0.966086	-0.069968
2.005442	0.741309	0.537471	1.076228	0.250000	-0.966086	-0.069968
2.015188	0.741309	0.537471	1.076228	0.250000	-0.966086	-0.069968
2.024928	0.741309	0.537471	1.076228	0.250000	-0.966086	-0.069968
2.034942	0.741309	0.537471	1.076228	0.250000	-0.966086	-0.069968
2.045507	0.749743	0.553400	1.022893	0.250000	-0.884079	-0.068770
2.054966	0.749743	0.553400	1.022893	0.250000	-0.884079	-0.068770
2.065517	0.749743	0.553400	1.022893	0.250000	-0.884079	-0.068770
2.075719	0.749743	0.553400	1.022893	0.250000	-0.884079	-0.068770
2.084845	0.760477	0.570830	0.973785	0.250000	-0.784505	-0.066596
2.096046	0.760477	0.570830	0.973785	0.250000	-0.784505	-0.066596
2.104997	0.760477	0.570830	0.973785	0.250000	-0.784505	-0.066596
2.115797	0.760477	0.570830	0.973785	0.250000	-0.784505	-0.066596
2.125511	0.760477	0.570830	0.973785	0.250000	-0.784505	-0.066596
2.135319	0.760477	0.570830	0.973785	0.250000	-0.784505	-0.066596
2.145028	0.760477	0.570830	0.973785	0.250000	-0.784505	-0.066596
2.156557	0.760477	0.570830	0.973785	0.250000	-0.784505	-0.066596
2.164862	0.760477	0.570830	0.973785	0.250000	-0.784505	-0.066596
2.175242	0.760477	0.570830	0.973785	0.250000	-0.784505	-0.066596
2.185350	0.760477	0.570830	0.973785	0.250000	-0.784505	-0.066596
2.194920	0.773262	0.588922	0.918766	0.250000	-0.638304	-0.060865
2.204909	0.773262	0.588922	0.918766	0.250000	-0.638304	-0.060865
2.214883	0.773262	0.588922	0.918766	0.250000	-0.638304	-0.060865
2.225017	0.773262	0.588922	0.918766	0.250000	-0.638304	-0.060865
2.234895	0.773262	0.588922	0.918766	0.250000	-0.638304	-0.060865
2.244982	0.773262	0.588922	0.918766	0.250000	-0.638304	-0.060865
2.254994	0.773262	0.588922	0.918766	0.250000	-0.638304	-0.060865
2.264933	0.773262	0.588922	0.918766	0.250000	-0.638304	-0.060865
2.274881	0.773262	0.588922	0.918766	0.250000	-0.638304	-0.060865
2.284854	0.773262	0.588922	0.918766	0.250000	-0.638304	-0.060865
2.295324	0.787821	0.607855	0.870441	0.250000	-0.435850	-0.052800
2.305074	0.787821	0.607855	0.870441	0.250000	-0.435850	-0.052800
2.314777	0.787821	0.607855	0.870441	0.250000	-0.435850	-0.052800
2.325570	0.787821	0.607855	0.870441	0.250000	-0.435850	-0.052800
2.335385	0.787821	0.607855	0.870441	0.250000	-0.435850	-0.052800
2.345103	0.787821	0.607855	0.870441	0.250000	-0.435850	-0.052800
2.354846	0.801374	0.624912	0.822959	0.250000	-0.209677	-0.042784
2.365602	0.801374	0.624912	0.822959	0.250000	-0.209677	-0.042784
2.375319	0.801374	0.624912	0.822959	0.250000	-0.209677	-0.042784
2.385038	0.801374	0.624912	0.822959	0.250000	-0.209677	-0.042784
2.394841	0.801374	0.624912	0.822959	0.250000	-0.209677	-0.042784
2.405600	0.801374	0.624912	0.822959	0.250000	-0.209677	-0.042784
2.415972	0.801374	0.624912	0.822959	0.250000	-0.209677	-0.042784
2.425904	0.801374	0.624912	0.822959	0.250000	-0.209677	-0.042784
2.434899	0.801374	0.624912	0.822959	0.250000	-0.209677	-0.042784
2.445595	0.815480	0.638098	0.764283	0.250000	0.128211	-0.026152
2.455316	0.815480	0.638098	0.764283	0.250000	0.128211	-0.026152
2.465163	0.815480	0.638098	0.764283	0.250000	0.128211	-0.026152
2.474932	0.815480	0.638098	0.764283	0.250000	0.128211	-0.026152
2.485655	0.815480	0.638098	0.764283	0.250000	0.128211	-0.026152
2.495345	0.815480	0.638098	0.764283	0.250000	0.128211	-0.026152
2.505153	0.815480	0.638098	0.764283	0.250000	0.128211	-0.026152
2.514930	0.815480	0.638098	0.764283	0.250000	0.128211	-0.026152
2.525601	0.815480	0.638098	0.764283	0.250000	0.128211	-0.026152
2.535417	0.815480	0.638098	0.764283	0.250000	0.128211	-0.026152
2.545146	0.815480	0.638098	0.764283	0.250000	0.128211	-0.026152
2.558914	0.829100	0.648104	0.707003	0.250000	0.410009	-0.011269
2.565680	0.829100	0.648104	0.707003	0.250000	0.410009	-0.011269
2.574893	0.829100	0.648104	0.707003	0.250000	0.410009	-0.011269
2.584928	0.829100	0.648104	0.707003	0.250000	0.410009	-0.011269
2.594973	0.829100	0.648104	0.707003	0.250000	0.410009	-0.011269
2.604814	0.829100	0.648104	0.707003	0.250000	0.410009	-0.011269
2.614850	0.829100	0.648104	0.707003	0.250000	0.410009	-0.011269
2.624925	0.829100	0.648104	0.707003	0.250000	0.410009	-0.011269
2.635015	0.829100	0.648104	0.707003	0.250000	0.410009	-0.011269
2.644904	0.829100	0.648104	0.707003	0.250000	0.410009	-0.011269
2.655446	0.847268	0.661402	0.641069	0.250000	0.756154	0.006424
2.665135	0.847268	0.661402	0.641069	0.250000	0.756154	0.006424
2.674872	0.847268	0.661402	0.641069	0.250000	0.756154	0.006424
2.684802	0.847268	0.661402	0.641069	0.250000	0.756154	0.006424
2.694895	0.847268	0.661402	0.641069	0.250000	0.756154	0.006424
2.705308	0.847268	0.661402	0.641069	0.250000	0.756154	0.006424
2.715100	0.847268	0.661402	0.641069	0.250000	0.756154	0.006424
2.725720	0.847268	0.661402	0.641069	0.250000	0.756154	0.006424
2.735473	0.862750	0.672396	0.615615	0.250000	0.946233	0.016355
2.745221	0.862750	0.672396	0.615615	0.250000	0.946233	0.016355
2.754939	0.862750	0.672396	0.615615	0.250000	0.946233	0.016355
2.765052	0.862750	0.672396	0.615615	0.250000	0.946233	0.016355
2.775510	0.862750	0.672396	0.615615	0.250000	0.946233	0.016355
2.785223	0.862750	0.672396	0.615615	0.250000	0.946233	0.016355
2.795043	0.862750	0.672396	0.615615	0.250000	0.946233	0.016355
2.805753	0.862750	0.672396	0.615615	0.250000	0.946233	0.016355
2.815446	0.862750	0.672396	0.615615	0.250000	0.946233	0.016355
2.826343	0.879694	0.684927	0.612589	0.250000	1.110450	0.025530
2.835034	0.879694	0.684927	0.612589	0.250000	1.110450	0.025530
2.845763	0.879694	0.684927	0.612589	0.250000	1.110450	0.025530
2.857897	0.879694	0.684927	0.612589	0.250000	1.110450	0.025530
2.864731	0.879694	0.684927	0.612589	0.250000	1.110450	0.025530
2.874958	0.879694	0.684927	0.612589	0.250000	1.110450	0.025530
2.886244	0.894189	0.695318	0.649548	0.250000	1.187705	0.031482
2.894816	0.894189	0.695318	0.649548	0.250000	1.187705	0.031482
2.904878	0.894189	0.695318	0.649548	0.250000	1.187705	0.031482
2.915039	0.894189	0.695318	0.649548	0.250000	1.187705	0.031482
2.924871	0.894189	0.695318	0.649548	0.250000	1.187705	0.031482
2.935574	0.894189	0.695318	0.649548	0.250000	1.187705	0.031482
2.945291	0.894189	0.695318	0.649548	0.250000	1.187705	0.031482
2.955123	0.894189	0.695318	0.649548	0.250000	1.187705	0.031482
2.964999	0.894189	0.695318	0.649548	0.250000	1.187705	0.031482
2.975584	0.909768	0.708299	0.694577	0.250000	1.269778	0.038869
2.985326	0.909768	0.708299	0.694577	0.250000	1.269778	0.038869
2.995043	0.909768	0.708299	0.694577	0.250000	1.269778	0.038869
3.004770	0.909768	0.708299	0.694577	0.250000	1.269778	0.038869
3.015516	0.909768	0.708299	0.694577	0.250000	1.269778	0.038869
3.026428	0.924172	0.722427	0.756964	0.250000	1.329109	0.046863
3.035021	0.924172	0.722427	0.756964	0.250000	1.329109	0.046863
3.044875	0.924172	0.722427	0.756964	0.250000	1.329109	0.046863
3.055521	0.924172	0.722427	0.756964	0.250000	1.329109	0.046863
3.065043	0.924172	0.722427	0.756964	0.250000	1.329109	0.046863
3.075130	0.924172	0.722427	0.756964	0.250000	1.329109	0.046863
3.084934	0.924172	0.722427	0.756964	0.250000	1.329109	0.046863
3.095623	0.924172	0.722427	0.756964	0.250000	1.329109	0.046863
3.105571	0.924172	0.722427	0.756964	0.250000	1.329109	0.046863
3.115149	0.924172	0.722427	0.756964	0.250000	1.329109	0.046863
3.124908	0.924172	0.722427	0.756964	0.250000	1.329109	0.046863
3.135607	0.924172	0.722427	0.756964	0.250000	1.329109	0.046863
3.145316	0.924172	0.722427	0.756964	0.250000	1.329109	0.046863
3.155077	0.924172	0.722427	0.756964	0.250000	1.329109	0.046863
3.164911	0.924172	0.722427	0.756964	0.250000	1.329109	0.046863
3.175233	0.935096	0.733521	0.805156	0.250000	1.348337	0.052127
3.185515	0.935096	0.733521	0.805156	0.250000	1.348337	0.052127
3.195207	0.935096	0.733521	0.805156	0.250000	1.348337	0.052127
3.205006	0.935096	0.733521	0.805156	0.250000	1.348337	0.052127
3.216051	0.943916	0.743296	0.844439	0.250000	1.371907	0.058100
3.225410	0.943916	0.743296	0.844439	0.250000	1.371907	0.058100
3.234952	0.943916	0.743296	0.844439	0.250000	1.371907	0.058100
3.245037	0.943916	0.743296	0.844439	0.250000	1.371907	0.058100
3.255735	0.943916	0.743296	0.844439	0.250000	1.371907	0.058100
3.265456	0.943916	0.743296	0.844439	0.250000	1.371907	0.058100
3.275229	0.943916	0.743296	0.844439	0.250000	1.371907	0.058100
3.284966	0.943916	0.743296	0.844439	0.250000	1.371907	0.058100
3.295477	0.943916	0.743296	0.844439	0.250000	1.371907	0.058100
3.304839	0.943916	0.743296	0.844439	0.250000	1.371907	0.058100
3.315215	0.943916	0.743296	0.844439	0.250000	1.371907	0.058100
3.325000	0.943916	0.743296	0.844439	0.250000	1.371907	0.058100
3.335676	0.950393	0.749845	0.878766	0.250000	1.360582	0.060522
3.345421	0.950393	0.749845	0.878766	0.250000	1.360582	0.060522
3.355203	0.950393	0.749845	0.878766	0.250000	1.360582	0.060522
3.364969	0.950393	0.749845	0.878766	0.250000	1.360582	0.060522
3.374957	0.958150	0.757960	0.914678	0.250000	1.366415	0.065308
3.385001	0.958150	0.757960	0.914678	0.250000	1.366415	0.065308
3.394897	0.958150	0.757960	0.914678	0.250000	1.366415	0.065308
3.404922	0.958150	0.757960	0.914678	0.250000	1.366415	0.065308
3.415732	0.958150	0.757960	0.914678	0.250000	1.366415	0.065308
3.425011	0.958150	0.757960	0.914678	0.250000	1.366415	0.065308
3.434916	0.968283	0.770745	0.955930	0.250000	1.392218	0.073374
3.445036	0.968283	0.770745	0.955930	0.250000	1.392218	0.073374
3.455775	0.968283	0.770745	0.955930	0.250000	1.392218	0.073374
3.465509	0.968283	0.770745	0.955930	0.250000	1.392218	0.073374
3.476313	0.968283	0.770745	0.955930	0.250000	1.392218	0.073374
3.485020	0.968283	0.770745	0.955930	0.250000	1.392218	0.073374
3.494777	0.977433	0.783428	0.996575	0.250000	1.397293	0.078994
3.505571	0.977433	0.783428	0.996575	0.250000	1.397293	0.078994
3.515340	0.977433	0.783428	0.996575	0.250000	1.397293	0.078994
3.524900	0.977433	0.783428	0.996575	0.250000	1.397293	0.078994
3.535253	0.977433	0.783428	0.996575	0.250000	1.397293	0.078994
3.545511	0.977433	0.783428	0.996575	0.250000	1.397293	0.078994
3.555255	0.990308	0.804994	1.052111	0.250000	1.416667	0.088516
3.565001	0.990308	0.804994	1.052111	0.250000	1.416667	0.088516
3.574856	0.990308	0.804994	1.052111	0.250000	1.416667	0.088516
3.584870	0.990308	0.804994	1.052111	0.250000	1.416667	0.088516
3.595334	0.990308	0.804994	1.052111	0.250000	1.416667	0.088516
3.605072	0.990308	0.804994	1.052111	0.250000	1.416667	0.088516
3.614831	0.990308	0.804994	1.052111	0.250000	1.416667	0.088516
3.625612	0.990308	0.804994	1.052111	0.250000	1.416667	0.088516
3.635335	0.998776	0.821388	1.110536	0.250000	1.398883	0.093257
3.645166	0.998776	0.821388	1.110536	0.250000	1.398883	0.093257
3.654876	0.998776	0.821388	1.110536	0.250000	1.398883	0.093257
3.665570	0.998776	0.821388	1.110536	0.250000	1.398883	0.093257
3.675352	0.998776	0.821388	1.110536	0.250000	1.398883	0.093257
3.685043	0.998776	0.821388	1.110536	0.250000	1.398883	0.093257
3.694842	1.007940	0.841893	1.158490	0.250000	1.404893	0.099991
3.705618	1.007940	0.841893	1.158490	0.250000	1.404893	0.099991
3.715501	1.007940	0.841893	1.158490	0.250000	1.404893	0.099991
3.725140	1.007940	0.841893	1.158490	0.250000	1.404893	0.099991
3.734918	1.007940	0.841893	1.158490	0.250000	1.404893	0.099991
3.745642	1.007940	0.841893	1.158490	0.250000	1.404893	0.099991
3.755376	1.007940	0.841893	1.158490	0.250000	1.404893	0.099991
3.765044	1.007940	0.841893	1.158490	0.250000	1.404893	0.099991
3.774930	1.011758	0.853731	1.202234	0.250000	1.387031	0.102417
3.784882	1.011758	0.853731	1.202234	0.250000	1.387031	0.102417
3.795401	1.011758	0.853731	1.202234	0.250000	1.387031	0.102417
3.804905	1.011758	0.853731	1.202234	0.250000	1.387031	0.102417
3.814884	1.011758	0.853731	1.202234	0.250000	1.387031	0.102417
3.825572	1.011758	0.853731	1.202234	0.250000	1.387031	0.102417
3.838294	1.011758	0.853731	1.202234	0.250000	1.387031	0.102417
3.846169	1.011758	0.853731	1.202234	0.250000	1.387031	0.102417
3.854991	1.011758	0.853731	1.202234	0.250000	1.387031	0.102417
3.865730	1.011758	0.853731	1.202234	0.250000	1.387031	0.102417
3.874870	1.016929	0.868949	1.236505	0.250000	1.383887	0.105860
3.885186	1.016929	0.868949	1.236505	0.250000	1.383887	0.105860
3.894950	1.016929	0.868949	1.236505	0.250000	1.383887	0.105860
3.905708	1.016929	0.868949	1.236505	0.250000	1.383887	0.105860
3.915534	1.016929	0.868949	1.236505	0.250000	1.383887	0.105860
3.925222	1.016929	0.868949	1.236505	0.250000	1.383887	0.105860
3.934978	1.016929	0.868949	1.236505	0.250000	1.383887	0.105860
3.945744	1.016929	0.868949	1.236505	0.250000	1.383887	0.105860
3.955374	1.016929	0.868949	1.236505	0.250000	1.383887	0.105860
3.965147	1.016929	0.868949	1.236505	0.250000	1.383887	0.105860
3.974923	1.016929	0.868949	1.236505	0.250000	1.383887	0.105860
3.985041	1.016929	0.868949	1.236505	0.250000	1.383887	0.105860
3.995261	1.016929	0.868949	1.236505	0.250000	1.383887	0.105860
4.005255	1.016929	0.868949	1.236505	0.250000	1.383887	0.105860
4.015108	1.022543	0.888600	1.294193	0.250000	1.357675	0.108408
4.025729	1.022543	0.888600	1.294193	0.250000	1.357675	0.108408
4.035488	1.022543	0.888600	1.294193	0.250000	1.357675	0.108408
4.045224	1.022543	0.888600	1.294193	0.250000	1.357675	0.108408
4.055058	1.022543	0.888600	1.294193	0.250000	1.357675	0.108408
4.064867	1.022543	0.888600	1.294193	0.250000	1.357675	0.108408
4.074860	1.022543	0.888600	1.294193	0.250000	1.357675	0.108408
4.084883	1.022543	0.888600	1.294193	0.250000	1.357675	0.108408
4.095053	1.022543	0.888600	1.294193	0.250000	1.357675	0.108408
4.104788	1.022543	0.888600	1.294193	0.250000	1.357675	0.108408
4.115553	1.022543	0.888600	1.294193	0.250000	1.357675	0.108408
4.124933	1.022543	0.888600	1.294193	0.250000	1.357675	0.108408
4.135005	1.022543	0.888600	1.294193	0.250000	1.357675	0.108408
4.144862	1.028562	0.916979	1.360880	0.250000	1.347742	0.113525
4.154896	1.028562	0.916979	1.360880	0.250000	1.347742	0.113525
4.164800	1.028562	0.916979	1.360880	0.250000	1.347742	0.113525
4.174988	1.028562	0.916979	1.360880	0.250000	1.347742	0.113525
4.184833	1.028562	0.916979	1.360880	0.250000	1.347742	0.113525
4.195684	1.031377	0.939949	1.438546	0.250000	1.295625	0.113428
4.205347	1.031377	0.939949	1.438546	0.250000	1.295625	0.113428
4.215093	1.031377	0.939949	1.438546	0.250000	1.295625	0.113428
4.224855	1.031377	0.939949	1.438546	0.250000	1.295625	0.113428
4.235555	1.031377	0.939949	1.438546	0.250000	1.295625	0.113428
4.245326	1.031377	0.939949	1.438546	0.250000	1.295625	0.113428
4.255049	1.031377	0.939949	1.438546	0.250000	1.295625	0.113428
4.264857	1.031377	0.939949	1.438546	0.250000	1.295625	0.113428
4.275587	1.031377	0.939949	1.438546	0.250000	1.295625	0.113428
4.285328	1.031377	0.939949	1.438546	0.250000	1.295625	0.113428
4.295076	1.032843	0.959691	1.595667	0.250000	1.111349	0.103683
4.304844	1.032843	0.959691	1.595667	0.250000	1.111349	0.103683
4.315640	1.032843	0.959691	1.595667	0.250000	1.111349	0.103683
4.325372	1.032843	0.959691	1.595667	0.250000	1.111349	0.103683
4.335072	1.032843	0.959691	1.595667	0.250000	1.111349	0.103683
4.344915	1.032843	0.959691	1.595667	0.250000	1.111349	0.103683
4.355626	1.032843	0.959691	1.595667	0.250000	1.111349	0.103683
4.365321	1.032843	0.959691	1.595667	0.250000	1.111349	0.103683
4.375236	1.032843	0.959691	1.595667	0.250000	1.111349	0.103683
4.385658	1.034643	0.978810	1.656793	0.250000	1.052037	0.102919
4.395600	1.034643	0.978810	1.656793	0.250000	1.052037	0.102919
4.404891	1.034643	0.978810	1.656793	0.250000	1.052037	0.102919
4.415185	1.034643	0.978810	1.656793	0.250000	1.052037	0.102919
4.424925	1.034643	0.978810	1.656793	0.250000	1.052037	0.102919
4.435655	1.034643	0.978810	1.656793	0.250000	1.052037	0.102919
4.445375	1.034643	0.978810	1.656793	0.250000	1.052037	0.102919
4.455103	1.034643	0.978810	1.656793	0.250000	1.052037	0.102919
4.465002	1.034643	0.978810	1.656793	0.250000	1.052037	0.102919
4.475684	1.034643	0.978810	1.656793	0.250000	1.052037	0.102919
4.485456	1.037143	1.008065	1.720484	0.250000	0.990962	0.104819
4.495289	1.037143	1.008065	1.720484	0.250000	0.990962	0.104819
4.504958	1.037143	1.008065	1.720484	0.250000	0.990962	0.104819
4.515643	1.036425	1.029539	1.685385	0.250000	1.047953	0.113587
4.525408	1.036425	1.029539	1.685385	0.250000	1.047953	0.113587
4.535671	1.036425	1.029539	1.685385	0.250000	1.047953	0.113587
4.544991	1.036425	1.029539	1.685385	0.250000	1.047953	0.113587
4.554873	1.036425	1.029539	1.685385	0.250000	1.047953	0.113587
4.565474	1.036425	1.029539	1.685385	0.250000	1.047953	0.113587
4.575256	1.036425	1.029539	1.685385	0.250000	1.047953	0.113587
4.584918	1.036425	1.029539	1.685385	0.250000	1.047953	0.113587
4.595639	1.036425	1.029539	1.685385	0.250000	1.047953	0.113587
4.605492	1.036425	1.029539	1.685385	0.250000	1.047953	0.113587
4.615188	1.029307	1.042206	1.735107	0.250000	0.930206	0.103287
4.625015	1.029307	1.042206	1.735107	0.250000	0.930206	0.103287
4.635778	1.029307	1.042206	1.735107	0.250000	0.930206	0.103287
4.645558	1.029307	1.042206	1.735107	0.250000	0.930206	0.103287
4.655009	1.029307	1.042206	1.735107	0.250000	0.930206	0.103287
4.665048	1.029307	1.042206	1.735107	0.250000	0.930206	0.103287
4.675790	1.026365	1.055429	1.766723	0.250000	0.852873	0.098631
4.685476	1.026365	1.055429	1.766723	0.250000	0.852873	0.098631
4.695287	1.026365	1.055429	1.766723	0.250000	0.852873	0.098631
4.705070	1.026365	1.055429	1.766723	0.250000	0.852873	0.098631
4.714805	1.023954	1.073142	1.908638	0.250000	0.561426	0.078489
4.726078	1.023954	1.073142	1.908638	0.250000	0.561426	0.078489
4.735330	1.023954	1.073142	1.908638	0.250000	0.561426	0.078489
4.744924	1.023954	1.073142	1.908638	0.250000	0.561426	0.078489
4.754857	1.023954	1.073142	1.908638	0.250000	0.561426	0.078489
4.764889	1.023954	1.073142	1.908638	0.250000	0.561426	0.078489
4.774964	1.023954	1.073142	1.908638	0.250000	0.561426	0.078489
4.784947	1.023954	1.073142	1.908638	0.250000	0.561426	0.078489
4.796136	1.023954	1.073142	1.908638	0.250000	0.561426	0.078489
4.804879	1.023954	1.073142	1.908638	0.250000	0.561426	0.078489
4.815291	1.019974	1.088100	1.946944	0.250000	0.422058	0.069846
4.825088	1.019974	1.088100	1.946944	0.250000	0.422058	0.069846
4.834851	1.019974	1.088100	1.946944	0.250000	0.422058	0.069846
4.845570	1.019974	1.088100	1.946944	0.250000	0.422058	0.069846
4.856793	1.019974	1.088100	1.946944	0.250000	0.422058	0.069846
4.865137	1.019974	1.088100	1.946944	0.250000	0.422058	0.069846
4.874923	1.019974	1.088100	1.946944	0.250000	0.422058	0.069846
4.885649	1.019974	1.088100	1.946944	0.250000	0.422058	0.069846
4.895357	1.019974	1.088100	1.946944	0.250000	0.422058	0.069846
4.905128	1.019974	1.088100	1.946944	0.250000	0.422058	0.069846
4.914924	1.019974	1.088100	1.946944	0.250000	0.422058	0.069846
4.925644	1.019974	1.088100	1.946944	0.250000	0.422058	0.069846
4.935396	1.019974	1.088100	1.946944	0.250000	0.422058	0.069846
4.947078	1.012320	1.106357	2.006283	0.250000	0.205830	0.054851
4.954811	1.012320	1.106357	2.006283	0.250000	0.205830	0.054851
4.965636	1.012320	1.106357	2.006283	0.250000	0.205830	0.054851
4.975408	1.012320	1.106357	2.006283	0.250000	0.205830	0.054851
4.985120	1.012320	1.106357	2.006283	0.250000	0.205830	0.054851
4.994942	1.012320	1.106357	2.006283	0.250000	0.205830	0.054851
5.005702	1.012320	1.106357	2.006283	0.250000	0.205830	0.054851
5.015382	1.012320	1.106357	2.006283	0.250000	0.205830	0.054851
5.025200	1.003848	1.129018	1.960139	0.250000	0.178818	0.052617
5.034935	1.003848	1.129018	1.960139	0.250000	0.178818	0.052617
5.045663	1.003848	1.129018	1.960139	0.250000	0.178818	0.052617
5.055480	1.003848	1.129018	1.960139	0.250000	0.178818	0.052617
5.065159	0.995265	1.147010	2.032271	0.250000	-0.081748	0.034858
5.074999	0.995265	1.147010	2.032271	0.250000	-0.081748	0.034858
5.085694	0.995265	1.147010	2.032271	0.250000	-0.081748	0.034858
5.095459	0.995265	1.147010	2.032271	0.250000	-0.081748	0.034858
5.105205	0.995265	1.147010	2.032271	0.250000	-0.081748	0.034858
5.115049	0.995265	1.147010	2.032271	0.250000	-0.081748	0.034858
5.125644	0.988070	1.160123	2.077072	0.250000	-0.273095	0.022455
5.135472	0.988070	1.160123	2.077072	0.250000	-0.273095	0.022455
5.145211	0.988070	1.160123	2.077072	0.250000	-0.273095	0.022455
5.154932	0.988070	1.160123	2.077072	0.250000	-0.273095	0.022455
5.165729	0.988070	1.160123	2.077072	0.250000	-0.273095	0.022455
5.175473	0.979704	1.166509	2.220511	0.250000	-0.677161	0.000215
5.185258	0.979704	1.166509	2.220511	0.250000	-0.677161	0.000215
5.195011	0.979704	1.166509	2.220511	0.250000	-0.677161	0.000215
5.204888	0.979704	1.166509	2.220511	0.250000	-0.677161	0.000215
5.214875	0.979704	1.166509	2.220511	0.250000	-0.677161	0.000215
5.225267	0.979704	1.166509	2.220511	0.250000	-0.677161	0.000215
5.235028	0.979704	1.166509	2.220511	0.250000	-0.677161	0.000215
5.244830	0.979704	1.166509	2.220511	0.250000	-0.677161	0.000215
5.255512	0.979704	1.166509	2.220511	0.250000	-0.677161	0.000215
5.265257	0.973716	1.182007	2.335421	0.250000	-0.936640	-0.011913
5.275048	0.973716	1.182007	2.335421	0.250000	-0.936640	-0.011913
5.285701	0.973716	1.182007	2.335421	0.250000	-0.936640	-0.011913
5.295516	0.973716	1.182007	2.335421	0.250000	-0.936640	-0.011913
5.305316	0.973716	1.182007	2.335421	0.250000	-0.936640	-0.011913
5.315086	0.973716	1.182007	2.335421	0.250000	-0.936640	-0.011913
5.325799	0.964153	1.200603	2.445638	0.250000	-1.184620	-0.023233
5.335554	0.964153	1.200603	2.445638	0.250000	-1.184620	-0.023233
5.345320	0.964153	1.200603	2.445638	0.250000	-1.184620	-0.023233
5.355019	0.964153	1.200603	2.445638	0.250000	-1.184620	-0.023233
5.364798	0.964153	1.200603	2.445638	0.250000	-1.184620	-0.023233
5.375597	0.964153	1.200603	2.445638	0.250000	-1.184620	-0.023233
5.385095	0.964153	1.200603	2.445638	0.250000	-1.184620	-0.023233
5.395099	0.964153	1.200603	2.445638	0.250000	-1.184620	-0.023233
5.404806	0.953584	1.213096	2.339895	0.250000	-1.132532	-0.026478
5.415588	0.953584	1.213096	2.339895	0.250000	-1.132532	-0.026478
5.425355	0.953584	1.213096	2.339895	0.250000	-1.132532	-0.026478
5.435109	0.953584	1.213096	2.339895	0.250000	-1.132532	-0.026478
5.444921	0.953584	1.213096	2.339895	0.250000	-1.132532	-0.026478
5.455580	0.953584	1.213096	2.339895	0.250000	-1.132532	-0.026478
5.465353	0.953584	1.213096	2.339895	0.250000	-1.132532	-0.026478
5.475079	0.953584	1.213096	2.339895	0.250000	-1.132532	-0.026478
5.484802	0.953584	1.213096	2.339895	0.250000	-1.132532	-0.026478
5.495596	0.953584	1.213096	2.339895	0.250000	-1.132532	-0.026478
5.505329	0.940416	1.229510	2.327263	0.250000	-1.207085	-0.034023
5.515177	0.940416	1.229510	2.327263	0.250000	-1.207085	-0.034023
5.524891	0.940416	1.229510	2.327263	0.250000	-1.207085	-0.034023
5.535673	0.940416	1.229510	2.327263	0.250000	-1.207085	-0.034023
5.545370	0.940416	1.229510	2.327263	0.250000	-1.207085	-0.034023
5.555238	0.940416	1.229510	2.327263	0.250000	-1.207085	-0.034023
5.564919	0.940416	1.229510	2.327263	0.250000	-1.207085	-0.034023
5.574844	0.940416	1.229510	2.327263	0.250000	-1.207085	-0.034023
5.584859	0.928896	1.243184	2.312456	0.250000	-1.278139	-0.042335
5.595179	0.928896	1.243184	2.312456	0.250000	-1.278139	-0.042335
5.604928	0.928896	1.243184	2.312456	0.250000	-1.278139	-0.042335
5.614863	0.928896	1.243184	2.312456	0.250000	-1.278139	-0.042335
5.624861	0.928896	1.243184	2.312456	0.250000	-1.278139	-0.042335
5.635193	0.928896	1.243184	2.312456	0.250000	-1.278139	-0.042335
5.644940	0.928896	1.243184	2.312456	0.250000	-1.278139	-0.042335
5.655727	0.928896	1.243184	2.312456	0.250000	-1.278139	-0.042335
5.665465	0.928896	1.243184	2.312456	0.250000	-1.278139	-0.042335
5.675234	0.928896	1.243184	2.312456	0.250000	-1.278139	-0.042335
5.684929	0.917835	1.267235	2.253678	0.250000	-1.286303	-0.050115
5.695704	0.917835	1.267235	2.253678	0.250000	-1.286303	-0.050115
5.705467	0.917835	1.267235	2.253678	0.250000	-1.286303	-0.050115
5.715174	0.917835	1.267235	2.253678	0.250000	-1.286303	-0.050115
5.726713	0.917835	1.267235	2.253678	0.250000	-1.286303	-0.050115
5.735719	0.917835	1.267235	2.253678	0.250000	-1.286303	-0.050115
5.745494	0.917835	1.267235	2.253678	0.250000	-1.286303	-0.050115
5.755267	0.917835	1.267235	2.253678	0.250000	-1.286303	-0.050115
5.764950	0.917835	1.267235	2.253678	0.250000	-1.286303	-0.050115
5.774878	0.917835	1.267235	2.253678	0.250000	-1.286303	-0.050115
5.784868	0.917835	1.267235	2.253678	0.250000	-1.286303	-0.050115
5.794909	0.917835	1.267235	2.253678	0.250000	-1.286303	-0.050115
5.804942	0.909971	1.288683	2.218299	0.250000	-1.290334	-0.056670
5.814833	0.909971	1.288683	2.218299	0.250000	-1.290334	-0.056670
5.824841	0.909971	1.288683	2.218299	0.250000	-1.290334	-0.056670
5.834978	0.909971	1.288683	2.218299	0.250000	-1.290334	-0.056670
5.845037	0.900060	1.300542	2.049444	0.250000	-1.102826	-0.058453
5.857271	0.900060	1.300542	2.049444	0.250000	-1.102826	-0.058453
5.864904	0.900060	1.300542	2.049444	0.250000	-1.102826	-0.058453
5.874893	0.900060	1.300542	2.049444	0.250000	-1.102826	-0.058453
5.885048	0.900060	1.300542	2.049444	0.250000	-1.102826	-0.058453
5.895763	0.900060	1.300542	2.049444	0.250000	-1.102826	-0.058453
5.905536	0.900060	1.300542	2.049444	0.250000	-1.102826	-0.058453
5.915280	0.900060	1.300542	2.049444	0.250000	-1.102826	-0.058453
5.924919	0.900060	1.300542	2.049444	0.250000	-1.102826	-0.058453
5.935791	0.892675	1.314183	2.150753	0.250000	-1.291826	-0.071642
5.945552	0.892675	1.314183	2.150753	0.250000	-1.291826	-0.071642
5.955265	0.892675	1.314183	2.150753	0.250000	-1.291826	-0.071642
5.964987	0.892675	1.314183	2.150753	0.250000	-1.291826	-0.071642
5.974831	0.892675	1.314183	2.150753	0.250000	-1.291826	-0.071642
5.985089	0.886545	1.326485	1.977642	0.250000	-1.027332	-0.065201
5.994911	0.886545	1.326485	1.977642	0.250000	-1.027332	-0.065201
6.004943	0.886545	1.326485	1.977642	0.250000	-1.027332	-0.065201
6.014827	0.886545	1.326485	1.977642	0.250000	-1.027332	-0.065201
6.025585	0.886545	1.326485	1.977642	0.250000	-1.027332	-0.065201
6.035349	0.881851	1.338364	2.066036	0.250000	-1.180240	-0.077861
6.045090	0.881851	1.338364	2.066036	0.250000	-1.180240	-0.077861
6.054829	0.881851	1.338364	2.066036	0.250000	-1.180240	-0.077861
6.065598	0.881851	1.338364	2.066036	0.250000	-1.180240	-0.077861
6.075366	0.881851	1.338364	2.066036	0.250000	-1.180240	-0.077861
6.085123	0.881851	1.338364	2.066036	0.250000	-1.180240	-0.077861
6.095951	0.881851	1.338364	2.066036	0.250000	-1.180240	-0.077861
6.104886	0.881851	1.338364	2.066036	0.250000	-1.180240	-0.077861
6.114833	0.881851	1.338364	2.066036	0.250000	-1.180240	-0.077861
6.124900	0.881851	1.338364	2.066036	0.250000	-1.180240	-0.077861
6.134897	0.878446	1.351771	1.890592	0.250000	-0.841696	-0.063407
6.145645	0.878446	1.351771	1.890592	0.250000	-0.841696	-0.063407
6.155314	0.878446	1.351771	1.890592	0.250000	-0.841696	-0.063407
6.164908	0.878446	1.351771	1.890592	0.250000	-0.841696	-0.063407
6.174951	0.878446	1.351771	1.890592	0.250000	-0.841696	-0.063407
6.184906	0.876756	1.366918	1.861671	0.250000	-0.751660	-0.058134
