t	x(t)	y(t)	theta(t)	v(t)	gamma(t)	efa
0.006288	0.694486	0.170395	1.625820	0.250000	-0.052099	-0.007755
0.006760	0.694486	0.170395	1.625820	0.250000	-0.052099	-0.007755
0.017092	0.694486	0.170395	1.625820	0.250000	-0.052099	-0.007755
0.026831	0.694486	0.170395	1.625820	0.250000	-0.052099	-0.007755
0.037677	0.694486	0.170395	1.625820	0.250000	-0.052099	-0.007755
0.046982	0.694486	0.170395	1.625820	0.250000	-0.052099	-0.007755
0.057980	0.694486	0.170395	1.625820	0.250000	-0.052099	-0.007755
0.066781	0.695497	0.169485	1.621398	0.250000	-0.029045	-0.006192
0.076849	0.695497	0.169485	1.621398	0.250000	-0.029045	-0.006192
0.087413	0.695497	0.169485	1.621398	0.250000	-0.029045	-0.006192
0.098927	0.695497	0.169485	1.621398	0.250000	-0.029045	-0.006192
0.106833	0.695497	0.169485	1.621398	0.250000	-0.029045	-0.006192
0.117263	0.695497	0.169485	1.621398	0.250000	-0.029045	-0.006192
0.127418	0.695497	0.169485	1.621398	0.250000	-0.029045	-0.006192
0.137116	0.695497	0.169485	1.621398	0.250000	-0.029045	-0.006192
0.146855	0.695497	0.169485	1.621398	0.250000	-0.029045	-0.006192
0.157628	0.695497	0.169485	1.621398	0.250000	-0.029045	-0.006192
0.167358	0.695497	0.169485	1.621398	0.250000	-0.029045	-0.006192
0.177113	0.695497	0.169485	1.621398	0.250000	-0.029045	-0.006192
0.186851	0.695497	0.169485	1.621398	0.250000	-0.029045	-0.006192
0.197593	0.695497	0.169485	1.621398	0.250000	-0.029045	-0.006192
0.207350	0.695497	0.169485	1.621398	0.250000	-0.029045	-0.006192
0.217117	0.695497	0.169485	1.621398	0.250000	-0.029045	-0.006192
0.226807	0.694479	0.171549	1.625837	0.250000	-0.055071	-0.007564
0.236806	0.694479	0.171549	1.625837	0.250000	-0.055071	-0.007564
0.246820	0.694479	0.171549	1.625837	0.250000	-0.055071	-0.007564
0.257163	0.694479	0.171549	1.625837	0.250000	-0.055071	-0.007564
0.266824	0.694479	0.171549	1.625837	0.250000	-0.055071	-0.007564
0.277498	0.694479	0.171549	1.625837	0.250000	-0.055071	-0.007564
0.287141	0.694450	0.176159	1.625906	0.250000	-0.057132	-0.007232
0.297206	0.694450	0.176159	1.625906	0.250000	-0.057132	-0.007232
0.306897	0.694450	0.176159	1.625906	0.250000	-0.057132	-0.007232
0.317055	0.694450	0.176159	1.625906	0.250000	-0.057132	-0.007232
0.326846	0.694450	0.176159	1.625906	0.250000	-0.057132	-0.007232
0.337114	0.694405	0.183072	1.626013	0.250000	-0.065537	-0.006749
0.346902	0.694405	0.183072	1.626013	0.250000	-0.065537	-0.006749
0.356768	0.694405	0.183072	1.626013	0.250000	-0.065537	-0.006749
0.366811	0.694405	0.183072	1.626013	0.250000	-0.065537	-0.006749
0.376863	0.694405	0.183072	1.626013	0.250000	-0.065537	-0.006749
0.386938	0.694405	0.183072	1.626013	0.250000	-0.065537	-0.006749
0.396808	0.694405	0.183072	1.626013	0.250000	-0.065537	-0.006749
0.408698	0.694405	0.183072	1.626013	0.250000	-0.065537	-0.006749
0.417162	0.694405	0.183072	1.626013	0.250000	-0.065537	-0.006749
0.426940	0.694405	0.183072	1.626013	0.250000	-0.065537	-0.006749
0.437829	0.694405	0.183072	1.626013	0.250000	-0.065537	-0.006749
0.448034	0.694169	0.198305	1.622928	0.250000	-0.087821	-0.005755
0.457258	0.694169	0.198305	1.622928	0.250000	-0.087821	-0.005755
0.466838	0.694169	0.198305	1.622928	0.250000	-0.087821	-0.005755
0.476846	0.694169	0.198305	1.622928	0.250000	-0.087821	-0.005755
0.487473	0.694169	0.198305	1.622928	0.250000	-0.087821	-0.005755
0.497225	0.694169	0.198305	1.622928	0.250000	-0.087821	-0.005755
0.507132	0.694169	0.198305	1.622928	0.250000	-0.087821	-0.005755
0.518017	0.694169	0.198305	1.622928	0.250000	-0.087821	-0.005755
0.527464	0.694169	0.198305	1.622928	0.250000	-0.087821	-0.005755
0.537288	0.694169	0.198305	1.622928	0.250000	-0.087821	-0.005755
0.547041	0.694169	0.198305	1.622928	0.250000	-0.087821	-0.005755
0.556907	0.692291	0.215740	1.614981	0.250000	-0.153464	-0.006480
0.567558	0.692291	0.215740	1.614981	0.250000	-0.153464	-0.006480
0.577182	0.692291	0.215740	1.614981	0.250000	-0.153464	-0.006480
0.586995	0.692291	0.215740	1.614981	0.250000	-0.153464	-0.006480
0.597445	0.692291	0.215740	1.614981	0.250000	-0.153464	-0.006480
0.606838	0.692291	0.215740	1.614981	0.250000	-0.153464	-0.006480
0.618223	0.692291	0.215740	1.614981	0.250000	-0.153464	-0.006480
0.626800	0.690177	0.239284	1.611156	0.250000	-0.304924	-0.010037
0.636889	0.690177	0.239284	1.611156	0.250000	-0.304924	-0.010037
0.647596	0.690177	0.239284	1.611156	0.250000	-0.304924	-0.010037
0.657201	0.690177	0.239284	1.611156	0.250000	-0.304924	-0.010037
0.667053	0.690177	0.239284	1.611156	0.250000	-0.304924	-0.010037
0.676780	0.690177	0.239284	1.611156	0.250000	-0.304924	-0.010037
0.687578	0.690177	0.239284	1.611156	0.250000	-0.304924	-0.010037
0.697311	0.690177	0.239284	1.611156	0.250000	-0.304924	-0.010037
0.707199	0.690177	0.239284	1.611156	0.250000	-0.304924	-0.010037
0.716817	0.690177	0.239284	1.611156	0.250000	-0.304924	-0.010037
0.727538	0.690177	0.239284	1.611156	0.250000	-0.304924	-0.010037
0.737260	0.688140	0.261762	1.607562	0.250000	-0.483552	-0.016001
0.746989	0.688140	0.261762	1.607562	0.250000	-0.483552	-0.016001
0.756835	0.688140	0.261762	1.607562	0.250000	-0.483552	-0.016001
0.766789	0.688140	0.261762	1.607562	0.250000	-0.483552	-0.016001
0.777335	0.688140	0.261762	1.607562	0.250000	-0.483552	-0.016001
0.787040	0.687095	0.284493	1.599426	0.250000	-0.629488	-0.021460
0.796895	0.687095	0.284493	1.599426	0.250000	-0.629488	-0.021460
0.807862	0.687095	0.284493	1.599426	0.250000	-0.629488	-0.021460
0.817382	0.687095	0.284493	1.599426	0.250000	-0.629488	-0.021460
0.826862	0.687095	0.284493	1.599426	0.250000	-0.629488	-0.021460
0.836843	0.687095	0.284493	1.599426	0.250000	-0.629488	-0.021460
0.846778	0.686460	0.304951	1.579986	0.250000	-0.725699	-0.025456
0.857388	0.686460	0.304951	1.579986	0.250000	-0.725699	-0.025456
0.867393	0.686460	0.304951	1.579986	0.250000	-0.725699	-0.025456
0.876993	0.686460	0.304951	1.579986	0.250000	-0.725699	-0.025456
0.886889	0.686460	0.304951	1.579986	0.250000	-0.725699	-0.025456
0.897372	0.686460	0.304951	1.579986	0.250000	-0.725699	-0.025456
0.907169	0.686460	0.304951	1.579986	0.250000	-0.725699	-0.025456
0.916914	0.686460	0.304951	1.579986	0.250000	-0.725699	-0.025456
0.926817	0.686460	0.304951	1.579986	0.250000	-0.725699	-0.025456
0.937474	0.686460	0.304951	1.579986	0.250000	-0.725699	-0.025456
0.946861	0.686460	0.304951	1.579986	0.250000	-0.725699	-0.025456
0.956877	0.686741	0.324807	1.555037	0.250000	-0.834141	-0.030630
0.967050	0.686741	0.324807	1.555037	0.250000	-0.834141	-0.030630
0.977616	0.686741	0.324807	1.555037	0.250000	-0.834141	-0.030630
0.986867	0.686741	0.324807	1.555037	0.250000	-0.834141	-0.030630
0.996909	0.686741	0.324807	1.555037	0.250000	-0.834141	-0.030630
1.006844	0.686741	0.324807	1.555037	0.250000	-0.834141	-0.030630
1.017409	0.687362	0.343358	1.521827	0.250000	-0.897111	-0.034351
1.028246	0.687362	0.343358	1.521827	0.250000	-0.897111	-0.034351
1.036970	0.687362	0.343358	1.521827	0.250000	-0.897111	-0.034351
1.046896	0.687362	0.343358	1.521827	0.250000	-0.897111	-0.034351
1.057577	0.687362	0.343358	1.521827	0.250000	-0.897111	-0.034351
1.067297	0.687362	0.343358	1.521827	0.250000	-0.897111	-0.034351
1.077103	0.687362	0.343358	1.521827	0.250000	-0.897111	-0.034351
1.086819	0.687362	0.343358	1.521827	0.250000	-0.897111	-0.034351
1.097456	0.687362	0.343358	1.521827	0.250000	-0.897111	-0.034351
1.107206	0.687362	0.343358	1.521827	0.250000	-0.897111	-0.034351
1.116927	0.687362	0.343358	1.521827	0.250000	-0.897111	-0.034351
1.126667	0.689456	0.366351	1.469462	0.250000	-0.938132	-0.037666
1.137442	0.689456	0.366351	1.469462	0.250000	-0.938132	-0.037666
1.147166	0.689456	0.366351	1.469462	0.250000	-0.938132	-0.037666
1.156981	0.689456	0.366351	1.469462	0.250000	-0.938132	-0.037666
1.166798	0.689456	0.366351	1.469462	0.250000	-0.938132	-0.037666
1.177557	0.689456	0.366351	1.469462	0.250000	-0.938132	-0.037666
1.187251	0.689456	0.366351	1.469462	0.250000	-0.938132	-0.037666
1.196791	0.689456	0.366351	1.469462	0.250000	-0.938132	-0.037666
1.206825	0.689456	0.366351	1.469462	0.250000	-0.938132	-0.037666
1.217509	0.689456	0.366351	1.469462	0.250000	-0.938132	-0.037666
1.227266	0.689456	0.366351	1.469462	0.250000	-0.938132	-0.037666
1.237009	0.689456	0.366351	1.469462	0.250000	-0.938132	-0.037666
1.246807	0.691340	0.386253	1.415730	0.250000	-0.979623	-0.042294
1.257537	0.691340	0.386253	1.415730	0.250000	-0.979623	-0.042294
1.267318	0.691340	0.386253	1.415730	0.250000	-0.979623	-0.042294
1.277047	0.691340	0.386253	1.415730	0.250000	-0.979623	-0.042294
1.286819	0.691340	0.386253	1.415730	0.250000	-0.979623	-0.042294
1.297509	0.691340	0.386253	1.415730	0.250000	-0.979623	-0.042294
1.307316	0.691340	0.386253	1.415730	0.250000	-0.979623	-0.042294
1.317062	0.691340	0.386253	1.415730	0.250000	-0.979623	-0.042294
1.326754	0.694612	0.407409	1.361224	0.250000	-0.987529	-0.045250
1.337549	0.694612	0.407409	1.361224	0.250000	-0.987529	-0.045250
1.346978	0.694612	0.407409	1.361224	0.250000	-0.987529	-0.045250
1.357419	0.694612	0.407409	1.361224	0.250000	-0.987529	-0.045250
1.366833	0.694612	0.407409	1.361224	0.250000	-0.987529	-0.045250
1.377668	0.694612	0.407409	1.361224	0.250000	-0.987529	-0.045250
1.387302	0.694612	0.407409	1.361224	0.250000	-0.987529	-0.045250
1.397096	0.694612	0.407409	1.361224	0.250000	-0.987529	-0.045250
1.408639	0.694612	0.407409	1.361224	0.250000	-0.987529	-0.045250
1.417032	0.694612	0.407409	1.361224	0.250000	-0.987529	-0.045250
1.426804	0.694612	0.407409	1.361224	0.250000	-0.987529	-0.045250
1.437104	0.694612	0.407409	1.361224	0.250000	-0.987529	-0.045250
1.446885	0.694612	0.407409	1.361224	0.250000	-0.987529	-0.045250
1.456790	0.698869	0.426950	1.320259	0.250000	-1.013851	-0.049526
1.466805	0.698869	0.426950	1.320259	0.250000	-1.013851	-0.049526
1.477140	0.698869	0.426950	1.320259	0.250000	-1.013851	-0.049526
1.487227	0.698869	0.426950	1.320259	0.250000	-1.013851	-0.049526
1.497619	0.698869	0.426950	1.320259	0.250000	-1.013851	-0.049526
1.507539	0.698869	0.426950	1.320259	0.250000	-1.013851	-0.049526
1.517177	0.698869	0.426950	1.320259	0.250000	-1.013851	-0.049526
1.526925	0.698869	0.426950	1.320259	0.250000	-1.013851	-0.049526
1.536856	0.703344	0.447174	1.265019	0.250000	-1.030641	-0.054774
1.547416	0.703344	0.447174	1.265019	0.250000	-1.030641	-0.054774
1.557153	0.703344	0.447174	1.265019	0.250000	-1.030641	-0.054774
1.566897	0.703344	0.447174	1.265019	0.250000	-1.030641	-0.054774
1.577667	0.703344	0.447174	1.265019	0.250000	-1.030641	-0.054774
1.587433	0.703344	0.447174	1.265019	0.250000	-1.030641	-0.054774
1.597210	0.703344	0.447174	1.265019	0.250000	-1.030641	-0.054774
1.607125	0.703344	0.447174	1.265019	0.250000	-1.030641	-0.054774
1.617647	0.703344	0.447174	1.265019	0.250000	-1.030641	-0.054774
1.627403	0.710225	0.468587	1.218281	0.250000	-1.028129	-0.058188
1.637191	0.710225	0.468587	1.218281	0.250000	-1.028129	-0.058188
1.646961	0.710225	0.468587	1.218281	0.250000	-1.028129	-0.058188
1.657678	0.710225	0.468587	1.218281	0.250000	-1.028129	-0.058188
1.667542	0.710225	0.468587	1.218281	0.250000	-1.028129	-0.058188
1.677333	0.710225	0.468587	1.218281	0.250000	-1.028129	-0.058188
1.686978	0.717758	0.487796	1.165422	0.250000	-1.012108	-0.061657
1.697027	0.717758	0.487796	1.165422	0.250000	-1.012108	-0.061657
1.707439	0.717758	0.487796	1.165422	0.250000	-1.012108	-0.061657
1.717178	0.726274	0.504141	1.134286	0.250000	-0.989772	-0.062747
1.727034	0.726274	0.504141	1.134286	0.250000	-0.989772	-0.062747
1.736817	0.726274	0.504141	1.134286	0.250000	-0.989772	-0.062747
1.746808	0.726274	0.504141	1.134286	0.250000	-0.989772	-0.062747
1.757241	0.726274	0.504141	1.134286	0.250000	-0.989772	-0.062747
1.766786	0.726274	0.504141	1.134286	0.250000	-0.989772	-0.062747
1.776785	0.726274	0.504141	1.134286	0.250000	-0.989772	-0.062747
1.787454	0.726274	0.504141	1.134286	0.250000	-0.989772	-0.062747
1.797203	0.726274	0.504141	1.134286	0.250000	-0.989772	-0.062747
1.807034	0.726274	0.504141	1.134286	0.250000	-0.989772	-0.062747
1.816812	0.726274	0.504141	1.134286	0.250000	-0.989772	-0.062747
1.826830	0.733768	0.516191	1.096179	0.250000	-0.942966	-0.062148
1.837277	0.733768	0.516191	1.096179	0.250000	-0.942966	-0.062148
1.847059	0.733768	0.516191	1.096179	0.250000	-0.942966	-0.062148
1.856764	0.733768	0.516191	1.096179	0.250000	-0.942966	-0.062148
1.867313	0.740686	0.527592	1.059703	0.250000	-0.894011	-0.061643
1.876922	0.740686	0.527592	1.059703	0.250000	-0.894011	-0.061643
1.887047	0.740686	0.527592	1.059703	0.250000	-0.894011	-0.061643
1.896836	0.740686	0.527592	1.059703	0.250000	-0.894011	-0.061643
1.907585	0.740686	0.527592	1.059703	0.250000	-0.894011	-0.061643
1.917282	0.740686	0.527592	1.059703	0.250000	-0.894011	-0.061643
1.927072	0.740686	0.527592	1.059703	0.250000	-0.894011	-0.061643
1.936894	0.740686	0.527592	1.059703	0.250000	-0.894011	-0.061643
1.947591	0.740686	0.527592	1.059703	0.250000	-0.894011	-0.061643
1.956759	0.740686	0.527592	1.059703	0.250000	-0.894011	-0.061643
1.967084	0.740686	0.527592	1.059703	0.250000	-0.894011	-0.061643
1.976876	0.740686	0.527592	1.059703	0.250000	-0.894011	-0.061643
1.986766	0.752162	0.544480	1.004672	0.250000	-0.796185	-0.058944
1.997342	0.752162	0.544480	1.004672	0.250000	-0.796185	-0.058944
2.007105	0.752162	0.544480	1.004672	0.250000	-0.796185	-0.058944
2.016820	0.752162	0.544480	1.004672	0.250000	-0.796185	-0.058944
2.026862	0.752162	0.544480	1.004672	0.250000	-0.796185	-0.058944
2.037341	0.752162	0.544480	1.004672	0.250000	-0.796185	-0.058944
2.047125	0.752162	0.544480	1.004672	0.250000	-0.796185	-0.058944
2.056928	0.752162	0.544480	1.004672	0.250000	-0.796185	-0.058944
2.067586	0.752162	0.544480	1.004672	0.250000	-0.796185	-0.058944
2.077368	0.752162	0.544480	1.004672	0.250000	-0.796185	-0.058944
2.087322	0.767123	0.568721	0.950607	0.250000	-0.686215	-0.056903
2.096911	0.767123	0.568721	0.950607	0.250000	-0.686215	-0.056903
2.107625	0.767123	0.568721	0.950607	0.250000	-0.686215	-0.056903
2.117422	0.767123	0.568721	0.950607	0.250000	-0.686215	-0.056903
2.127106	0.767123	0.568721	0.950607	0.250000	-0.686215	-0.056903
2.136966	0.767123	0.568721	0.950607	0.250000	-0.686215	-0.056903
2.147618	0.781686	0.588476	0.895978	0.250000	-0.512048	-0.050698
2.160586	0.781686	0.588476	0.895978	0.250000	-0.512048	-0.050698
2.167159	0.781686	0.588476	0.895978	0.250000	-0.512048	-0.050698
2.176860	0.781686	0.588476	0.895978	0.250000	-0.512048	-0.050698
2.187697	0.781686	0.588476	0.895978	0.250000	-0.512048	-0.050698
2.197430	0.781686	0.588476	0.895978	0.250000	-0.512048	-0.050698
2.207304	0.781686	0.588476	0.895978	0.250000	-0.512048	-0.050698
2.216970	0.781686	0.588476	0.895978	0.250000	-0.512048	-0.050698
2.228543	0.781686	0.588476	0.895978	0.250000	-0.512048	-0.050698
2.237403	0.781686	0.588476	0.895978	0.250000	-0.512048	-0.050698
2.247170	0.781686	0.588476	0.895978	0.250000	-0.512048	-0.050698
2.256945	0.781686	0.588476	0.895978	0.250000	-0.512048	-0.050698
2.267670	0.794382	0.604834	0.840641	0.250000	-0.303742	-0.041542
2.277469	0.794382	0.604834	0.840641	0.250000	-0.303742	-0.041542
2.287277	0.794382	0.604834	0.840641	0.250000	-0.303742	-0.041542
2.296994	0.794382	0.604834	0.840641	0.250000	-0.303742	-0.041542
2.307354	0.794382	0.604834	0.840641	0.250000	-0.303742	-0.041542
2.317464	0.794382	0.604834	0.840641	0.250000	-0.303742	-0.041542
2.327164	0.804577	0.613792	0.779838	0.250000	-0.076648	-0.029258
2.336991	0.804577	0.613792	0.779838	0.250000	-0.076648	-0.029258
2.346756	0.804577	0.613792	0.779838	0.250000	-0.076648	-0.029258
2.357459	0.804577	0.613792	0.779838	0.250000	-0.076648	-0.029258
2.367429	0.804577	0.613792	0.779838	0.250000	-0.076648	-0.029258
2.377086	0.804577	0.613792	0.779838	0.250000	-0.076648	-0.029258
2.386805	0.804577	0.613792	0.779838	0.250000	-0.076648	-0.029258
2.397483	0.804577	0.613792	0.779838	0.250000	-0.076648	-0.029258
2.407253	0.804577	0.613792	0.779838	0.250000	-0.076648	-0.029258
2.417016	0.804577	0.613792	0.779838	0.250000	-0.076648	-0.029258
2.426781	0.821417	0.629029	0.706574	0.250000	0.298253	-0.011338
2.437524	0.821417	0.629029	0.706574	0.250000	0.298253	-0.011338
2.447257	0.821417	0.629029	0.706574	0.250000	0.298253	-0.011338
2.457063	0.821417	0.629029	0.706574	0.250000	0.298253	-0.011338
2.466764	0.821417	0.629029	0.706574	0.250000	0.298253	-0.011338
2.477562	0.821417	0.629029	0.706574	0.250000	0.298253	-0.011338
2.487258	0.821417	0.629029	0.706574	0.250000	0.298253	-0.011338
2.497022	0.821417	0.629029	0.706574	0.250000	0.298253	-0.011338
2.506934	0.821417	0.629029	0.706574	0.250000	0.298253	-0.011338
2.517531	0.821417	0.629029	0.706574	0.250000	0.298253	-0.011338
2.527406	0.821417	0.629029	0.706574	0.250000	0.298253	-0.011338
2.537050	0.836308	0.639176	0.646723	0.250000	0.589068	0.003269
2.546911	0.836308	0.639176	0.646723	0.250000	0.589068	0.003269
2.557539	0.836308	0.639176	0.646723	0.250000	0.589068	0.003269
2.573409	0.854414	0.651825	0.585024	0.250000	0.910329	0.019179
2.577016	0.854414	0.651825	0.585024	0.250000	0.910329	0.019179
2.586994	0.854414	0.651825	0.585024	0.250000	0.910329	0.019179
2.599036	0.854414	0.651825	0.585024	0.250000	0.910329	0.019179
2.606835	0.854414	0.651825	0.585024	0.250000	0.910329	0.019179
2.617090	0.854414	0.651825	0.585024	0.250000	0.910329	0.019179
2.626866	0.854414	0.651825	0.585024	0.250000	0.910329	0.019179
2.637611	0.854414	0.651825	0.585024	0.250000	0.910329	0.019179
2.646820	0.854414	0.651825	0.585024	0.250000	0.910329	0.019179
2.657103	0.854414	0.651825	0.585024	0.250000	0.910329	0.019179
2.666811	0.854414	0.651825	0.585024	0.250000	0.910329	0.019179
2.677638	0.854414	0.651825	0.585024	0.250000	0.910329	0.019179
2.687361	0.868947	0.662316	0.557171	0.250000	1.088428	0.028108
2.697065	0.868947	0.662316	0.557171	0.250000	1.088428	0.028108
2.706904	0.868947	0.662316	0.557171	0.250000	1.088428	0.028108
2.717615	0.868947	0.662316	0.557171	0.250000	1.088428	0.028108
2.727047	0.883894	0.672758	0.538795	0.250000	1.237370	0.036033
2.737174	0.883894	0.672758	0.538795	0.250000	1.237370	0.036033
2.746982	0.883894	0.672758	0.538795	0.250000	1.237370	0.036033
2.757633	0.883894	0.672758	0.538795	0.250000	1.237370	0.036033
2.767437	0.883894	0.672758	0.538795	0.250000	1.237370	0.036033
2.777165	0.883894	0.672758	0.538795	0.250000	1.237370	0.036033
2.786994	0.897785	0.681366	0.527912	0.250000	1.333466	0.041660
2.797639	0.897785	0.681366	0.527912	0.250000	1.333466	0.041660
2.806801	0.897785	0.681366	0.527912	0.250000	1.333466	0.041660
2.817685	0.897785	0.681366	0.527912	0.250000	1.333466	0.041660
2.826965	0.897785	0.681366	0.527912	0.250000	1.333466	0.041660
2.836786	0.897785	0.681366	0.527912	0.250000	1.333466	0.041660
2.846790	0.908875	0.688705	0.550677	0.250000	1.399618	0.046750
2.857188	0.908875	0.688705	0.550677	0.250000	1.399618	0.046750
2.866942	0.908875	0.688705	0.550677	0.250000	1.399618	0.046750
2.877683	0.908875	0.688705	0.550677	0.250000	1.399618	0.046750
2.887386	0.908875	0.688705	0.550677	0.250000	1.399618	0.046750
2.897219	0.921591	0.698863	0.581806	0.250000	1.437154	0.050283
2.906949	0.921591	0.698863	0.581806	0.250000	1.437154	0.050283
2.916805	0.921591	0.698863	0.581806	0.250000	1.437154	0.050283
2.926804	0.921591	0.698863	0.581806	0.250000	1.437154	0.050283
2.937325	0.921591	0.698863	0.581806	0.250000	1.437154	0.050283
2.946927	0.921591	0.698863	0.581806	0.250000	1.437154	0.050283
2.956823	0.921591	0.698863	0.581806	0.250000	1.437154	0.050283
2.966784	0.921591	0.698863	0.581806	0.250000	1.437154	0.050283
2.977307	0.921591	0.698863	0.581806	0.250000	1.437154	0.050283
2.986876	0.921591	0.698863	0.581806	0.250000	1.437154	0.050283
2.996805	0.921591	0.698863	0.581806	0.250000	1.437154	0.050283
3.006849	0.921591	0.698863	0.581806	0.250000	1.437154	0.050283
3.017308	0.935122	0.711661	0.651865	0.250000	1.463555	0.055495
3.026963	0.935122	0.711661	0.651865	0.250000	1.463555	0.055495
3.036809	0.935122	0.711661	0.651865	0.250000	1.463555	0.055495
3.047483	0.935122	0.711661	0.651865	0.250000	1.463555	0.055495
3.057254	0.935122	0.711661	0.651865	0.250000	1.463555	0.055495
3.067035	0.947283	0.719423	0.707393	0.250000	1.503873	0.063453
3.076827	0.947283	0.719423	0.707393	0.250000	1.503873	0.063453
3.087489	0.947283	0.719423	0.707393	0.250000	1.503873	0.063453
3.097265	0.947283	0.719423	0.707393	0.250000	1.503873	0.063453
3.108252	0.960309	0.732186	0.766911	0.250000	1.508915	0.068876
3.117191	0.960309	0.732186	0.766911	0.250000	1.508915	0.068876
3.128618	0.960309	0.732186	0.766911	0.250000	1.508915	0.068876
3.137309	0.960309	0.732186	0.766911	0.250000	1.508915	0.068876
3.147071	0.960309	0.732186	0.766911	0.250000	1.508915	0.068876
3.156827	0.960309	0.732186	0.766911	0.250000	1.508915	0.068876
3.167594	0.960309	0.732186	0.766911	0.250000	1.508915	0.068876
3.177343	0.960309	0.732186	0.766911	0.250000	1.508915	0.068876
3.187101	0.960309	0.732186	0.766911	0.250000	1.508915	0.068876
3.198298	0.972015	0.745231	0.823024	0.250000	1.526432	0.076778
3.206841	0.972015	0.745231	0.823024	0.250000	1.526432	0.076778
3.217347	0.972015	0.745231	0.823024	0.250000	1.526432	0.076778
3.227115	0.972015	0.745231	0.823024	0.250000	1.526432	0.076778
3.236827	0.972015	0.745231	0.823024	0.250000	1.526432	0.076778
3.246772	0.972015	0.745231	0.823024	0.250000	1.526432	0.076778
3.257337	0.984075	0.760924	0.863363	0.250000	1.560454	0.087091
3.266901	0.984075	0.760924	0.863363	0.250000	1.560454	0.087091
3.276997	0.984075	0.760924	0.863363	0.250000	1.560454	0.087091
3.286830	0.984075	0.760924	0.863363	0.250000	1.560454	0.087091
3.297383	0.984075	0.760924	0.863363	0.250000	1.560454	0.087091
3.307094	0.984075	0.760924	0.863363	0.250000	1.560454	0.087091
3.316898	0.991297	0.769216	0.904377	0.250000	1.552021	0.091911
3.327625	0.991297	0.769216	0.904377	0.250000	1.552021	0.091911
3.337392	0.991297	0.769216	0.904377	0.250000	1.552021	0.091911
3.347216	0.991297	0.769216	0.904377	0.250000	1.552021	0.091911
3.356917	0.991297	0.769216	0.904377	0.250000	1.552021	0.091911
3.367614	0.991297	0.769216	0.904377	0.250000	1.552021	0.091911
3.377448	0.991297	0.769216	0.904377	0.250000	1.552021	0.091911
3.387131	0.991297	0.769216	0.904377	0.250000	1.552021	0.091911
3.396861	0.991297	0.769216	0.904377	0.250000	1.552021	0.091911
3.406809	0.991297	0.769216	0.904377	0.250000	1.552021	0.091911
3.417409	0.991297	0.769216	0.904377	0.250000	1.552021	0.091911
3.427162	1.001265	0.782752	0.952371	0.250000	1.556567	0.100004
3.439870	1.001265	0.782752	0.952371	0.250000	1.556567	0.100004
3.447669	1.001265	0.782752	0.952371	0.250000	1.556567	0.100004
3.457843	1.001265	0.782752	0.952371	0.250000	1.556567	0.100004
3.467262	1.001265	0.782752	0.952371	0.250000	1.556567	0.100004
3.477183	1.001265	0.782752	0.952371	0.250000	1.556567	0.100004
3.486773	1.001265	0.782752	0.952371	0.250000	1.556567	0.100004
3.497439	1.001265	0.782752	0.952371	0.250000	1.556567	0.100004
3.506892	1.001265	0.782752	0.952371	0.250000	1.556567	0.100004
3.516803	1.001265	0.782752	0.952371	0.250000	1.556567	0.100004
3.526859	1.001265	0.782752	0.952371	0.250000	1.556567	0.100004
3.537479	1.001265	0.782752	0.952371	0.250000	1.556567	0.100004
3.547232	1.001265	0.782752	0.952371	0.250000	1.556567	0.100004
3.556967	1.001265	0.782752	0.952371	0.250000	1.556567	0.100004
3.566670	1.014563	0.802670	1.036095	0.250000	1.524405	0.107801
3.577503	1.014563	0.802670	1.036095	0.250000	1.524405	0.107801
3.588662	1.014563	0.802670	1.036095	0.250000	1.524405	0.107801
3.597114	1.014563	0.802670	1.036095	0.250000	1.524405	0.107801
3.606956	1.014563	0.802670	1.036095	0.250000	1.524405	0.107801
3.617538	1.014563	0.802670	1.036095	0.250000	1.524405	0.107801
3.627278	1.014563	0.802670	1.036095	0.250000	1.524405	0.107801
3.637004	1.014563	0.802670	1.036095	0.250000	1.524405	0.107801
3.646847	1.014563	0.802670	1.036095	0.250000	1.524405	0.107801
3.657421	1.014563	0.802670	1.036095	0.250000	1.524405	0.107801
3.667297	1.014563	0.802670	1.036095	0.250000	1.524405	0.107801
3.677058	1.014563	0.802670	1.036095	0.250000	1.524405	0.107801
3.686792	1.014563	0.802670	1.036095	0.250000	1.524405	0.107801
3.697530	1.028441	0.825925	1.110236	0.250000	1.523349	0.119689
3.707497	1.028441	0.825925	1.110236	0.250000	1.523349	0.119689
3.717166	1.028441	0.825925	1.110236	0.250000	1.523349	0.119689
3.727844	1.028441	0.825925	1.110236	0.250000	1.523349	0.119689
3.737555	1.028441	0.825925	1.110236	0.250000	1.523349	0.119689
3.747300	1.028441	0.825925	1.110236	0.250000	1.523349	0.119689
3.757076	1.028441	0.825925	1.110236	0.250000	1.523349	0.119689
3.766754	1.028441	0.825925	1.110236	0.250000	1.523349	0.119689
3.777547	1.028441	0.825925	1.110236	0.250000	1.523349	0.119689
3.787328	1.036604	0.846595	1.194746	0.250000	1.473951	0.123679
3.797089	1.036604	0.846595	1.194746	0.250000	1.473951	0.123679
3.806872	1.036604	0.846595	1.194746	0.250000	1.473951	0.123679
3.816821	1.036604	0.846595	1.194746	0.250000	1.473951	0.123679
3.827255	1.036604	0.846595	1.194746	0.250000	1.473951	0.123679
3.837098	1.036604	0.846595	1.194746	0.250000	1.473951	0.123679
3.846892	1.036604	0.846595	1.194746	0.250000	1.473951	0.123679
3.856780	1.036604	0.846595	1.194746	0.250000	1.473951	0.123679
3.866917	1.036604	0.846595	1.194746	0.250000	1.473951	0.123679
3.877190	1.036604	0.846595	1.194746	0.250000	1.473951	0.123679
3.887026	1.036604	0.846595	1.194746	0.250000	1.473951	0.123679
3.897613	1.036604	0.846595	1.194746	0.250000	1.473951	0.123679
3.907390	1.036604	0.846595	1.194746	0.250000	1.473951	0.123679
3.917130	1.043051	0.866075	1.254586	0.250000	1.444116	0.126925
3.926836	1.043051	0.866075	1.254586	0.250000	1.444116	0.126925
3.936800	1.043051	0.866075	1.254586	0.250000	1.444116	0.126925
3.946788	1.043051	0.866075	1.254586	0.250000	1.444116	0.126925
3.957134	1.043051	0.866075	1.254586	0.250000	1.444116	0.126925
3.966828	1.043051	0.866075	1.254586	0.250000	1.444116	0.126925
3.980311	1.043051	0.866075	1.254586	0.250000	1.444116	0.126925
3.987367	1.043051	0.866075	1.254586	0.250000	1.444116	0.126925
3.997323	1.043051	0.866075	1.254586	0.250000	1.444116	0.126925
4.007441	1.043051	0.866075	1.254586	0.250000	1.444116	0.126925
4.017688	1.043051	0.866075	1.254586	0.250000	1.444116	0.126925
4.027406	1.043051	0.866075	1.254586	0.250000	1.444116	0.126925
4.037177	1.051906	0.897526	1.400999	0.250000	1.348111	0.129806
4.046986	1.051906	0.897526	1.400999	0.250000	1.348111	0.129806
4.057685	1.051906	0.897526	1.400999	0.250000	1.348111	0.129806
4.066815	1.051906	0.897526	1.400999	0.250000	1.348111	0.129806
4.078007	1.051906	0.897526	1.400999	0.250000	1.348111	0.129806
4.087584	1.051906	0.897526	1.400999	0.250000	1.348111	0.129806
4.097659	1.057282	0.922923	1.465434	0.250000	1.319936	0.132620
4.107454	1.057282	0.922923	1.465434	0.250000	1.319936	0.132620
4.117310	1.057282	0.922923	1.465434	0.250000	1.319936	0.132620
4.126978	1.057282	0.922923	1.465434	0.250000	1.319936	0.132620
4.137738	1.057282	0.922923	1.465434	0.250000	1.319936	0.132620
4.147507	1.057282	0.922923	1.465434	0.250000	1.319936	0.132620
4.157229	1.057282	0.922923	1.465434	0.250000	1.319936	0.132620
4.167027	1.057282	0.922923	1.465434	0.250000	1.319936	0.132620
4.176889	1.057282	0.922923	1.465434	0.250000	1.319936	0.132620
4.186898	1.057282	0.922923	1.465434	0.250000	1.319936	0.132620
4.197280	1.062415	0.953216	1.545085	0.250000	1.276918	0.135192
4.207057	1.062415	0.953216	1.545085	0.250000	1.276918	0.135192
4.216805	1.062415	0.953216	1.545085	0.250000	1.276918	0.135192
4.228381	1.062415	0.953216	1.545085	0.250000	1.276918	0.135192
4.237293	1.062415	0.953216	1.545085	0.250000	1.276918	0.135192
4.247041	1.062415	0.953216	1.545085	0.250000	1.276918	0.135192
4.256773	1.062396	0.969445	1.610140	0.250000	1.214773	0.132688
4.267568	1.062396	0.969445	1.610140	0.250000	1.214773	0.132688
4.276886	1.062396	0.969445	1.610140	0.250000	1.214773	0.132688
4.286813	1.062396	0.969445	1.610140	0.250000	1.214773	0.132688
4.296813	1.062396	0.969445	1.610140	0.250000	1.214773	0.132688
4.306839	1.062396	0.969445	1.610140	0.250000	1.214773	0.132688
4.317078	1.062109	0.986483	1.664636	0.250000	1.154940	0.130045
4.327056	1.062109	0.986483	1.664636	0.250000	1.154940	0.130045
4.336810	1.062109	0.986483	1.664636	0.250000	1.154940	0.130045
4.346875	1.062109	0.986483	1.664636	0.250000	1.154940	0.130045
4.359113	1.058969	0.998716	1.788831	0.250000	0.971988	0.114828
4.367077	1.058969	0.998716	1.788831	0.250000	0.971988	0.114828
4.376933	1.058969	0.998716	1.788831	0.250000	0.971988	0.114828
4.387702	1.058969	0.998716	1.788831	0.250000	0.971988	0.114828
4.397389	1.058969	0.998716	1.788831	0.250000	0.971988	0.114828
4.407119	1.058969	0.998716	1.788831	0.250000	0.971988	0.114828
4.416869	1.058486	1.013350	1.757149	0.250000	1.026977	0.122065
4.427605	1.058486	1.013350	1.757149	0.250000	1.026977	0.122065
4.437359	1.058486	1.013350	1.757149	0.250000	1.026977	0.122065
4.447155	1.058486	1.013350	1.757149	0.250000	1.026977	0.122065
4.456875	1.058486	1.013350	1.757149	0.250000	1.026977	0.122065
4.466836	1.058486	1.013350	1.757149	0.250000	1.026977	0.122065
4.476908	1.058486	1.013350	1.757149	0.250000	1.026977	0.122065
4.487107	1.058486	1.013350	1.757149	0.250000	1.026977	0.122065
4.496950	1.058486	1.013350	1.757149	0.250000	1.026977	0.122065
4.506851	1.058486	1.013350	1.757149	0.250000	1.026977	0.122065
4.518010	1.058486	1.013350	1.757149	0.250000	1.026977	0.122065
4.527263	1.057552	1.030240	1.803641	0.250000	0.955179	0.118975
4.536964	1.057552	1.030240	1.803641	0.250000	0.955179	0.118975
4.546905	1.057552	1.030240	1.803641	0.250000	0.955179	0.118975
4.557209	1.057552	1.030240	1.803641	0.250000	0.955179	0.118975
4.566839	1.057552	1.030240	1.803641	0.250000	0.955179	0.118975
4.576936	1.057552	1.030240	1.803641	0.250000	0.955179	0.118975
4.586826	1.054344	1.042441	1.763273	0.250000	0.998890	0.123988
4.598925	1.054344	1.042441	1.763273	0.250000	0.998890	0.123988
4.606927	1.054344	1.042441	1.763273	0.250000	0.998890	0.123988
4.617224	1.054344	1.042441	1.763273	0.250000	0.998890	0.123988
4.626898	1.054344	1.042441	1.763273	0.250000	0.998890	0.123988
4.637467	1.054344	1.042441	1.763273	0.250000	0.998890	0.123988
4.647175	1.054344	1.042441	1.763273	0.250000	0.998890	0.123988
4.656906	1.054344	1.042441	1.763273	0.250000	0.998890	0.123988
4.666755	1.050217	1.056783	1.816320	0.250000	0.885433	0.115359
4.677472	1.050217	1.056783	1.816320	0.250000	0.885433	0.115359
4.687217	1.050217	1.056783	1.816320	0.250000	0.885433	0.115359
4.697020	1.050217	1.056783	1.816320	0.250000	0.885433	0.115359
4.707052	1.050217	1.056783	1.816320	0.250000	0.885433	0.115359
4.717018	1.050217	1.056783	1.816320	0.250000	0.885433	0.115359
4.727245	1.050217	1.056783	1.816320	0.250000	0.885433	0.115359
4.736997	1.050217	1.056783	1.816320	0.250000	0.885433	0.115359
4.747791	1.050217	1.056783	1.816320	0.250000	0.885433	0.115359
4.757477	1.044018	1.073007	1.972232	0.250000	0.563061	0.088054
4.767273	1.044018	1.073007	1.972232	0.250000	0.563061	0.088054
4.776860	1.044018	1.073007	1.972232	0.250000	0.563061	0.088054
4.786901	1.044018	1.073007	1.972232	0.250000	0.563061	0.088054
4.797508	1.044018	1.073007	1.972232	0.250000	0.563061	0.088054
4.807292	1.044018	1.073007	1.972232	0.250000	0.563061	0.088054
4.817066	1.037011	1.087799	2.030913	0.250000	0.385412	0.074115
4.826770	1.037011	1.087799	2.030913	0.250000	0.385412	0.074115
4.837522	1.037011	1.087799	2.030913	0.250000	0.385412	0.074115
4.846869	1.037011	1.087799	2.030913	0.250000	0.385412	0.074115
4.857039	1.037011	1.087799	2.030913	0.250000	0.385412	0.074115
4.867739	1.029696	1.102941	2.083741	0.250000	0.178938	0.059091
4.876841	1.029696	1.102941	2.083741	0.250000	0.178938	0.059091
4.886904	1.029696	1.102941	2.083741	0.250000	0.178938	0.059091
4.897058	1.029696	1.102941	2.083741	0.250000	0.178938	0.059091
4.909108	1.029696	1.102941	2.083741	0.250000	0.178938	0.059091
4.917585	1.023431	1.114749	2.117066	0.250000	0.038835	0.049221
4.927336	1.023431	1.114749	2.117066	0.250000	0.038835	0.049221
4.937113	1.023431	1.114749	2.117066	0.250000	0.038835	0.049221
4.946842	1.023431	1.114749	2.117066	0.250000	0.038835	0.049221
4.956838	1.023431	1.114749	2.117066	0.250000	0.038835	0.049221
4.966790	1.023431	1.114749	2.117066	0.250000	0.038835	0.049221
4.976856	1.023431	1.114749	2.117066	0.250000	0.038835	0.049221
4.986820	1.023431	1.114749	2.117066	0.250000	0.038835	0.049221
4.997584	1.023431	1.114749	2.117066	0.250000	0.038835	0.049221
5.006834	1.023431	1.114749	2.117066	0.250000	0.038835	0.049221
5.017144	1.023431	1.114749	2.117066	0.250000	0.038835	0.049221
5.026952	1.015428	1.129238	2.166923	0.250000	-0.150949	0.036714
5.037581	1.015428	1.129238	2.166923	0.250000	-0.150949	0.036714
5.047390	1.015428	1.129238	2.166923	0.250000	-0.150949	0.036714
5.057114	1.015428	1.129238	2.166923	0.250000	-0.150949	0.036714
5.066856	1.015428	1.129238	2.166923	0.250000	-0.150949	0.036714
5.076809	1.004483	1.140928	2.222736	0.250000	-0.378203	0.021868
5.087475	1.004483	1.140928	2.222736	0.250000	-0.378203	0.021868
5.101073	1.004483	1.140928	2.222736	0.250000	-0.378203	0.021868
5.106898	1.004483	1.140928	2.222736	0.250000	-0.378203	0.021868
5.117717	1.004483	1.140928	2.222736	0.250000	-0.378203	0.021868
5.127381	1.004483	1.140928	2.222736	0.250000	-0.378203	0.021868
5.137151	0.995916	1.153671	2.166413	0.250000	-0.368777	0.020243
5.147873	0.995916	1.153671	2.166413	0.250000	-0.368777	0.020243
5.157671	0.995916	1.153671	2.166413	0.250000	-0.368777	0.020243
5.166893	0.995916	1.153671	2.166413	0.250000	-0.368777	0.020243
5.177403	0.995916	1.153671	2.166413	0.250000	-0.368777	0.020243
5.186900	0.989009	1.168836	2.260464	0.250000	-0.642577	0.005701
5.197656	0.989009	1.168836	2.260464	0.250000	-0.642577	0.005701
5.207406	0.989009	1.168836	2.260464	0.250000	-0.642577	0.005701
5.217171	0.989009	1.168836	2.260464	0.250000	-0.642577	0.005701
5.227029	0.989009	1.168836	2.260464	0.250000	-0.642577	0.005701
5.237684	0.989009	1.168836	2.260464	0.250000	-0.642577	0.005701
5.247437	0.989009	1.168836	2.260464	0.250000	-0.642577	0.005701
5.257240	0.989009	1.168836	2.260464	0.250000	-0.642577	0.005701
5.266979	0.989009	1.168836	2.260464	0.250000	-0.642577	0.005701
5.277511	0.989009	1.168836	2.260464	0.250000	-0.642577	0.005701
5.286845	0.989009	1.168836	2.260464	0.250000	-0.642577	0.005701
5.297170	0.980284	1.188686	2.261846	0.250000	-0.772357	-0.003044
5.306965	0.980284	1.188686	2.261846	0.250000	-0.772357	-0.003044
5.316910	0.980284	1.188686	2.261846	0.250000	-0.772357	-0.003044
5.326791	0.980284	1.188686	2.261846	0.250000	-0.772357	-0.003044
5.337291	0.980284	1.188686	2.261846	0.250000	-0.772357	-0.003044
5.346906	0.980284	1.188686	2.261846	0.250000	-0.772357	-0.003044
5.356785	0.980284	1.188686	2.261846	0.250000	-0.772357	-0.003044
5.366853	0.967236	1.205419	2.353415	0.250000	-1.049313	-0.018279
5.377254	0.967236	1.205419	2.353415	0.250000	-1.049313	-0.018279
5.386997	0.967236	1.205419	2.353415	0.250000	-1.049313	-0.018279
5.396735	0.967236	1.205419	2.353415	0.250000	-1.049313	-0.018279
5.407544	0.967236	1.205419	2.353415	0.250000	-1.049313	-0.018279
5.417341	0.953557	1.220495	2.367961	0.250000	-1.168407	-0.026997
5.427023	0.953557	1.220495	2.367961	0.250000	-1.168407	-0.026997
5.436936	0.953557	1.220495	2.367961	0.250000	-1.168407	-0.026997
5.446807	0.953557	1.220495	2.367961	0.250000	-1.168407	-0.026997
5.457221	0.945537	1.232906	2.339750	0.250000	-1.198748	-0.031899
5.466896	0.945537	1.232906	2.339750	0.250000	-1.198748	-0.031899
5.476840	0.945537	1.232906	2.339750	0.250000	-1.198748	-0.031899
5.486882	0.945537	1.232906	2.339750	0.250000	-1.198748	-0.031899
5.497406	0.945537	1.232906	2.339750	0.250000	-1.198748	-0.031899
5.506873	0.945537	1.232906	2.339750	0.250000	-1.198748	-0.031899
5.516881	0.945537	1.232906	2.339750	0.250000	-1.198748	-0.031899
5.526866	0.945537	1.232906	2.339750	0.250000	-1.198748	-0.031899
5.537279	0.948460	1.241987	2.208375	0.250000	-0.992377	-0.024710
5.546888	0.948460	1.241987	2.208375	0.250000	-0.992377	-0.024710
5.558228	0.948460	1.241987	2.208375	0.250000	-0.992377	-0.024710
5.566819	0.948460	1.241987	2.208375	0.250000	-0.992377	-0.024710
5.577341	0.948460	1.241987	2.208375	0.250000	-0.992377	-0.024710
5.587102	0.941707	1.247161	2.066398	0.250000	-0.806788	-0.021207
5.597045	0.941707	1.247161	2.066398	0.250000	-0.806788	-0.021207
5.606875	0.941707	1.247161	2.066398	0.250000	-0.806788	-0.021207
5.617358	0.941707	1.247161	2.066398	0.250000	-0.806788	-0.021207
5.627116	0.941707	1.247161	2.066398	0.250000	-0.806788	-0.021207
5.636885	0.941707	1.247161	2.066398	0.250000	-0.806788	-0.021207
5.646851	0.941707	1.247161	2.066398	0.250000	-0.806788	-0.021207
5.657369	0.941707	1.247161	2.066398	0.250000	-0.806788	-0.021207
5.666845	0.941707	1.247161	2.066398	0.250000	-0.806788	-0.021207
5.676969	0.941707	1.247161	2.066398	0.250000	-0.806788	-0.021207
5.686819	0.932183	1.257656	2.145086	0.250000	-1.037200	-0.035483
5.697369	0.932183	1.257656	2.145086	0.250000	-1.037200	-0.035483
5.707348	0.932183	1.257656	2.145086	0.250000	-1.037200	-0.035483
5.716963	0.932183	1.257656	2.145086	0.250000	-1.037200	-0.035483
5.726830	0.932183	1.257656	2.145086	0.250000	-1.037200	-0.035483
5.737385	0.932183	1.257656	2.145086	0.250000	-1.037200	-0.035483
5.747175	0.932183	1.257656	2.145086	0.250000	-1.037200	-0.035483
5.756907	0.932183	1.257656	2.145086	0.250000	-1.037200	-0.035483
5.768424	0.932183	1.257656	2.145086	0.250000	-1.037200	-0.035483
5.777428	0.932183	1.257656	2.145086	0.250000	-1.037200	-0.035483
5.787160	0.914066	1.278337	2.205648	0.250000	-1.259722	-0.053812
5.798659	0.914066	1.278337	2.205648	0.250000	-1.259722	-0.053812
5.807710	0.914066	1.278337	2.205648	0.250000	-1.259722	-0.053812
5.817512	0.914066	1.278337	2.205648	0.250000	-1.259722	-0.053812
5.827127	0.914066	1.278337	2.205648	0.250000	-1.259722	-0.053812
5.836916	0.914066	1.278337	2.205648	0.250000	-1.259722	-0.053812
5.846843	0.914066	1.278337	2.205648	0.250000	-1.259722	-0.053812
5.857435	0.914066	1.278337	2.205648	0.250000	-1.259722	-0.053812
5.866963	0.914066	1.278337	2.205648	0.250000	-1.259722	-0.053812
5.876953	0.914066	1.278337	2.205648	0.250000	-1.259722	-0.053812
5.886847	0.914066	1.278337	2.205648	0.250000	-1.259722	-0.053812
5.897442	0.914066	1.278337	2.205648	0.250000	-1.259722	-0.053812
5.907212	0.913551	1.295501	2.140012	0.250000	-1.150864	-0.051167
5.916964	0.913551	1.295501	2.140012	0.250000	-1.150864	-0.051167
5.926786	0.913551	1.295501	2.140012	0.250000	-1.150864	-0.051167
5.937470	0.913551	1.295501	2.140012	0.250000	-1.150864	-0.051167
5.947236	0.913551	1.295501	2.140012	0.250000	-1.150864	-0.051167
5.958285	0.913551	1.295501	2.140012	0.250000	-1.150864	-0.051167
5.966836	0.913551	1.295501	2.140012	0.250000	-1.150864	-0.051167
5.976853	0.913551	1.295501	2.140012	0.250000	-1.150864	-0.051167
5.986894	0.913551	1.295501	2.140012	0.250000	-1.150864	-0.051167
5.997006	0.903746	1.308786	1.965335	0.250000	-0.909650	-0.048272
6.006784	0.903746	1.308786	1.965335	0.250000	-0.909650	-0.048272
6.017511	0.903746	1.308786	1.965335	0.250000	-0.909650	-0.048272
6.026809	0.903746	1.308786	1.965335	0.250000	-0.909650	-0.048272
6.037016	0.903746	1.308786	1.965335	0.250000	-0.909650	-0.048272
6.046903	0.903746	1.308786	1.965335	0.250000	-0.909650	-0.048272
6.057522	0.903746	1.308786	1.965335	0.250000	-0.909650	-0.048272
6.066828	0.903746	1.308786	1.965335	0.250000	-0.909650	-0.048272
6.077016	0.903746	1.308786	1.965335	0.250000	-0.909650	-0.048272
6.087376	0.903746	1.308786	1.965335	0.250000	-0.909650	-0.048272
6.097515	0.903746	1.308786	1.965335	0.250000	-0.909650	-0.048272
6.107287	0.903746	1.308786	1.965335	0.250000	-0.909650	-0.048272
6.117011	0.896244	1.329477	1.804897	0.250000	-0.584287	-0.036880
6.126810	0.896244	1.329477	1.804897	0.250000	-0.584287	-0.036880
6.137600	0.896244	1.329477	1.804897	0.250000	-0.584287	-0.036880
6.146846	0.896244	1.329477	1.804897	0.250000	-0.584287	-0.036880
6.157047	0.896244	1.329477	1.804897	0.250000	-0.584287	-0.036880
6.166871	0.896244	1.329477	1.804897	0.250000	-0.584287	-0.036880
6.176919	0.896244	1.329477	1.804897	0.250000	-0.584287	-0.036880
6.186851	0.896244	1.329477	1.804897	0.250000	-0.584287	-0.036880
6.197632	0.882170	1.358555	1.756865	0.250000	-0.500733	-0.041599
