t	x(t)	y(t)	theta(t)	v(t)	gamma(t)	efa
0.011161	0.692752	0.170634	1.612406	0.250000	-0.040530	-0.007470
0.015551	0.692752	0.170634	1.612406	0.250000	-0.040530	-0.007470
0.021728	0.692752	0.170634	1.612406	0.250000	-0.040530	-0.007470
0.032418	0.692752	0.170634	1.612406	0.250000	-0.040530	-0.007470
0.042203	0.692752	0.170634	1.612406	0.250000	-0.040530	-0.007470
0.052003	0.692752	0.170634	1.612406	0.250000	-0.040530	-0.007470
0.061808	0.692752	0.170634	1.612406	0.250000	-0.040530	-0.007470
0.071733	0.692752	0.170634	1.612406	0.250000	-0.040530	-0.007470
0.082321	0.692752	0.170634	1.612406	0.250000	-0.040530	-0.007470
0.091931	0.692752	0.170634	1.612406	0.250000	-0.040530	-0.007470
0.101748	0.692752	0.170634	1.612406	0.250000	-0.040530	-0.007470
0.112486	0.692752	0.170634	1.612406	0.250000	-0.040530	-0.007470
0.122243	0.692752	0.170634	1.612406	0.250000	-0.040530	-0.007470
0.132130	0.692752	0.170634	1.612406	0.250000	-0.040530	-0.007470
0.142046	0.692752	0.170634	1.612406	0.250000	-0.040530	-0.007470
0.152499	0.692752	0.170634	1.612406	0.250000	-0.040530	-0.007470
0.162250	0.692752	0.170634	1.612406	0.250000	-0.040530	-0.007470
0.172013	0.692752	0.170634	1.612406	0.250000	-0.040530	-0.007470
0.181802	0.692752	0.170634	1.612406	0.250000	-0.040530	-0.007470
0.191602	0.692824	0.171001	1.617605	0.250000	-0.053277	-0.008105
0.202253	0.692824	0.171001	1.617605	0.250000	-0.053277	-0.008105
0.212080	0.692824	0.171001	1.617605	0.250000	-0.053277	-0.008105
0.221818	0.692824	0.171001	1.617605	0.250000	-0.053277	-0.008105
0.231729	0.692824	0.171001	1.617605	0.250000	-0.053277	-0.008105
0.242323	0.692824	0.171001	1.617605	0.250000	-0.053277	-0.008105
0.252101	0.692824	0.171001	1.617605	0.250000	-0.053277	-0.008105
0.261806	0.692824	0.171001	1.617605	0.250000	-0.053277	-0.008105
0.275517	0.692824	0.171001	1.617605	0.250000	-0.053277	-0.008105
0.282306	0.692824	0.171001	1.617605	0.250000	-0.053277	-0.008105
0.292021	0.692740	0.177018	1.617985	0.250000	-0.056125	-0.007813
0.301839	0.692740	0.177018	1.617985	0.250000	-0.056125	-0.007813
0.312562	0.692740	0.177018	1.617985	0.250000	-0.056125	-0.007813
0.321749	0.692740	0.177018	1.617985	0.250000	-0.056125	-0.007813
0.332223	0.692740	0.177018	1.617985	0.250000	-0.056125	-0.007813
0.341775	0.692740	0.177018	1.617985	0.250000	-0.056125	-0.007813
0.351757	0.692740	0.177018	1.617985	0.250000	-0.056125	-0.007813
0.361686	0.692874	0.187228	1.616459	0.250000	-0.063570	-0.006702
0.372097	0.692874	0.187228	1.616459	0.250000	-0.063570	-0.006702
0.381897	0.692874	0.187228	1.616459	0.250000	-0.063570	-0.006702
0.392559	0.692874	0.187228	1.616459	0.250000	-0.063570	-0.006702
0.402345	0.692874	0.187228	1.616459	0.250000	-0.063570	-0.006702
0.412109	0.692874	0.187228	1.616459	0.250000	-0.063570	-0.006702
0.421816	0.692489	0.202587	1.611956	0.250000	-0.088796	-0.005810
0.432178	0.692489	0.202587	1.611956	0.250000	-0.088796	-0.005810
0.442263	0.692489	0.202587	1.611956	0.250000	-0.088796	-0.005810
0.452266	0.692489	0.202587	1.611956	0.250000	-0.088796	-0.005810
0.461765	0.692489	0.202587	1.611956	0.250000	-0.088796	-0.005810
0.471731	0.692489	0.202587	1.611956	0.250000	-0.088796	-0.005810
0.481699	0.691632	0.216915	1.616500	0.250000	-0.183592	-0.007573
0.492128	0.691632	0.216915	1.616500	0.250000	-0.183592	-0.007573
0.501965	0.691632	0.216915	1.616500	0.250000	-0.183592	-0.007573
0.511683	0.691632	0.216915	1.616500	0.250000	-0.183592	-0.007573
0.521853	0.691632	0.216915	1.616500	0.250000	-0.183592	-0.007573
0.532092	0.691632	0.216915	1.616500	0.250000	-0.183592	-0.007573
0.541886	0.690577	0.230705	1.610293	0.250000	-0.256649	-0.008782
0.551718	0.690577	0.230705	1.610293	0.250000	-0.256649	-0.008782
0.561746	0.690577	0.230705	1.610293	0.250000	-0.256649	-0.008782
0.572182	0.690577	0.230705	1.610293	0.250000	-0.256649	-0.008782
0.581769	0.690577	0.230705	1.610293	0.250000	-0.256649	-0.008782
0.591809	0.690577	0.230705	1.610293	0.250000	-0.256649	-0.008782
0.601720	0.690577	0.230705	1.610293	0.250000	-0.256649	-0.008782
0.614193	0.689957	0.243451	1.610610	0.250000	-0.327648	-0.010632
0.621938	0.689957	0.243451	1.610610	0.250000	-0.327648	-0.010632
0.631755	0.689957	0.243451	1.610610	0.250000	-0.327648	-0.010632
0.641918	0.689957	0.243451	1.610610	0.250000	-0.327648	-0.010632
0.652218	0.689363	0.257175	1.602195	0.250000	-0.405701	-0.012503
0.661958	0.689363	0.257175	1.602195	0.250000	-0.405701	-0.012503
0.671737	0.689363	0.257175	1.602195	0.250000	-0.405701	-0.012503
0.682474	0.689363	0.257175	1.602195	0.250000	-0.405701	-0.012503
0.692242	0.689363	0.257175	1.602195	0.250000	-0.405701	-0.012503
0.701755	0.689363	0.257175	1.602195	0.250000	-0.405701	-0.012503
0.711707	0.689363	0.257175	1.602195	0.250000	-0.405701	-0.012503
0.721766	0.688579	0.274352	1.591206	0.250000	-0.512788	-0.015915
0.731724	0.688579	0.274352	1.591206	0.250000	-0.512788	-0.015915
0.741769	0.688579	0.274352	1.591206	0.250000	-0.512788	-0.015915
0.751764	0.688579	0.274352	1.591206	0.250000	-0.512788	-0.015915
0.763259	0.688579	0.274352	1.591206	0.250000	-0.512788	-0.015915
0.771741	0.688579	0.274352	1.591206	0.250000	-0.512788	-0.015915
0.782008	0.688579	0.274352	1.591206	0.250000	-0.512788	-0.015915
0.791766	0.688579	0.274352	1.591206	0.250000	-0.512788	-0.015915
0.802500	0.688579	0.274352	1.591206	0.250000	-0.512788	-0.015915
0.812428	0.688579	0.274352	1.591206	0.250000	-0.512788	-0.015915
0.822122	0.687784	0.295645	1.570469	0.250000	-0.632579	-0.020455
0.831815	0.687784	0.295645	1.570469	0.250000	-0.632579	-0.020455
0.842415	0.687784	0.295645	1.570469	0.250000	-0.632579	-0.020455
0.852297	0.687784	0.295645	1.570469	0.250000	-0.632579	-0.020455
0.862030	0.687784	0.295645	1.570469	0.250000	-0.632579	-0.020455
0.871808	0.687784	0.295645	1.570469	0.250000	-0.632579	-0.020455
0.882593	0.687784	0.295645	1.570469	0.250000	-0.632579	-0.020455
0.892454	0.687784	0.295645	1.570469	0.250000	-0.632579	-0.020455
0.902093	0.687784	0.295645	1.570469	0.250000	-0.632579	-0.020455
0.911866	0.687784	0.295645	1.570469	0.250000	-0.632579	-0.020455
0.922672	0.687784	0.295645	1.570469	0.250000	-0.632579	-0.020455
0.933511	0.687926	0.318817	1.533899	0.250000	-0.742532	-0.025237
0.942180	0.687926	0.318817	1.533899	0.250000	-0.742532	-0.025237
0.951852	0.687926	0.318817	1.533899	0.250000	-0.742532	-0.025237
0.962563	0.687926	0.318817	1.533899	0.250000	-0.742532	-0.025237
0.972349	0.687926	0.318817	1.533899	0.250000	-0.742532	-0.025237
0.982121	0.687926	0.318817	1.533899	0.250000	-0.742532	-0.025237
0.991697	0.692121	0.337301	1.494426	0.250000	-0.779929	-0.025888
1.002589	0.692121	0.337301	1.494426	0.250000	-0.779929	-0.025888
1.012352	0.692121	0.337301	1.494426	0.250000	-0.779929	-0.025888
1.022143	0.692121	0.337301	1.494426	0.250000	-0.779929	-0.025888
1.031847	0.692121	0.337301	1.494426	0.250000	-0.779929	-0.025888
1.042628	0.692121	0.337301	1.494426	0.250000	-0.779929	-0.025888
1.052460	0.692121	0.337301	1.494426	0.250000	-0.779929	-0.025888
1.061781	0.692121	0.337301	1.494426	0.250000	-0.779929	-0.025888
1.071891	0.692121	0.337301	1.494426	0.250000	-0.779929	-0.025888
1.081690	0.692121	0.337301	1.494426	0.250000	-0.779929	-0.025888
1.091696	0.692121	0.337301	1.494426	0.250000	-0.779929	-0.025888
1.102131	0.692121	0.337301	1.494426	0.250000	-0.779929	-0.025888
1.111874	0.692121	0.337301	1.494426	0.250000	-0.779929	-0.025888
1.121708	0.694022	0.356145	1.442764	0.250000	-0.793109	-0.027198
1.131724	0.694022	0.356145	1.442764	0.250000	-0.793109	-0.027198
1.141727	0.694022	0.356145	1.442764	0.250000	-0.793109	-0.027198
1.151928	0.694022	0.356145	1.442764	0.250000	-0.793109	-0.027198
1.161716	0.694022	0.356145	1.442764	0.250000	-0.793109	-0.027198
1.171724	0.694022	0.356145	1.442764	0.250000	-0.793109	-0.027198
1.182184	0.694022	0.356145	1.442764	0.250000	-0.793109	-0.027198
1.191937	0.694022	0.356145	1.442764	0.250000	-0.793109	-0.027198
1.201703	0.694022	0.356145	1.442764	0.250000	-0.793109	-0.027198
1.212435	0.694022	0.356145	1.442764	0.250000	-0.793109	-0.027198
1.222167	0.701433	0.375609	1.385694	0.250000	-0.792726	-0.026950
1.231930	0.701433	0.375609	1.385694	0.250000	-0.792726	-0.026950
1.241724	0.701433	0.375609	1.385694	0.250000	-0.792726	-0.026950
1.252450	0.701433	0.375609	1.385694	0.250000	-0.792726	-0.026950
1.263267	0.701433	0.375609	1.385694	0.250000	-0.792726	-0.026950
1.271996	0.701433	0.375609	1.385694	0.250000	-0.792726	-0.026950
1.281995	0.701587	0.397163	1.340383	0.250000	-0.854481	-0.033793
1.292466	0.701587	0.397163	1.340383	0.250000	-0.854481	-0.033793
1.302228	0.701587	0.397163	1.340383	0.250000	-0.854481	-0.033793
1.312042	0.701587	0.397163	1.340383	0.250000	-0.854481	-0.033793
1.322496	0.701587	0.397163	1.340383	0.250000	-0.854481	-0.033793
1.331789	0.704972	0.414288	1.294445	0.250000	-0.873296	-0.037363
1.341913	0.704972	0.414288	1.294445	0.250000	-0.873296	-0.037363
1.352036	0.704972	0.414288	1.294445	0.250000	-0.873296	-0.037363
1.361905	0.704972	0.414288	1.294445	0.250000	-0.873296	-0.037363
1.372531	0.704972	0.414288	1.294445	0.250000	-0.873296	-0.037363
1.382263	0.704972	0.414288	1.294445	0.250000	-0.873296	-0.037363
1.392012	0.704972	0.414288	1.294445	0.250000	-0.873296	-0.037363
1.401825	0.704972	0.414288	1.294445	0.250000	-0.873296	-0.037363
1.411731	0.704972	0.414288	1.294445	0.250000	-0.873296	-0.037363
1.422313	0.704972	0.414288	1.294445	0.250000	-0.873296	-0.037363
1.432014	0.708767	0.430593	1.259950	0.250000	-0.890662	-0.040732
1.441781	0.708767	0.430593	1.259950	0.250000	-0.890662	-0.040732
1.452526	0.708767	0.430593	1.259950	0.250000	-0.890662	-0.040732
1.461861	0.708767	0.430593	1.259950	0.250000	-0.890662	-0.040732
1.472019	0.708767	0.430593	1.259950	0.250000	-0.890662	-0.040732
1.481808	0.708767	0.430593	1.259950	0.250000	-0.890662	-0.040732
1.493289	0.708767	0.430593	1.259950	0.250000	-0.890662	-0.040732
1.502343	0.708767	0.430593	1.259950	0.250000	-0.890662	-0.040732
1.512112	0.708767	0.430593	1.259950	0.250000	-0.890662	-0.040732
1.521835	0.708767	0.430593	1.259950	0.250000	-0.890662	-0.040732
1.532424	0.708767	0.430593	1.259950	0.250000	-0.890662	-0.040732
1.542359	0.708767	0.430593	1.259950	0.250000	-0.890662	-0.040732
1.552114	0.716303	0.451532	1.207210	0.250000	-0.887611	-0.043676
1.561863	0.716303	0.451532	1.207210	0.250000	-0.887611	-0.043676
1.572611	0.716303	0.451532	1.207210	0.250000	-0.887611	-0.043676
1.582379	0.716303	0.451532	1.207210	0.250000	-0.887611	-0.043676
1.592077	0.716303	0.451532	1.207210	0.250000	-0.887611	-0.043676
1.601874	0.716303	0.451532	1.207210	0.250000	-0.887611	-0.043676
1.612614	0.724123	0.471034	1.162822	0.250000	-0.874501	-0.045950
1.622363	0.724123	0.471034	1.162822	0.250000	-0.874501	-0.045950
1.632065	0.724123	0.471034	1.162822	0.250000	-0.874501	-0.045950
1.641952	0.724123	0.471034	1.162822	0.250000	-0.874501	-0.045950
1.652744	0.724123	0.471034	1.162822	0.250000	-0.874501	-0.045950
1.662319	0.727245	0.486072	1.123159	0.250000	-0.875214	-0.050133
1.672131	0.727245	0.486072	1.123159	0.250000	-0.875214	-0.050133
1.681903	0.727245	0.486072	1.123159	0.250000	-0.875214	-0.050133
1.692715	0.727245	0.486072	1.123159	0.250000	-0.875214	-0.050133
1.701728	0.727245	0.486072	1.123159	0.250000	-0.875214	-0.050133
1.712167	0.733399	0.498085	1.091960	0.250000	-0.842036	-0.050019
1.721909	0.733399	0.498085	1.091960	0.250000	-0.842036	-0.050019
1.731716	0.733399	0.498085	1.091960	0.250000	-0.842036	-0.050019
1.741872	0.733399	0.498085	1.091960	0.250000	-0.842036	-0.050019
1.752138	0.739698	0.508813	1.064943	0.250000	-0.808873	-0.049718
1.761904	0.739698	0.508813	1.064943	0.250000	-0.808873	-0.049718
1.771753	0.739698	0.508813	1.064943	0.250000	-0.808873	-0.049718
1.781755	0.739698	0.508813	1.064943	0.250000	-0.808873	-0.049718
1.795247	0.739698	0.508813	1.064943	0.250000	-0.808873	-0.049718
1.801753	0.739698	0.508813	1.064943	0.250000	-0.808873	-0.049718
1.811752	0.739698	0.508813	1.064943	0.250000	-0.808873	-0.049718
1.821789	0.739698	0.508813	1.064943	0.250000	-0.808873	-0.049718
1.832388	0.739698	0.508813	1.064943	0.250000	-0.808873	-0.049718
1.841962	0.739698	0.508813	1.064943	0.250000	-0.808873	-0.049718
1.851727	0.739698	0.508813	1.064943	0.250000	-0.808873	-0.049718
1.861709	0.748412	0.524183	1.032083	0.250000	-0.774279	-0.050821
1.872219	0.748412	0.524183	1.032083	0.250000	-0.774279	-0.050821
1.882098	0.748412	0.524183	1.032083	0.250000	-0.774279	-0.050821
1.891775	0.748412	0.524183	1.032083	0.250000	-0.774279	-0.050821
1.901774	0.748412	0.524183	1.032083	0.250000	-0.774279	-0.050821
1.912240	0.748412	0.524183	1.032083	0.250000	-0.774279	-0.050821
1.921761	0.756611	0.536350	1.003097	0.250000	-0.722731	-0.049885
1.931736	0.756611	0.536350	1.003097	0.250000	-0.722731	-0.049885
1.941788	0.756611	0.536350	1.003097	0.250000	-0.722731	-0.049885
1.951738	0.756611	0.536350	1.003097	0.250000	-0.722731	-0.049885
1.962133	0.756611	0.536350	1.003097	0.250000	-0.722731	-0.049885
1.971800	0.756611	0.536350	1.003097	0.250000	-0.722731	-0.049885
1.981898	0.756611	0.536350	1.003097	0.250000	-0.722731	-0.049885
1.991778	0.756611	0.536350	1.003097	0.250000	-0.722731	-0.049885
2.001745	0.756611	0.536350	1.003097	0.250000	-0.722731	-0.049885
2.011757	0.756611	0.536350	1.003097	0.250000	-0.722731	-0.049885
2.021735	0.756611	0.536350	1.003097	0.250000	-0.722731	-0.049885
2.031700	0.756611	0.536350	1.003097	0.250000	-0.722731	-0.049885
2.042007	0.768805	0.553454	0.956170	0.250000	-0.616004	-0.046657
2.051826	0.768805	0.553454	0.956170	0.250000	-0.616004	-0.046657
2.061828	0.768805	0.553454	0.956170	0.250000	-0.616004	-0.046657
2.071757	0.768805	0.553454	0.956170	0.250000	-0.616004	-0.046657
2.081769	0.779909	0.567680	0.912091	0.250000	-0.488806	-0.041532
2.095048	0.779909	0.567680	0.912091	0.250000	-0.488806	-0.041532
2.101705	0.779909	0.567680	0.912091	0.250000	-0.488806	-0.041532
2.111758	0.779909	0.567680	0.912091	0.250000	-0.488806	-0.041532
2.122069	0.779909	0.567680	0.912091	0.250000	-0.488806	-0.041532
2.131805	0.779909	0.567680	0.912091	0.250000	-0.488806	-0.041532
2.141863	0.779909	0.567680	0.912091	0.250000	-0.488806	-0.041532
2.152294	0.779909	0.567680	0.912091	0.250000	-0.488806	-0.041532
2.161774	0.779909	0.567680	0.912091	0.250000	-0.488806	-0.041532
2.171850	0.779909	0.567680	0.912091	0.250000	-0.488806	-0.041532
2.181786	0.779909	0.567680	0.912091	0.250000	-0.488806	-0.041532
2.192411	0.779909	0.567680	0.912091	0.250000	-0.488806	-0.041532
2.201736	0.793322	0.584928	0.863123	0.250000	-0.316275	-0.034636
2.211853	0.793322	0.584928	0.863123	0.250000	-0.316275	-0.034636
2.221744	0.793322	0.584928	0.863123	0.250000	-0.316275	-0.034636
2.231699	0.793322	0.584928	0.863123	0.250000	-0.316275	-0.034636
2.242130	0.793322	0.584928	0.863123	0.250000	-0.316275	-0.034636
2.251865	0.793322	0.584928	0.863123	0.250000	-0.316275	-0.034636
2.261756	0.793322	0.584928	0.863123	0.250000	-0.316275	-0.034636
2.271773	0.793322	0.584928	0.863123	0.250000	-0.316275	-0.034636
2.281892	0.793322	0.584928	0.863123	0.250000	-0.316275	-0.034636
2.291916	0.793322	0.584928	0.863123	0.250000	-0.316275	-0.034636
2.301718	0.793322	0.584928	0.863123	0.250000	-0.316275	-0.034636
2.311742	0.793322	0.584928	0.863123	0.250000	-0.316275	-0.034636
2.322172	0.807083	0.600833	0.803863	0.250000	-0.087917	-0.024270
2.331892	0.807083	0.600833	0.803863	0.250000	-0.087917	-0.024270
2.341791	0.807083	0.600833	0.803863	0.250000	-0.087917	-0.024270
2.351721	0.807083	0.600833	0.803863	0.250000	-0.087917	-0.024270
2.361803	0.807083	0.600833	0.803863	0.250000	-0.087917	-0.024270
2.371936	0.822027	0.615543	0.739819	0.250000	0.233495	-0.009566
2.381773	0.822027	0.615543	0.739819	0.250000	0.233495	-0.009566
2.392497	0.822027	0.615543	0.739819	0.250000	0.233495	-0.009566
2.402156	0.822027	0.615543	0.739819	0.250000	0.233495	-0.009566
2.411968	0.822027	0.615543	0.739819	0.250000	0.233495	-0.009566
2.421678	0.836554	0.629463	0.681728	0.250000	0.512941	0.002986
2.432466	0.836554	0.629463	0.681728	0.250000	0.512941	0.002986
2.441744	0.836554	0.629463	0.681728	0.250000	0.512941	0.002986
2.452004	0.836554	0.629463	0.681728	0.250000	0.512941	0.002986
2.461763	0.836554	0.629463	0.681728	0.250000	0.512941	0.002986
2.472500	0.836554	0.629463	0.681728	0.250000	0.512941	0.002986
2.482250	0.836554	0.629463	0.681728	0.250000	0.512941	0.002986
2.491980	0.836554	0.629463	0.681728	0.250000	0.512941	0.002986
2.501770	0.836554	0.629463	0.681728	0.250000	0.512941	0.002986
2.511738	0.836554	0.629463	0.681728	0.250000	0.512941	0.002986
2.522245	0.836554	0.629463	0.681728	0.250000	0.512941	0.002986
2.531984	0.836554	0.629463	0.681728	0.250000	0.512941	0.002986
2.543158	0.836554	0.629463	0.681728	0.250000	0.512941	0.002986
2.551782	0.851199	0.641786	0.646867	0.250000	0.750689	0.013803
2.561926	0.851199	0.641786	0.646867	0.250000	0.750689	0.013803
2.572000	0.851199	0.641786	0.646867	0.250000	0.750689	0.013803
2.581775	0.851199	0.641786	0.646867	0.250000	0.750689	0.013803
2.592484	0.865497	0.651804	0.589093	0.250000	1.010614	0.026986
2.602264	0.865497	0.651804	0.589093	0.250000	1.010614	0.026986
2.612046	0.865497	0.651804	0.589093	0.250000	1.010614	0.026986
2.621785	0.865497	0.651804	0.589093	0.250000	1.010614	0.026986
2.632485	0.865497	0.651804	0.589093	0.250000	1.010614	0.026986
2.641842	0.879510	0.661538	0.588630	0.250000	1.128497	0.033335
2.652090	0.879510	0.661538	0.588630	0.250000	1.128497	0.033335
2.661761	0.879510	0.661538	0.588630	0.250000	1.128497	0.033335
2.671816	0.879510	0.661538	0.588630	0.250000	1.128497	0.033335
2.681774	0.879510	0.661538	0.588630	0.250000	1.128497	0.033335
2.692125	0.879510	0.661538	0.588630	0.250000	1.128497	0.033335
2.701819	0.879510	0.661538	0.588630	0.250000	1.128497	0.033335
2.712559	0.888151	0.666356	0.605378	0.250000	1.180536	0.037001
2.722317	0.888151	0.666356	0.605378	0.250000	1.180536	0.037001
2.732036	0.888151	0.666356	0.605378	0.250000	1.180536	0.037001
2.741811	0.888151	0.666356	0.605378	0.250000	1.180536	0.037001
2.752586	0.888151	0.666356	0.605378	0.250000	1.180536	0.037001
2.762331	0.898487	0.676357	0.674724	0.250000	1.170999	0.037211
2.771903	0.898487	0.676357	0.674724	0.250000	1.170999	0.037211
2.781946	0.898487	0.676357	0.674724	0.250000	1.170999	0.037211
2.792614	0.898487	0.676357	0.674724	0.250000	1.170999	0.037211
2.802332	0.898487	0.676357	0.674724	0.250000	1.170999	0.037211
2.812168	0.898487	0.676357	0.674724	0.250000	1.170999	0.037211
2.821891	0.898487	0.676357	0.674724	0.250000	1.170999	0.037211
2.832567	0.898487	0.676357	0.674724	0.250000	1.170999	0.037211
2.841738	0.898487	0.676357	0.674724	0.250000	1.170999	0.037211
2.852086	0.909642	0.685993	0.731937	0.250000	1.228462	0.042644
2.861757	0.909642	0.685993	0.731937	0.250000	1.228462	0.042644
2.871715	0.909642	0.685993	0.731937	0.250000	1.228462	0.042644
2.882369	0.909642	0.685993	0.731937	0.250000	1.228462	0.042644
2.892127	0.909642	0.685993	0.731937	0.250000	1.228462	0.042644
2.901903	0.909642	0.685993	0.731937	0.250000	1.228462	0.042644
2.912662	0.909642	0.685993	0.731937	0.250000	1.228462	0.042644
2.922429	0.909642	0.685993	0.731937	0.250000	1.228462	0.042644
2.933252	0.909642	0.685993	0.731937	0.250000	1.228462	0.042644
2.941938	0.909642	0.685993	0.731937	0.250000	1.228462	0.042644
2.952710	0.909642	0.685993	0.731937	0.250000	1.228462	0.042644
2.962386	0.925642	0.701873	0.790979	0.250000	1.266786	0.047819
2.972166	0.925642	0.701873	0.790979	0.250000	1.266786	0.047819
2.981963	0.925642	0.701873	0.790979	0.250000	1.266786	0.047819
2.991707	0.925642	0.701873	0.790979	0.250000	1.266786	0.047819
3.002414	0.925642	0.701873	0.790979	0.250000	1.266786	0.047819
3.012197	0.925642	0.701873	0.790979	0.250000	1.266786	0.047819
3.021965	0.925642	0.701873	0.790979	0.250000	1.266786	0.047819
3.031700	0.925642	0.701873	0.790979	0.250000	1.266786	0.047819
3.041736	0.925642	0.701873	0.790979	0.250000	1.266786	0.047819
3.052259	0.925642	0.701873	0.790979	0.250000	1.266786	0.047819
3.061926	0.938705	0.713655	0.856038	0.250000	1.297767	0.054599
3.071724	0.938705	0.713655	0.856038	0.250000	1.297767	0.054599
3.087438	0.938705	0.713655	0.856038	0.250000	1.297767	0.054599
3.092108	0.938705	0.713655	0.856038	0.250000	1.297767	0.054599
3.101957	0.938705	0.713655	0.856038	0.250000	1.297767	0.054599
3.111931	0.938705	0.713655	0.856038	0.250000	1.297767	0.054599
3.122428	0.958504	0.726731	0.897430	0.250000	1.371618	0.066638
3.131634	0.958504	0.726731	0.897430	0.250000	1.371618	0.066638
3.141731	0.958504	0.726731	0.897430	0.250000	1.371618	0.066638
3.151745	0.958504	0.726731	0.897430	0.250000	1.371618	0.066638
3.162461	0.967047	0.736966	0.934044	0.250000	1.391356	0.072779
3.172230	0.967047	0.736966	0.934044	0.250000	1.391356	0.072779
3.181783	0.967047	0.736966	0.934044	0.250000	1.391356	0.072779
3.191874	0.967047	0.736966	0.934044	0.250000	1.391356	0.072779
3.202492	0.967047	0.736966	0.934044	0.250000	1.391356	0.072779
3.212322	0.967047	0.736966	0.934044	0.250000	1.391356	0.072779
3.222082	0.967047	0.736966	0.934044	0.250000	1.391356	0.072779
3.231743	0.976314	0.750518	0.968770	0.250000	1.398435	0.078041
3.242577	0.976314	0.750518	0.968770	0.250000	1.398435	0.078041
3.252283	0.976314	0.750518	0.968770	0.250000	1.398435	0.078041
3.261727	0.976314	0.750518	0.968770	0.250000	1.398435	0.078041
3.271772	0.976314	0.750518	0.968770	0.250000	1.398435	0.078041
3.281717	0.976314	0.750518	0.968770	0.250000	1.398435	0.078041
3.291697	0.976314	0.750518	0.968770	0.250000	1.398435	0.078041
3.301759	0.976314	0.750518	0.968770	0.250000	1.398435	0.078041
3.311819	0.976314	0.750518	0.968770	0.250000	1.398435	0.078041
3.322566	0.976314	0.750518	0.968770	0.250000	1.398435	0.078041
3.332439	0.978620	0.766809	1.009805	0.250000	1.380360	0.079833
3.343753	0.978620	0.766809	1.009805	0.250000	1.380360	0.079833
3.351843	0.978620	0.766809	1.009805	0.250000	1.380360	0.079833
3.361744	0.978620	0.766809	1.009805	0.250000	1.380360	0.079833
3.371823	0.978620	0.766809	1.009805	0.250000	1.380360	0.079833
3.381797	0.978620	0.766809	1.009805	0.250000	1.380360	0.079833
3.391877	0.978620	0.766809	1.009805	0.250000	1.380360	0.079833
3.401776	0.987424	0.782797	1.062930	0.250000	1.367367	0.084560
3.411755	0.987424	0.782797	1.062930	0.250000	1.367367	0.084560
3.421771	0.987424	0.782797	1.062930	0.250000	1.367367	0.084560
3.431864	0.987424	0.782797	1.062930	0.250000	1.367367	0.084560
3.441743	0.987424	0.782797	1.062930	0.250000	1.367367	0.084560
3.451897	0.987424	0.782797	1.062930	0.250000	1.367367	0.084560
3.462137	0.987424	0.782797	1.062930	0.250000	1.367367	0.084560
3.471904	0.987424	0.782797	1.062930	0.250000	1.367367	0.084560
3.482643	0.987424	0.782797	1.062930	0.250000	1.367367	0.084560
3.492374	0.987424	0.782797	1.062930	0.250000	1.367367	0.084560
3.502142	0.987424	0.782797	1.062930	0.250000	1.367367	0.084560
3.511831	1.003942	0.799214	1.121777	0.250000	1.384501	0.095978
3.522654	1.003942	0.799214	1.121777	0.250000	1.384501	0.095978
3.532404	1.003942	0.799214	1.121777	0.250000	1.384501	0.095978
3.541726	1.003942	0.799214	1.121777	0.250000	1.384501	0.095978
3.551991	1.003942	0.799214	1.121777	0.250000	1.384501	0.095978
3.562418	1.003942	0.799214	1.121777	0.250000	1.384501	0.095978
3.571747	1.003942	0.799214	1.121777	0.250000	1.384501	0.095978
3.582258	1.008721	0.812018	1.172731	0.250000	1.364946	0.099348
3.591926	1.008721	0.812018	1.172731	0.250000	1.364946	0.099348
3.601860	1.008721	0.812018	1.172731	0.250000	1.364946	0.099348
3.612046	1.008721	0.812018	1.172731	0.250000	1.364946	0.099348
3.622222	1.008721	0.812018	1.172731	0.250000	1.364946	0.099348
3.631894	1.016812	0.831128	1.223786	0.250000	1.349941	0.103533
3.641745	1.016812	0.831128	1.223786	0.250000	1.349941	0.103533
3.651757	1.016812	0.831128	1.223786	0.250000	1.349941	0.103533
3.663211	1.016812	0.831128	1.223786	0.250000	1.349941	0.103533
3.671956	1.016812	0.831128	1.223786	0.250000	1.349941	0.103533
3.681703	1.016812	0.831128	1.223786	0.250000	1.349941	0.103533
3.692448	1.013780	0.846500	1.263337	0.250000	1.309538	0.099785
3.701707	1.013780	0.846500	1.263337	0.250000	1.309538	0.099785
3.712332	1.013780	0.846500	1.263337	0.250000	1.309538	0.099785
3.721835	1.013780	0.846500	1.263337	0.250000	1.309538	0.099785
3.731790	1.013780	0.846500	1.263337	0.250000	1.309538	0.099785
3.741777	1.013780	0.846500	1.263337	0.250000	1.309538	0.099785
3.752007	1.013780	0.846500	1.263337	0.250000	1.309538	0.099785
3.761743	1.013780	0.846500	1.263337	0.250000	1.309538	0.099785
3.772524	1.013780	0.846500	1.263337	0.250000	1.309538	0.099785
3.781761	1.013780	0.846500	1.263337	0.250000	1.309538	0.099785
3.792018	1.020084	0.865571	1.316385	0.250000	1.289745	0.102809
3.801755	1.020084	0.865571	1.316385	0.250000	1.289745	0.102809
3.812522	1.020084	0.865571	1.316385	0.250000	1.289745	0.102809
3.822248	1.020084	0.865571	1.316385	0.250000	1.289745	0.102809
3.832026	1.020084	0.865571	1.316385	0.250000	1.289745	0.102809
3.841793	1.020084	0.865571	1.316385	0.250000	1.289745	0.102809
3.852515	1.020084	0.865571	1.316385	0.250000	1.289745	0.102809
3.862267	1.020084	0.865571	1.316385	0.250000	1.289745	0.102809
3.872062	1.020084	0.865571	1.316385	0.250000	1.289745	0.102809
3.881847	1.020084	0.865571	1.316385	0.250000	1.289745	0.102809
3.892569	1.020084	0.865571	1.316385	0.250000	1.289745	0.102809
3.901769	1.021806	0.881228	1.370996	0.250000	1.242588	0.101061
3.916050	1.021806	0.881228	1.370996	0.250000	1.242588	0.101061
3.921799	1.021806	0.881228	1.370996	0.250000	1.242588	0.101061
3.931982	1.021806	0.881228	1.370996	0.250000	1.242588	0.101061
3.941761	1.021806	0.881228	1.370996	0.250000	1.242588	0.101061
3.952035	1.023919	0.898884	1.422144	0.250000	1.212683	0.101112
3.962354	1.023919	0.898884	1.422144	0.250000	1.212683	0.101112
3.972690	1.023919	0.898884	1.422144	0.250000	1.212683	0.101112
3.981780	1.023919	0.898884	1.422144	0.250000	1.212683	0.101112
3.992133	1.023919	0.898884	1.422144	0.250000	1.212683	0.101112
4.001886	1.023919	0.898884	1.422144	0.250000	1.212683	0.101112
4.012572	1.025372	0.912898	1.468259	0.250000	1.181510	0.100545
4.022349	1.025372	0.912898	1.468259	0.250000	1.181510	0.100545
4.033943	1.025372	0.912898	1.468259	0.250000	1.181510	0.100545
4.041830	1.025372	0.912898	1.468259	0.250000	1.181510	0.100545
4.052610	1.025372	0.912898	1.468259	0.250000	1.181510	0.100545
4.061995	1.025372	0.912898	1.468259	0.250000	1.181510	0.100545
4.072186	1.025372	0.912898	1.468259	0.250000	1.181510	0.100545
4.082181	1.025372	0.912898	1.468259	0.250000	1.181510	0.100545
4.092625	1.025372	0.912898	1.468259	0.250000	1.181510	0.100545
4.103361	1.025372	0.912898	1.468259	0.250000	1.181510	0.100545
4.112126	1.029335	0.936540	1.532422	0.250000	1.150779	0.102088
4.121911	1.029335	0.936540	1.532422	0.250000	1.150779	0.102088
4.133316	1.029335	0.936540	1.532422	0.250000	1.150779	0.102088
4.142403	1.029335	0.936540	1.532422	0.250000	1.150779	0.102088
4.153053	1.029335	0.936540	1.532422	0.250000	1.150779	0.102088
4.163663	1.029335	0.936540	1.532422	0.250000	1.150779	0.102088
4.171700	1.029335	0.936540	1.532422	0.250000	1.150779	0.102088
4.182461	1.029325	0.951874	1.585634	0.250000	1.097150	0.099537
4.191802	1.029325	0.951874	1.585634	0.250000	1.097150	0.099537
4.201800	1.029325	0.951874	1.585634	0.250000	1.097150	0.099537
4.211771	1.029325	0.951874	1.585634	0.250000	1.097150	0.099537
4.221805	1.029325	0.951874	1.585634	0.250000	1.097150	0.099537
4.232161	1.029325	0.951874	1.585634	0.250000	1.097150	0.099537
4.241782	1.029325	0.951874	1.585634	0.250000	1.097150	0.099537
4.251778	1.029325	0.951874	1.585634	0.250000	1.097150	0.099537
4.262131	1.029325	0.951874	1.585634	0.250000	1.097150	0.099537
4.272197	1.029325	0.951874	1.585634	0.250000	1.097150	0.099537
4.282061	1.027057	0.968280	1.649031	0.250000	1.014908	0.094209
4.291739	1.027057	0.968280	1.649031	0.250000	1.014908	0.094209
4.302553	1.027057	0.968280	1.649031	0.250000	1.014908	0.094209
4.312274	1.027057	0.968280	1.649031	0.250000	1.014908	0.094209
4.321997	1.027057	0.968280	1.649031	0.250000	1.014908	0.094209
4.331739	1.027057	0.968280	1.649031	0.250000	1.014908	0.094209
4.341779	1.027057	0.968280	1.649031	0.250000	1.014908	0.094209
4.352283	1.027057	0.968280	1.649031	0.250000	1.014908	0.094209
4.363005	1.027057	0.968280	1.649031	0.250000	1.014908	0.094209
4.371721	1.027057	0.968280	1.649031	0.250000	1.014908	0.094209
4.382514	1.027057	0.968280	1.649031	0.250000	1.014908	0.094209
4.392229	1.020970	0.982443	1.706565	0.250000	0.905398	0.084636
4.402086	1.020970	0.982443	1.706565	0.250000	0.905398	0.084636
4.411761	1.020970	0.982443	1.706565	0.250000	0.905398	0.084636
4.422548	1.020970	0.982443	1.706565	0.250000	0.905398	0.084636
4.432230	1.020970	0.982443	1.706565	0.250000	0.905398	0.084636
4.442055	1.020970	0.982443	1.706565	0.250000	0.905398	0.084636
4.451851	1.020970	0.982443	1.706565	0.250000	0.905398	0.084636
4.462182	1.020970	0.982443	1.706565	0.250000	0.905398	0.084636
4.471920	1.020970	0.982443	1.706565	0.250000	0.905398	0.084636
4.482102	1.020970	0.982443	1.706565	0.250000	0.905398	0.084636
4.491790	1.019538	1.012889	1.781063	0.250000	0.795799	0.081070
4.501691	1.019538	1.012889	1.781063	0.250000	0.795799	0.081070
4.511758	1.019538	1.012889	1.781063	0.250000	0.795799	0.081070
4.522111	1.019538	1.012889	1.781063	0.250000	0.795799	0.081070
4.532646	1.019538	1.012889	1.781063	0.250000	0.795799	0.081070
4.542031	1.019538	1.012889	1.781063	0.250000	0.795799	0.081070
4.552365	1.019538	1.012889	1.781063	0.250000	0.795799	0.081070
4.562115	1.019538	1.012889	1.781063	0.250000	0.795799	0.081070
4.571866	1.019538	1.012889	1.781063	0.250000	0.795799	0.081070
4.581681	1.019538	1.012889	1.781063	0.250000	0.795799	0.081070
4.591772	1.019538	1.012889	1.781063	0.250000	0.795799	0.081070
4.602075	1.019538	1.012889	1.781063	0.250000	0.795799	0.081070
4.611907	1.019538	1.012889	1.781063	0.250000	0.795799	0.081070
4.621747	1.019538	1.012889	1.781063	0.250000	0.795799	0.081070
4.631735	1.019538	1.012889	1.781063	0.250000	0.795799	0.081070
4.642076	1.019538	1.012889	1.781063	0.250000	0.795799	0.081070
4.651945	1.014189	1.046557	1.941773	0.250000	0.454337	0.060508
4.663649	1.014189	1.046557	1.941773	0.250000	0.454337	0.060508
4.672392	1.014189	1.046557	1.941773	0.250000	0.454337	0.060508
4.681786	1.014189	1.046557	1.941773	0.250000	0.454337	0.060508
4.691911	1.014189	1.046557	1.941773	0.250000	0.454337	0.060508
4.701702	1.008659	1.071946	1.998984	0.250000	0.256998	0.050110
4.712426	1.008659	1.071946	1.998984	0.250000	0.256998	0.050110
4.722208	1.008659	1.071946	1.998984	0.250000	0.256998	0.050110
4.731890	1.008659	1.071946	1.998984	0.250000	0.256998	0.050110
4.742655	1.008659	1.071946	1.998984	0.250000	0.256998	0.050110
4.752421	1.008659	1.071946	1.998984	0.250000	0.256998	0.050110
4.762230	1.008659	1.071946	1.998984	0.250000	0.256998	0.050110
4.771924	1.000283	1.095223	2.139642	0.250000	-0.167654	0.025829
4.781683	1.000283	1.095223	2.139642	0.250000	-0.167654	0.025829
4.792430	1.000283	1.095223	2.139642	0.250000	-0.167654	0.025829
4.802302	1.000283	1.095223	2.139642	0.250000	-0.167654	0.025829
4.812077	1.000283	1.095223	2.139642	0.250000	-0.167654	0.025829
4.821734	1.000283	1.095223	2.139642	0.250000	-0.167654	0.025829
4.832483	0.993969	1.108175	2.100076	0.250000	-0.179498	0.024922
4.842227	0.993969	1.108175	2.100076	0.250000	-0.179498	0.024922
4.852124	0.993969	1.108175	2.100076	0.250000	-0.179498	0.024922
4.861717	0.993969	1.108175	2.100076	0.250000	-0.179498	0.024922
4.871797	0.993969	1.108175	2.100076	0.250000	-0.179498	0.024922
4.882291	0.993969	1.108175	2.100076	0.250000	-0.179498	0.024922
4.891958	0.993969	1.108175	2.100076	0.250000	-0.179498	0.024922
4.901808	0.993969	1.108175	2.100076	0.250000	-0.179498	0.024922
4.912570	0.993969	1.108175	2.100076	0.250000	-0.179498	0.024922
4.922379	0.987224	1.121580	2.144765	0.250000	-0.367278	0.014270
4.932053	0.987224	1.121580	2.144765	0.250000	-0.367278	0.014270
4.941829	0.987224	1.121580	2.144765	0.250000	-0.367278	0.014270
4.952497	0.987224	1.121580	2.144765	0.250000	-0.367278	0.014270
4.962253	0.987224	1.121580	2.144765	0.250000	-0.367278	0.014270
4.972077	0.987224	1.121580	2.144765	0.250000	-0.367278	0.014270
4.981786	0.987224	1.121580	2.144765	0.250000	-0.367278	0.014270
4.992488	0.987224	1.121580	2.144765	0.250000	-0.367278	0.014270
5.002234	0.987224	1.121580	2.144765	0.250000	-0.367278	0.014270
5.012015	0.987224	1.121580	2.144765	0.250000	-0.367278	0.014270
5.021795	0.987224	1.121580	2.144765	0.250000	-0.367278	0.014270
5.032398	0.987224	1.121580	2.144765	0.250000	-0.367278	0.014270
5.042474	0.987224	1.121580	2.144765	0.250000	-0.367278	0.014270
5.052024	0.987224	1.121580	2.144765	0.250000	-0.367278	0.014270
5.061825	0.987224	1.121580	2.144765	0.250000	-0.367278	0.014270
5.071750	0.987224	1.121580	2.144765	0.250000	-0.367278	0.014270
5.082417	0.974468	1.130096	2.094168	0.250000	-0.390568	0.009684
5.091748	0.974468	1.130096	2.094168	0.250000	-0.390568	0.009684
5.101772	0.974468	1.130096	2.094168	0.250000	-0.390568	0.009684
5.111898	0.974468	1.130096	2.094168	0.250000	-0.390568	0.009684
5.121776	0.974468	1.130096	2.094168	0.250000	-0.390568	0.009684
5.132224	0.974468	1.130096	2.094168	0.250000	-0.390568	0.009684
5.141836	0.974468	1.130096	2.094168	0.250000	-0.390568	0.009684
5.152160	0.974468	1.130096	2.094168	0.250000	-0.390568	0.009684
5.162199	0.974468	1.130096	2.094168	0.250000	-0.390568	0.009684
5.172076	0.974468	1.130096	2.094168	0.250000	-0.390568	0.009684
5.181964	0.974468	1.130096	2.094168	0.250000	-0.390568	0.009684
5.192507	0.974468	1.130096	2.094168	0.250000	-0.390568	0.009684
5.202391	0.974468	1.130096	2.094168	0.250000	-0.390568	0.009684
5.211904	0.958605	1.156683	2.094282	0.250000	-0.587580	-0.003575
5.221874	0.958605	1.156683	2.094282	0.250000	-0.587580	-0.003575
5.231874	0.958605	1.156683	2.094282	0.250000	-0.587580	-0.003575
5.242336	0.958605	1.156683	2.094282	0.250000	-0.587580	-0.003575
5.252133	0.958605	1.156683	2.094282	0.250000	-0.587580	-0.003575
5.263223	0.958605	1.156683	2.094282	0.250000	-0.587580	-0.003575
5.271767	0.958605	1.156683	2.094282	0.250000	-0.587580	-0.003575
5.282362	0.941805	1.182701	2.073521	0.250000	-0.765952	-0.017976
5.291863	0.941805	1.182701	2.073521	0.250000	-0.765952	-0.017976
5.301891	0.941805	1.182701	2.073521	0.250000	-0.765952	-0.017976
5.312642	0.941805	1.182701	2.073521	0.250000	-0.765952	-0.017976
5.322368	0.941805	1.182701	2.073521	0.250000	-0.765952	-0.017976
5.334222	0.930110	1.207348	2.139588	0.250000	-1.013113	-0.033553
5.341892	0.930110	1.207348	2.139588	0.250000	-1.013113	-0.033553
5.351690	0.930110	1.207348	2.139588	0.250000	-1.013113	-0.033553
5.362393	0.930110	1.207348	2.139588	0.250000	-1.013113	-0.033553
5.372183	0.930110	1.207348	2.139588	0.250000	-1.013113	-0.033553
5.381788	0.930110	1.207348	2.139588	0.250000	-1.013113	-0.033553
5.391691	0.920018	1.216979	2.216822	0.250000	-1.220820	-0.046810
5.401834	0.920018	1.216979	2.216822	0.250000	-1.220820	-0.046810
5.412175	0.920018	1.216979	2.216822	0.250000	-1.220820	-0.046810
5.421926	0.920018	1.216979	2.216822	0.250000	-1.220820	-0.046810
5.431710	0.920018	1.216979	2.216822	0.250000	-1.220820	-0.046810
5.441760	0.920018	1.216979	2.216822	0.250000	-1.220820	-0.046810
5.452263	0.920018	1.216979	2.216822	0.250000	-1.220820	-0.046810
5.461942	0.920018	1.216979	2.216822	0.250000	-1.220820	-0.046810
5.471742	0.920018	1.216979	2.216822	0.250000	-1.220820	-0.046810
5.481725	0.920018	1.216979	2.216822	0.250000	-1.220820	-0.046810
5.492238	0.922038	1.228077	2.305731	0.250000	-1.306833	-0.046493
5.503222	0.922038	1.228077	2.305731	0.250000	-1.306833	-0.046493
5.511745	0.922038	1.228077	2.305731	0.250000	-1.306833	-0.046493
5.522485	0.922038	1.228077	2.305731	0.250000	-1.306833	-0.046493
5.533544	0.922038	1.228077	2.305731	0.250000	-1.306833	-0.046493
5.541978	0.922038	1.228077	2.305731	0.250000	-1.306833	-0.046493
5.555708	0.922038	1.228077	2.305731	0.250000	-1.306833	-0.046493
5.562641	0.922038	1.228077	2.305731	0.250000	-1.306833	-0.046493
5.572242	0.922038	1.228077	2.305731	0.250000	-1.306833	-0.046493
5.582015	0.922038	1.228077	2.305731	0.250000	-1.306833	-0.046493
5.591821	0.922038	1.228077	2.305731	0.250000	-1.306833	-0.046493
5.601750	0.913722	1.241461	2.157317	0.250000	-1.175540	-0.047988
5.612352	0.913722	1.241461	2.157317	0.250000	-1.175540	-0.047988
5.622057	0.913722	1.241461	2.157317	0.250000	-1.175540	-0.047988
5.632819	0.913722	1.241461	2.157317	0.250000	-1.175540	-0.047988
5.641750	0.913722	1.241461	2.157317	0.250000	-1.175540	-0.047988
5.651960	0.913722	1.241461	2.157317	0.250000	-1.175540	-0.047988
5.662079	0.913722	1.241461	2.157317	0.250000	-1.175540	-0.047988
5.671815	0.913722	1.241461	2.157317	0.250000	-1.175540	-0.047988
5.682503	0.908296	1.266829	2.101160	0.250000	-1.146639	-0.052502
5.692285	0.908296	1.266829	2.101160	0.250000	-1.146639	-0.052502
5.701864	0.908296	1.266829	2.101160	0.250000	-1.146639	-0.052502
5.711846	0.908296	1.266829	2.101160	0.250000	-1.146639	-0.052502
5.721781	0.908296	1.266829	2.101160	0.250000	-1.146639	-0.052502
5.731726	0.908296	1.266829	2.101160	0.250000	-1.146639	-0.052502
5.741765	0.908296	1.266829	2.101160	0.250000	-1.146639	-0.052502
5.751850	0.908296	1.266829	2.101160	0.250000	-1.146639	-0.052502
5.761832	0.908296	1.266829	2.101160	0.250000	-1.146639	-0.052502
5.771736	0.908296	1.266829	2.101160	0.250000	-1.146639	-0.052502
5.781762	0.908296	1.266829	2.101160	0.250000	-1.146639	-0.052502
5.791756	0.908296	1.266829	2.101160	0.250000	-1.146639	-0.052502
5.804752	0.908296	1.266829	2.101160	0.250000	-1.146639	-0.052502
5.812460	0.908296	1.266829	2.101160	0.250000	-1.146639	-0.052502
5.822090	0.890059	1.287589	1.910952	0.250000	-0.940599	-0.054385
5.831923	0.890059	1.287589	1.910952	0.250000	-0.940599	-0.054385
5.841788	0.890059	1.287589	1.910952	0.250000	-0.940599	-0.054385
5.852333	0.890059	1.287589	1.910952	0.250000	-0.940599	-0.054385
5.862126	0.890059	1.287589	1.910952	0.250000	-0.940599	-0.054385
5.871742	0.890059	1.287589	1.910952	0.250000	-0.940599	-0.054385
5.881814	0.890059	1.287589	1.910952	0.250000	-0.940599	-0.054385
5.891754	0.891509	1.298812	2.014934	0.250000	-1.105492	-0.063201
5.902149	0.891509	1.298812	2.014934	0.250000	-1.105492	-0.063201
5.911772	0.891509	1.298812	2.014934	0.250000	-1.105492	-0.063201
5.921736	0.891509	1.298812	2.014934	0.250000	-1.105492	-0.063201
5.931789	0.891509	1.298812	2.014934	0.250000	-1.105492	-0.063201
5.941810	0.891509	1.298812	2.014934	0.250000	-1.105492	-0.063201
5.952051	0.891509	1.298812	2.014934	0.250000	-1.105492	-0.063201
5.962600	0.886032	1.314351	1.977423	0.250000	-1.054019	-0.065148
5.971843	0.886032	1.314351	1.977423	0.250000	-1.054019	-0.065148
5.982148	0.886032	1.314351	1.977423	0.250000	-1.054019	-0.065148
5.991804	0.886032	1.314351	1.977423	0.250000	-1.054019	-0.065148
6.001722	0.886032	1.314351	1.977423	0.250000	-1.054019	-0.065148
6.011785	0.886032	1.314351	1.977423	0.250000	-1.054019	-0.065148
6.022047	0.886032	1.314351	1.977423	0.250000	-1.054019	-0.065148
6.031922	0.882307	1.326147	2.043824	0.250000	-1.168545	-0.074842
6.041789	0.882307	1.326147	2.043824	0.250000	-1.168545	-0.074842
6.051748	0.882307	1.326147	2.043824	0.250000	-1.168545	-0.074842
6.061896	0.882307	1.326147	2.043824	0.250000	-1.168545	-0.074842
6.071873	0.882307	1.326147	2.043824	0.250000	-1.168545	-0.074842
6.081765	0.882307	1.326147	2.043824	0.250000	-1.168545	-0.074842
6.091855	0.882307	1.326147	2.043824	0.250000	-1.168545	-0.074842
6.102206	0.882307	1.326147	2.043824	0.250000	-1.168545	-0.074842
6.111973	0.882307	1.326147	2.043824	0.250000	-1.168545	-0.074842
6.121817	0.882307	1.326147	2.043824	0.250000	-1.168545	-0.074842
6.131712	0.882307	1.326147	2.043824	0.250000	-1.168545	-0.074842
6.142196	0.882307	1.326147	2.043824	0.250000	-1.168545	-0.074842
6.151977	0.882307	1.326147	2.043824	0.250000	-1.168545	-0.074842
6.161755	0.882307	1.326147	2.043824	0.250000	-1.168545	-0.074842
6.171749	0.872433	1.357427	1.838920	0.250000	-0.760183	-0.062096
