t	x(t)	y(t)	theta(t)	v(t)	gamma(t)	efa
0.004353	0.274855	0.233067	0.117367	0.250000	0.604678	0.016043
0.010119	0.274855	0.233067	0.117367	0.250000	0.604678	0.016043
0.016864	0.274855	0.233067	0.117367	0.250000	0.604678	0.016043
0.024959	0.274855	0.233067	0.117367	0.250000	0.604678	0.016043
0.035681	0.274855	0.233067	0.117367	0.250000	0.604678	0.016043
0.045365	0.274855	0.233067	0.117367	0.250000	0.604678	0.016043
0.055148	0.274855	0.233067	0.117367	0.250000	0.604678	0.016043
0.064878	0.274855	0.233067	0.117367	0.250000	0.604678	0.016043
0.074941	0.274855	0.233067	0.117367	0.250000	0.604678	0.016043
0.085453	0.274855	0.233067	0.117367	0.250000	0.604678	0.016043
0.094876	0.274855	0.233067	0.117367	0.250000	0.604678	0.016043
0.104866	0.274855	0.233067	0.117367	0.250000	0.604678	0.016043
0.116010	0.274855	0.233067	0.117367	0.250000	0.604678	0.016043
0.125420	0.274855	0.233067	0.117367	0.250000	0.604678	0.016043
0.135225	0.274855	0.233067	0.117367	0.250000	0.604678	0.016043
0.145048	0.274855	0.233067	0.117367	0.250000	0.604678	0.016043
0.155739	0.274855	0.233067	0.117367	0.250000	0.604678	0.016043
0.165520	0.274855	0.233067	0.117367	0.250000	0.604678	0.016043
0.175085	0.274855	0.233067	0.117367	0.250000	0.604678	0.016043
0.184950	0.274855	0.233067	0.117367	0.250000	0.604678	0.016043
0.194945	0.274855	0.233067	0.117367	0.250000	0.604678	0.016043
0.204839	0.274855	0.233067	0.117367	0.250000	0.604678	0.016043
0.214882	0.274855	0.233067	0.117367	0.250000	0.604678	0.016043
0.224940	0.274855	0.233067	0.117367	0.250000	0.604678	0.016043
0.234877	0.274855	0.233067	0.117367	0.250000	0.604678	0.016043
0.244835	0.276533	0.233571	0.109647	0.250000	0.668931	0.018323
0.255045	0.276533	0.233571	0.109647	0.250000	0.668931	0.018323
0.264899	0.276533	0.233571	0.109647	0.250000	0.668931	0.018323
0.274976	0.276533	0.233571	0.109647	0.250000	0.668931	0.018323
0.284938	0.276533	0.233571	0.109647	0.250000	0.668931	0.018323
0.295235	0.276533	0.233571	0.109647	0.250000	0.668931	0.018323
0.305064	0.276533	0.233571	0.109647	0.250000	0.668931	0.018323
0.315405	0.276533	0.233571	0.109647	0.250000	0.668931	0.018323
0.324849	0.276533	0.233571	0.109647	0.250000	0.668931	0.018323
0.334903	0.276533	0.233571	0.109647	0.250000	0.668931	0.018323
0.344926	0.276533	0.233571	0.109647	0.250000	0.668931	0.018323
0.354881	0.276533	0.233571	0.109647	0.250000	0.668931	0.018323
0.364892	0.276533	0.233571	0.109647	0.250000	0.668931	0.018323
0.374991	0.276533	0.233571	0.109647	0.250000	0.668931	0.018323
0.385005	0.276533	0.233571	0.109647	0.250000	0.668931	0.018323
0.394901	0.276533	0.233571	0.109647	0.250000	0.668931	0.018323
0.404824	0.276533	0.233571	0.109647	0.250000	0.668931	0.018323
0.415155	0.292411	0.236550	0.135521	0.250000	0.748143	0.019270
0.425024	0.292411	0.236550	0.135521	0.250000	0.748143	0.019270
0.434860	0.292411	0.236550	0.135521	0.250000	0.748143	0.019270
0.445505	0.292411	0.236550	0.135521	0.250000	0.748143	0.019270
0.455279	0.292411	0.236550	0.135521	0.250000	0.748143	0.019270
0.465155	0.292411	0.236550	0.135521	0.250000	0.748143	0.019270
0.475041	0.292411	0.236550	0.135521	0.250000	0.748143	0.019270
0.485543	0.292411	0.236550	0.135521	0.250000	0.748143	0.019270
0.495313	0.311146	0.240246	0.179808	0.250000	0.915188	0.023044
0.505079	0.311146	0.240246	0.179808	0.250000	0.915188	0.023044
0.514953	0.311146	0.240246	0.179808	0.250000	0.915188	0.023044
0.525577	0.311146	0.240246	0.179808	0.250000	0.915188	0.023044
0.535279	0.311146	0.240246	0.179808	0.250000	0.915188	0.023044
0.544929	0.311146	0.240246	0.179808	0.250000	0.915188	0.023044
0.554915	0.311146	0.240246	0.179808	0.250000	0.915188	0.023044
0.565181	0.335149	0.244496	0.244726	0.250000	1.083822	0.027691
0.574887	0.335149	0.244496	0.244726	0.250000	1.083822	0.027691
0.585622	0.335149	0.244496	0.244726	0.250000	1.083822	0.027691
0.595393	0.335149	0.244496	0.244726	0.250000	1.083822	0.027691
0.605237	0.335149	0.244496	0.244726	0.250000	1.083822	0.027691
0.614904	0.335149	0.244496	0.244726	0.250000	1.083822	0.027691
0.625648	0.349751	0.247646	0.294581	0.250000	1.179083	0.030528
0.635408	0.349751	0.247646	0.294581	0.250000	1.179083	0.030528
0.645149	0.349751	0.247646	0.294581	0.250000	1.179083	0.030528
0.654893	0.349751	0.247646	0.294581	0.250000	1.179083	0.030528
0.665160	0.349751	0.247646	0.294581	0.250000	1.179083	0.030528
0.674898	0.349751	0.247646	0.294581	0.250000	1.179083	0.030528
0.685183	0.366612	0.251711	0.343255	0.250000	1.287707	0.034890
0.695024	0.366612	0.251711	0.343255	0.250000	1.287707	0.034890
0.704962	0.366612	0.251711	0.343255	0.250000	1.287707	0.034890
0.714888	0.366612	0.251711	0.343255	0.250000	1.287707	0.034890
0.725191	0.366612	0.251711	0.343255	0.250000	1.287707	0.034890
0.734873	0.366612	0.251711	0.343255	0.250000	1.287707	0.034890
0.745661	0.381368	0.257582	0.386027	0.250000	1.328646	0.036237
0.755466	0.381368	0.257582	0.386027	0.250000	1.328646	0.036237
0.765169	0.381368	0.257582	0.386027	0.250000	1.328646	0.036237
0.774947	0.381368	0.257582	0.386027	0.250000	1.328646	0.036237
0.784855	0.381368	0.257582	0.386027	0.250000	1.328646	0.036237
0.794919	0.381368	0.257582	0.386027	0.250000	1.328646	0.036237
0.805238	0.381368	0.257582	0.386027	0.250000	1.328646	0.036237
0.814960	0.394981	0.263317	0.429721	0.250000	1.432286	0.041333
0.824866	0.394981	0.263317	0.429721	0.250000	1.432286	0.041333
0.834925	0.394981	0.263317	0.429721	0.250000	1.432286	0.041333
0.844909	0.394981	0.263317	0.429721	0.250000	1.432286	0.041333
0.854934	0.394981	0.263317	0.429721	0.250000	1.432286	0.041333
0.865081	0.394981	0.263317	0.429721	0.250000	1.432286	0.041333
0.875528	0.394981	0.263317	0.429721	0.250000	1.432286	0.041333
0.885262	0.394981	0.263317	0.429721	0.250000	1.432286	0.041333
0.895033	0.394981	0.263317	0.429721	0.250000	1.432286	0.041333
0.905747	0.394981	0.263317	0.429721	0.250000	1.432286	0.041333
0.914874	0.394981	0.263317	0.429721	0.250000	1.432286	0.041333
0.924837	0.394981	0.263317	0.429721	0.250000	1.432286	0.041333
0.934914	0.410358	0.272116	0.474365	0.250000	1.517575	0.045890
0.944827	0.410358	0.272116	0.474365	0.250000	1.517575	0.045890
0.955579	0.410358	0.272116	0.474365	0.250000	1.517575	0.045890
0.965275	0.410358	0.272116	0.474365	0.250000	1.517575	0.045890
0.975008	0.410358	0.272116	0.474365	0.250000	1.517575	0.045890
0.985777	0.410358	0.272116	0.474365	0.250000	1.517575	0.045890
0.995533	0.410358	0.272116	0.474365	0.250000	1.517575	0.045890
1.005297	0.426929	0.281710	0.534526	0.250000	1.528865	0.047975
1.015136	0.426929	0.281710	0.534526	0.250000	1.528865	0.047975
1.024834	0.426929	0.281710	0.534526	0.250000	1.528865	0.047975
1.034905	0.426929	0.281710	0.534526	0.250000	1.528865	0.047975
1.044835	0.426929	0.281710	0.534526	0.250000	1.528865	0.047975
1.054960	0.426929	0.281710	0.534526	0.250000	1.528865	0.047975
1.064956	0.426929	0.281710	0.534526	0.250000	1.528865	0.047975
1.074939	0.426929	0.281710	0.534526	0.250000	1.528865	0.047975
1.085320	0.426929	0.281710	0.534526	0.250000	1.528865	0.047975
1.095155	0.426929	0.281710	0.534526	0.250000	1.528865	0.047975
1.105792	0.426929	0.281710	0.534526	0.250000	1.528865	0.047975
1.115617	0.426929	0.281710	0.534526	0.250000	1.528865	0.047975
1.125347	0.426929	0.281710	0.534526	0.250000	1.528865	0.047975
1.135139	0.426929	0.281710	0.534526	0.250000	1.528865	0.047975
1.145021	0.426929	0.281710	0.534526	0.250000	1.528865	0.047975
1.156325	0.445735	0.294089	0.601686	0.250000	1.633087	0.057185
1.165575	0.445735	0.294089	0.601686	0.250000	1.633087	0.057185
1.175249	0.445735	0.294089	0.601686	0.250000	1.633087	0.057185
1.184871	0.445735	0.294089	0.601686	0.250000	1.633087	0.057185
1.195624	0.445735	0.294089	0.601686	0.250000	1.633087	0.057185
1.205397	0.445735	0.294089	0.601686	0.250000	1.633087	0.057185
1.214905	0.445735	0.294089	0.601686	0.250000	1.633087	0.057185
1.224881	0.462432	0.306271	0.662236	0.250000	1.692250	0.064934
1.234901	0.462432	0.306271	0.662236	0.250000	1.692250	0.064934
1.245451	0.462432	0.306271	0.662236	0.250000	1.692250	0.064934
1.255188	0.462432	0.306271	0.662236	0.250000	1.692250	0.064934
1.264890	0.462432	0.306271	0.662236	0.250000	1.692250	0.064934
1.275728	0.477964	0.319808	0.732474	0.250000	1.729837	0.072822
1.285415	0.477964	0.319808	0.732474	0.250000	1.729837	0.072822
1.295192	0.477964	0.319808	0.732474	0.250000	1.729837	0.072822
1.304907	0.477964	0.319808	0.732474	0.250000	1.729837	0.072822
1.315640	0.477964	0.319808	0.732474	0.250000	1.729837	0.072822
1.325423	0.477964	0.319808	0.732474	0.250000	1.729837	0.072822
1.334972	0.477964	0.319808	0.732474	0.250000	1.729837	0.072822
1.345073	0.491809	0.332690	0.790895	0.250000	1.740439	0.078863
1.355061	0.491809	0.332690	0.790895	0.250000	1.740439	0.078863
1.365108	0.491809	0.332690	0.790895	0.250000	1.740439	0.078863
1.374930	0.491809	0.332690	0.790895	0.250000	1.740439	0.078863
1.385909	0.491809	0.332690	0.790895	0.250000	1.740439	0.078863
1.396317	0.491809	0.332690	0.790895	0.250000	1.740439	0.078863
1.404906	0.491809	0.332690	0.790895	0.250000	1.740439	0.078863
1.414968	0.491809	0.332690	0.790895	0.250000	1.740439	0.078863
1.425069	0.491809	0.332690	0.790895	0.250000	1.740439	0.078863
1.435193	0.491809	0.332690	0.790895	0.250000	1.740439	0.078863
1.444879	0.491809	0.332690	0.790895	0.250000	1.740439	0.078863
1.454934	0.491809	0.332690	0.790895	0.250000	1.740439	0.078863
1.464976	0.491809	0.332690	0.790895	0.250000	1.740439	0.078863
1.475014	0.491809	0.332690	0.790895	0.250000	1.740439	0.078863
1.485408	0.491809	0.332690	0.790895	0.250000	1.740439	0.078863
1.494983	0.491809	0.332690	0.790895	0.250000	1.740439	0.078863
1.504937	0.507465	0.349798	0.873159	0.250000	1.780328	0.091962
1.514910	0.507465	0.349798	0.873159	0.250000	1.780328	0.091962
1.524860	0.507465	0.349798	0.873159	0.250000	1.780328	0.091962
1.535009	0.507465	0.349798	0.873159	0.250000	1.780328	0.091962
1.544897	0.507465	0.349798	0.873159	0.250000	1.780328	0.091962
1.554946	0.507465	0.349798	0.873159	0.250000	1.780328	0.091962
1.564908	0.507465	0.349798	0.873159	0.250000	1.780328	0.091962
1.574988	0.507465	0.349798	0.873159	0.250000	1.780328	0.091962
1.584862	0.507465	0.349798	0.873159	0.250000	1.780328	0.091962
1.594963	0.507465	0.349798	0.873159	0.250000	1.780328	0.091962
1.604906	0.507465	0.349798	0.873159	0.250000	1.780328	0.091962
1.615095	0.507465	0.349798	0.873159	0.250000	1.780328	0.091962
1.624959	0.507465	0.349798	0.873159	0.250000	1.780328	0.091962
1.634923	0.507465	0.349798	0.873159	0.250000	1.780328	0.091962
1.644890	0.524072	0.369463	0.944188	0.250000	1.811941	0.106655
1.655001	0.524072	0.369463	0.944188	0.250000	1.811941	0.106655
1.664891	0.524072	0.369463	0.944188	0.250000	1.811941	0.106655
1.674923	0.524072	0.369463	0.944188	0.250000	1.811941	0.106655
1.684899	0.524072	0.369463	0.944188	0.250000	1.811941	0.106655
1.694951	0.524072	0.369463	0.944188	0.250000	1.811941	0.106655
1.704871	0.524072	0.369463	0.944188	0.250000	1.811941	0.106655
1.714948	0.524072	0.369463	0.944188	0.250000	1.811941	0.106655
1.724811	0.524072	0.369463	0.944188	0.250000	1.811941	0.106655
1.735039	0.524072	0.369463	0.944188	0.250000	1.811941	0.106655
1.744885	0.524072	0.369463	0.944188	0.250000	1.811941	0.106655
1.754915	0.541338	0.394821	1.033609	0.250000	1.826648	0.127813
1.764856	0.541338	0.394821	1.033609	0.250000	1.826648	0.127813
1.774877	0.541338	0.394821	1.033609	0.250000	1.826648	0.127813
1.785075	0.541338	0.394821	1.033609	0.250000	1.826648	0.127813
1.794924	0.541338	0.394821	1.033609	0.250000	1.826648	0.127813
1.804855	0.541338	0.394821	1.033609	0.250000	1.826648	0.127813
1.814969	0.541338	0.394821	1.033609	0.250000	1.826648	0.127813
1.824941	0.541338	0.394821	1.033609	0.250000	1.826648	0.127813
1.834870	0.554175	0.415772	1.108078	0.250000	1.802823	0.145317
1.844882	0.554175	0.415772	1.108078	0.250000	1.802823	0.145317
1.855801	0.554175	0.415772	1.108078	0.250000	1.802823	0.145317
1.864867	0.554175	0.415772	1.108078	0.250000	1.802823	0.145317
1.874908	0.554175	0.415772	1.108078	0.250000	1.802823	0.145317
1.884861	0.563038	0.433260	1.166224	0.250000	1.759210	0.163343
1.894939	0.563038	0.433260	1.166224	0.250000	1.759210	0.163343
1.905041	0.563038	0.433260	1.166224	0.250000	1.759210	0.163343
1.914966	0.563038	0.433260	1.166224	0.250000	1.759210	0.163343
1.924872	0.563038	0.433260	1.166224	0.250000	1.759210	0.163343
1.934906	0.563038	0.433260	1.166224	0.250000	1.759210	0.163343
1.944849	0.563038	0.433260	1.166224	0.250000	1.759210	0.163343
1.954915	0.568092	0.446749	1.207870	0.250000	1.699648	0.177522
1.964952	0.568092	0.446749	1.207870	0.250000	1.699648	0.177522
1.974921	0.568092	0.446749	1.207870	0.250000	1.699648	0.177522
1.984877	0.568092	0.446749	1.207870	0.250000	1.699648	0.177522
1.994951	0.568092	0.446749	1.207870	0.250000	1.699648	0.177522
2.004891	0.568092	0.446749	1.207870	0.250000	1.699648	0.177522
2.014881	0.572407	0.460260	1.255345	0.250000	1.627102	0.188451
2.024911	0.572407	0.460260	1.255345	0.250000	1.627102	0.188451
2.034934	0.572407	0.460260	1.255345	0.250000	1.627102	0.188451
2.044790	0.572407	0.460260	1.255345	0.250000	1.627102	0.188451
2.054914	0.572407	0.460260	1.255345	0.250000	1.627102	0.188451
2.064873	0.572407	0.460260	1.255345	0.250000	1.627102	0.188451
2.075037	0.572407	0.460260	1.255345	0.250000	1.627102	0.188451
2.085092	0.576077	0.475401	1.315910	0.250000	1.531664	0.196605
2.095059	0.576077	0.475401	1.315910	0.250000	1.531664	0.196605
2.104869	0.576077	0.475401	1.315910	0.250000	1.531664	0.196605
2.114987	0.576077	0.475401	1.315910	0.250000	1.531664	0.196605
2.125083	0.576077	0.475401	1.315910	0.250000	1.531664	0.196605
2.134928	0.576077	0.475401	1.315910	0.250000	1.531664	0.196605
2.144813	0.579460	0.490801	1.371612	0.250000	1.444508	0.200162
2.154947	0.579460	0.490801	1.371612	0.250000	1.444508	0.200162
2.165153	0.579460	0.490801	1.371612	0.250000	1.444508	0.200162
2.174933	0.579460	0.490801	1.371612	0.250000	1.444508	0.200162
2.184947	0.579460	0.490801	1.371612	0.250000	1.444508	0.200162
2.194966	0.579460	0.490801	1.371612	0.250000	1.444508	0.200162
2.204898	0.579460	0.490801	1.371612	0.250000	1.444508	0.200162
2.214897	0.579460	0.490801	1.371612	0.250000	1.444508	0.200162
2.224869	0.579460	0.490801	1.371612	0.250000	1.444508	0.200162
2.234978	0.579460	0.490801	1.371612	0.250000	1.444508	0.200162
2.245450	0.579460	0.490801	1.371612	0.250000	1.444508	0.200162
2.254973	0.579460	0.490801	1.371612	0.250000	1.444508	0.200162
2.264837	0.583090	0.508445	1.429072	0.250000	1.356132	0.201020
2.274969	0.583090	0.508445	1.429072	0.250000	1.356132	0.201020
2.284852	0.583090	0.508445	1.429072	0.250000	1.356132	0.201020
2.294926	0.583090	0.508445	1.429072	0.250000	1.356132	0.201020
2.304904	0.583090	0.508445	1.429072	0.250000	1.356132	0.201020
2.314894	0.583090	0.508445	1.429072	0.250000	1.356132	0.201020
2.324992	0.583090	0.508445	1.429072	0.250000	1.356132	0.201020
2.335143	0.583090	0.508445	1.429072	0.250000	1.356132	0.201020
2.344993	0.583090	0.508445	1.429072	0.250000	1.356132	0.201020
2.354941	0.583090	0.508445	1.429072	0.250000	1.356132	0.201020
2.364992	0.583090	0.508445	1.429072	0.250000	1.356132	0.201020
2.374897	0.583090	0.508445	1.429072	0.250000	1.356132	0.201020
2.384856	0.584537	0.530838	1.498591	0.250000	1.247271	0.196090
2.394940	0.584537	0.530838	1.498591	0.250000	1.247271	0.196090
2.404885	0.584537	0.530838	1.498591	0.250000	1.247271	0.196090
2.414901	0.584537	0.530838	1.498591	0.250000	1.247271	0.196090
2.424839	0.584537	0.530838	1.498591	0.250000	1.247271	0.196090
2.434980	0.584537	0.530838	1.498591	0.250000	1.247271	0.196090
2.444894	0.584537	0.530838	1.498591	0.250000	1.247271	0.196090
2.454924	0.584689	0.552506	1.572623	0.250000	1.132876	0.186610
2.464983	0.584689	0.552506	1.572623	0.250000	1.132876	0.186610
2.474990	0.584689	0.552506	1.572623	0.250000	1.132876	0.186610
2.484831	0.584689	0.552506	1.572623	0.250000	1.132876	0.186610
2.494935	0.584689	0.552506	1.572623	0.250000	1.132876	0.186610
2.504857	0.584689	0.552506	1.572623	0.250000	1.132876	0.186610
2.514994	0.582100	0.573667	1.635698	0.250000	1.033018	0.174264
2.524895	0.582100	0.573667	1.635698	0.250000	1.033018	0.174264
2.534930	0.582100	0.573667	1.635698	0.250000	1.033018	0.174264
2.544808	0.582100	0.573667	1.635698	0.250000	1.033018	0.174264
2.554955	0.582100	0.573667	1.635698	0.250000	1.033018	0.174264
2.564901	0.582100	0.573667	1.635698	0.250000	1.033018	0.174264
2.602169	0.582100	0.573667	1.635698	0.250000	1.033018	0.174264
2.602424	0.582100	0.573667	1.635698	0.250000	1.033018	0.174264
2.604731	0.582100	0.573667	1.635698	0.250000	1.033018	0.174264
2.604996	0.582100	0.573667	1.635698	0.250000	1.033018	0.174264
2.614857	0.582100	0.573667	1.635698	0.250000	1.033018	0.174264
2.624810	0.580098	0.589181	1.681929	0.250000	0.958181	0.164386
2.634869	0.580098	0.589181	1.681929	0.250000	0.958181	0.164386
2.644878	0.580098	0.589181	1.681929	0.250000	0.958181	0.164386
2.654858	0.580098	0.589181	1.681929	0.250000	0.958181	0.164386
2.664844	0.580098	0.589181	1.681929	0.250000	0.958181	0.164386
2.674928	0.580098	0.589181	1.681929	0.250000	0.958181	0.164386
2.684883	0.577096	0.606977	1.736226	0.250000	0.868834	0.152002
2.694914	0.577096	0.606977	1.736226	0.250000	0.868834	0.152002
2.704836	0.577096	0.606977	1.736226	0.250000	0.868834	0.152002
2.714952	0.577096	0.606977	1.736226	0.250000	0.868834	0.152002
2.724909	0.577096	0.606977	1.736226	0.250000	0.868834	0.152002
2.735794	0.577096	0.606977	1.736226	0.250000	0.868834	0.152002
2.745457	0.577096	0.606977	1.736226	0.250000	0.868834	0.152002
2.754987	0.574182	0.621931	1.794878	0.250000	0.771558	0.139074
2.765032	0.574182	0.621931	1.794878	0.250000	0.771558	0.139074
2.774909	0.574182	0.621931	1.794878	0.250000	0.771558	0.139074
2.785480	0.574182	0.621931	1.794878	0.250000	0.771558	0.139074
2.795238	0.574182	0.621931	1.794878	0.250000	0.771558	0.139074
2.805060	0.574182	0.621931	1.794878	0.250000	0.771558	0.139074
2.814999	0.569721	0.637530	1.860950	0.250000	0.652488	0.123376
2.825516	0.569721	0.637530	1.860950	0.250000	0.652488	0.123376
2.835254	0.569721	0.637530	1.860950	0.250000	0.652488	0.123376
2.845009	0.569721	0.637530	1.860950	0.250000	0.652488	0.123376
2.854890	0.569721	0.637530	1.860950	0.250000	0.652488	0.123376
2.864926	0.569721	0.637530	1.860950	0.250000	0.652488	0.123376
2.874960	0.569721	0.637530	1.860950	0.250000	0.652488	0.123376
2.884910	0.569721	0.637530	1.860950	0.250000	0.652488	0.123376
2.894922	0.569721	0.637530	1.860950	0.250000	0.652488	0.123376
2.904853	0.569721	0.637530	1.860950	0.250000	0.652488	0.123376
2.915265	0.569721	0.637530	1.860950	0.250000	0.652488	0.123376
2.925098	0.569721	0.637530	1.860950	0.250000	0.652488	0.123376
2.935796	0.564051	0.651566	1.927181	0.250000	0.522966	0.107598
2.945475	0.564051	0.651566	1.927181	0.250000	0.522966	0.107598
2.955299	0.564051	0.651566	1.927181	0.250000	0.522966	0.107598
2.965077	0.564051	0.651566	1.927181	0.250000	0.522966	0.107598
2.974796	0.564051	0.651566	1.927181	0.250000	0.522966	0.107598
2.985561	0.557088	0.666680	1.981432	0.250000	0.394713	0.091877
2.994935	0.557088	0.666680	1.981432	0.250000	0.394713	0.091877
3.004917	0.557088	0.666680	1.981432	0.250000	0.394713	0.091877
3.016006	0.557088	0.666680	1.981432	0.250000	0.394713	0.091877
3.024837	0.557088	0.666680	1.981432	0.250000	0.394713	0.091877
3.034988	0.557088	0.666680	1.981432	0.250000	0.394713	0.091877
3.044976	0.557088	0.666680	1.981432	0.250000	0.394713	0.091877
3.056871	0.548602	0.682706	2.029991	0.250000	0.259909	0.076512
3.064911	0.548602	0.682706	2.029991	0.250000	0.259909	0.076512
3.074964	0.548602	0.682706	2.029991	0.250000	0.259909	0.076512
3.085067	0.548602	0.682706	2.029991	0.250000	0.259909	0.076512
3.094894	0.548602	0.682706	2.029991	0.250000	0.259909	0.076512
3.105571	0.548602	0.682706	2.029991	0.250000	0.259909	0.076512
3.115328	0.540323	0.697748	2.062674	0.250000	0.146876	0.064125
3.125152	0.540323	0.697748	2.062674	0.250000	0.146876	0.064125
3.134883	0.540323	0.697748	2.062674	0.250000	0.146876	0.064125
3.145275	0.540323	0.697748	2.062674	0.250000	0.146876	0.064125
3.154910	0.540323	0.697748	2.062674	0.250000	0.146876	0.064125
3.164984	0.540323	0.697748	2.062674	0.250000	0.146876	0.064125
3.174883	0.531520	0.714014	2.101879	0.250000	0.010231	0.051151
3.185641	0.531520	0.714014	2.101879	0.250000	0.010231	0.051151
3.195382	0.531520	0.714014	2.101879	0.250000	0.010231	0.051151
3.205142	0.531520	0.714014	2.101879	0.250000	0.010231	0.051151
3.214849	0.531520	0.714014	2.101879	0.250000	0.010231	0.051151
3.224836	0.531520	0.714014	2.101879	0.250000	0.010231	0.051151
3.235411	0.531520	0.714014	2.101879	0.250000	0.010231	0.051151
3.245147	0.531520	0.714014	2.101879	0.250000	0.010231	0.051151
3.254978	0.531520	0.714014	2.101879	0.250000	0.010231	0.051151
3.265696	0.531520	0.714014	2.101879	0.250000	0.010231	0.051151
3.275430	0.531520	0.714014	2.101879	0.250000	0.010231	0.051151
3.285165	0.521768	0.728609	2.146967	0.250000	-0.147142	0.038442
3.294969	0.521768	0.728609	2.146967	0.250000	-0.147142	0.038442
3.309830	0.521768	0.728609	2.146967	0.250000	-0.147142	0.038442
3.315403	0.521768	0.728609	2.146967	0.250000	-0.147142	0.038442
3.324929	0.521768	0.728609	2.146967	0.250000	-0.147142	0.038442
3.334936	0.521768	0.728609	2.146967	0.250000	-0.147142	0.038442
3.344963	0.521768	0.728609	2.146967	0.250000	-0.147142	0.038442
3.354905	0.521768	0.728609	2.146967	0.250000	-0.147142	0.038442
3.365002	0.510437	0.742339	2.199814	0.250000	-0.349276	0.023632
3.374915	0.510437	0.742339	2.199814	0.250000	-0.349276	0.023632
3.385667	0.510437	0.742339	2.199814	0.250000	-0.349276	0.023632
3.394890	0.510437	0.742339	2.199814	0.250000	-0.349276	0.023632
3.405059	0.510437	0.742339	2.199814	0.250000	-0.349276	0.023632
3.415036	0.498748	0.755961	2.229117	0.250000	-0.521658	0.010241
3.424830	0.498748	0.755961	2.229117	0.250000	-0.521658	0.010241
3.434959	0.498748	0.755961	2.229117	0.250000	-0.521658	0.010241
3.444863	0.498748	0.755961	2.229117	0.250000	-0.521658	0.010241
3.454959	0.498748	0.755961	2.229117	0.250000	-0.521658	0.010241
3.464969	0.498748	0.755961	2.229117	0.250000	-0.521658	0.010241
3.474859	0.498748	0.755961	2.229117	0.250000	-0.521658	0.010241
3.484908	0.486877	0.769698	2.242267	0.250000	-0.650990	-0.000508
3.494963	0.486877	0.769698	2.242267	0.250000	-0.650990	-0.000508
3.504853	0.486877	0.769698	2.242267	0.250000	-0.650990	-0.000508
3.515633	0.486877	0.769698	2.242267	0.250000	-0.650990	-0.000508
3.524871	0.486877	0.769698	2.242267	0.250000	-0.650990	-0.000508
3.535013	0.486877	0.769698	2.242267	0.250000	-0.650990	-0.000508
3.545133	0.486877	0.769698	2.242267	0.250000	-0.650990	-0.000508
3.555531	0.486877	0.769698	2.242267	0.250000	-0.650990	-0.000508
3.565340	0.486877	0.769698	2.242267	0.250000	-0.650990	-0.000508
3.574945	0.486877	0.769698	2.242267	0.250000	-0.650990	-0.000508
3.584789	0.486877	0.769698	2.242267	0.250000	-0.650990	-0.000508
3.595607	0.486877	0.769698	2.242267	0.250000	-0.650990	-0.000508
3.605291	0.472379	0.788484	2.225276	0.250000	-0.713303	-0.008655
3.615051	0.472379	0.788484	2.225276	0.250000	-0.713303	-0.008655
3.624859	0.472379	0.788484	2.225276	0.250000	-0.713303	-0.008655
3.634893	0.472379	0.788484	2.225276	0.250000	-0.713303	-0.008655
3.644877	0.472379	0.788484	2.225276	0.250000	-0.713303	-0.008655
3.654913	0.472379	0.788484	2.225276	0.250000	-0.713303	-0.008655
3.665008	0.458941	0.802797	2.214672	0.250000	-0.813590	-0.019567
3.674872	0.458941	0.802797	2.214672	0.250000	-0.813590	-0.019567
3.684804	0.458941	0.802797	2.214672	0.250000	-0.813590	-0.019567
3.695095	0.458941	0.802797	2.214672	0.250000	-0.813590	-0.019567
3.704871	0.458941	0.802797	2.214672	0.250000	-0.813590	-0.019567
3.714847	0.446363	0.817742	2.194713	0.250000	-0.880721	-0.028266
3.724839	0.446363	0.817742	2.194713	0.250000	-0.880721	-0.028266
3.734954	0.446363	0.817742	2.194713	0.250000	-0.880721	-0.028266
3.744817	0.446363	0.817742	2.194713	0.250000	-0.880721	-0.028266
3.755625	0.446363	0.817742	2.194713	0.250000	-0.880721	-0.028266
3.764954	0.446363	0.817742	2.194713	0.250000	-0.880721	-0.028266
3.775119	0.446363	0.817742	2.194713	0.250000	-0.880721	-0.028266
3.786086	0.446363	0.817742	2.194713	0.250000	-0.880721	-0.028266
3.795018	0.446363	0.817742	2.194713	0.250000	-0.880721	-0.028266
3.804815	0.446363	0.817742	2.194713	0.250000	-0.880721	-0.028266
3.814880	0.436057	0.831950	2.156326	0.250000	-0.893899	-0.033396
3.824920	0.436057	0.831950	2.156326	0.250000	-0.893899	-0.033396
3.835637	0.436057	0.831950	2.156326	0.250000	-0.893899	-0.033396
3.844845	0.436057	0.831950	2.156326	0.250000	-0.893899	-0.033396
3.854890	0.436057	0.831950	2.156326	0.250000	-0.893899	-0.033396
3.864988	0.436057	0.831950	2.156326	0.250000	-0.893899	-0.033396
3.874910	0.436057	0.831950	2.156326	0.250000	-0.893899	-0.033396
3.884836	0.436057	0.831950	2.156326	0.250000	-0.893899	-0.033396
3.894964	0.427109	0.845183	2.108621	0.250000	-0.862376	-0.034735
3.904867	0.427109	0.845183	2.108621	0.250000	-0.862376	-0.034735
3.914840	0.427109	0.845183	2.108621	0.250000	-0.862376	-0.034735
3.924829	0.427109	0.845183	2.108621	0.250000	-0.862376	-0.034735
3.935184	0.427109	0.845183	2.108621	0.250000	-0.862376	-0.034735
3.944888	0.417959	0.860947	2.057736	0.250000	-0.842484	-0.036901
3.954892	0.417959	0.860947	2.057736	0.250000	-0.842484	-0.036901
3.964842	0.417959	0.860947	2.057736	0.250000	-0.842484	-0.036901
3.974935	0.417959	0.860947	2.057736	0.250000	-0.842484	-0.036901
3.985239	0.417959	0.860947	2.057736	0.250000	-0.842484	-0.036901
3.994954	0.417959	0.860947	2.057736	0.250000	-0.842484	-0.036901
4.005460	0.417959	0.860947	2.057736	0.250000	-0.842484	-0.036901
4.014871	0.417959	0.860947	2.057736	0.250000	-0.842484	-0.036901
4.024968	0.417959	0.860947	2.057736	0.250000	-0.842484	-0.036901
4.034875	0.417959	0.860947	2.057736	0.250000	-0.842484	-0.036901
4.044825	0.417959	0.860947	2.057736	0.250000	-0.842484	-0.036901
4.054925	0.411134	0.872505	2.017853	0.250000	-0.830196	-0.038541
4.064999	0.411134	0.872505	2.017853	0.250000	-0.830196	-0.038541
4.074911	0.411134	0.872505	2.017853	0.250000	-0.830196	-0.038541
4.084839	0.411134	0.872505	2.017853	0.250000	-0.830196	-0.038541
4.094986	0.411134	0.872505	2.017853	0.250000	-0.830196	-0.038541
4.104878	0.411134	0.872505	2.017853	0.250000	-0.830196	-0.038541
4.114843	0.411134	0.872505	2.017853	0.250000	-0.830196	-0.038541
4.125498	0.402209	0.890254	1.975997	0.250000	-0.835716	-0.041219
4.135265	0.402209	0.890254	1.975997	0.250000	-0.835716	-0.041219
4.144987	0.402209	0.890254	1.975997	0.250000	-0.835716	-0.041219
4.155746	0.402209	0.890254	1.975997	0.250000	-0.835716	-0.041219
4.165514	0.402209	0.890254	1.975997	0.250000	-0.835716	-0.041219
4.175226	0.402209	0.890254	1.975997	0.250000	-0.835716	-0.041219
4.184887	0.402209	0.890254	1.975997	0.250000	-0.835716	-0.041219
4.194907	0.395547	0.905378	1.934758	0.250000	-0.843152	-0.043308
4.205189	0.395547	0.905378	1.934758	0.250000	-0.843152	-0.043308
4.214976	0.395547	0.905378	1.934758	0.250000	-0.843152	-0.043308
4.225915	0.395547	0.905378	1.934758	0.250000	-0.843152	-0.043308
4.234926	0.395547	0.905378	1.934758	0.250000	-0.843152	-0.043308
4.245505	0.389011	0.921300	1.898010	0.250000	-0.867694	-0.045933
4.255020	0.389011	0.921300	1.898010	0.250000	-0.867694	-0.045933
4.264894	0.389011	0.921300	1.898010	0.250000	-0.867694	-0.045933
4.274827	0.389011	0.921300	1.898010	0.250000	-0.867694	-0.045933
4.284796	0.389011	0.921300	1.898010	0.250000	-0.867694	-0.045933
4.294904	0.389011	0.921300	1.898010	0.250000	-0.867694	-0.045933
4.304878	0.385130	0.933761	1.861905	0.250000	-0.866352	-0.046090
4.314880	0.385130	0.933761	1.861905	0.250000	-0.866352	-0.046090
4.324969	0.385130	0.933761	1.861905	0.250000	-0.866352	-0.046090
4.335321	0.385130	0.933761	1.861905	0.250000	-0.866352	-0.046090
4.345165	0.385130	0.933761	1.861905	0.250000	-0.866352	-0.046090
4.354903	0.385130	0.933761	1.861905	0.250000	-0.866352	-0.046090
4.365577	0.381187	0.945939	1.826911	0.250000	-0.849998	-0.045389
4.375314	0.381187	0.945939	1.826911	0.250000	-0.849998	-0.045389
4.385086	0.381187	0.945939	1.826911	0.250000	-0.849998	-0.045389
4.394912	0.381187	0.945939	1.826911	0.250000	-0.849998	-0.045389
4.405513	0.381187	0.945939	1.826911	0.250000	-0.849998	-0.045389
4.415334	0.381187	0.945939	1.826911	0.250000	-0.849998	-0.045389
4.424876	0.378447	0.957706	1.794997	0.250000	-0.864971	-0.045896
4.434919	0.378447	0.957706	1.794997	0.250000	-0.864971	-0.045896
4.444782	0.378447	0.957706	1.794997	0.250000	-0.864971	-0.045896
4.454893	0.378447	0.957706	1.794997	0.250000	-0.864971	-0.045896
4.464950	0.378447	0.957706	1.794997	0.250000	-0.864971	-0.045896
4.474969	0.376325	0.968573	1.761456	0.250000	-0.851649	-0.044699
4.484900	0.376325	0.968573	1.761456	0.250000	-0.851649	-0.044699
4.494939	0.376325	0.968573	1.761456	0.250000	-0.851649	-0.044699
4.504891	0.376325	0.968573	1.761456	0.250000	-0.851649	-0.044699
4.514848	0.376325	0.968573	1.761456	0.250000	-0.851649	-0.044699
4.524813	0.376325	0.968573	1.761456	0.250000	-0.851649	-0.044699
4.535402	0.376325	0.968573	1.761456	0.250000	-0.851649	-0.044699
4.545133	0.376325	0.968573	1.761456	0.250000	-0.851649	-0.044699
4.554923	0.376325	0.968573	1.761456	0.250000	-0.851649	-0.044699
4.565767	0.376325	0.968573	1.761456	0.250000	-0.851649	-0.044699
4.575397	0.376325	0.968573	1.761456	0.250000	-0.851649	-0.044699
4.585166	0.364298	1.006100	1.715431	0.250000	-1.033451	-0.056277
4.594982	0.364298	1.006100	1.715431	0.250000	-1.033451	-0.056277
4.604840	0.364298	1.006100	1.715431	0.250000	-1.033451	-0.056277
4.614896	0.364298	1.006100	1.715431	0.250000	-1.033451	-0.056277
4.625110	0.364298	1.006100	1.715431	0.250000	-1.033451	-0.056277
4.634947	0.364298	1.006100	1.715431	0.250000	-1.033451	-0.056277
4.644854	0.364298	1.006100	1.715431	0.250000	-1.033451	-0.056277
4.655449	0.362729	1.020170	1.666923	0.250000	-1.042477	-0.056114
4.665459	0.362729	1.020170	1.666923	0.250000	-1.042477	-0.056114
4.674950	0.362729	1.020170	1.666923	0.250000	-1.042477	-0.056114
4.684780	0.362729	1.020170	1.666923	0.250000	-1.042477	-0.056114
4.694889	0.362729	1.020170	1.666923	0.250000	-1.042477	-0.056114
4.705225	0.362729	1.020170	1.666923	0.250000	-1.042477	-0.056114
4.715005	0.358514	1.042519	1.617728	0.250000	-1.113121	-0.060741
4.724849	0.358514	1.042519	1.617728	0.250000	-1.113121	-0.060741
4.735045	0.358514	1.042519	1.617728	0.250000	-1.113121	-0.060741
4.745028	0.358514	1.042519	1.617728	0.250000	-1.113121	-0.060741
4.755009	0.358514	1.042519	1.617728	0.250000	-1.113121	-0.060741
4.764963	0.358514	1.042519	1.617728	0.250000	-1.113121	-0.060741
4.774922	0.358514	1.042519	1.617728	0.250000	-1.113121	-0.060741
4.785279	0.358514	1.042519	1.617728	0.250000	-1.113121	-0.060741
4.795088	0.358514	1.042519	1.617728	0.250000	-1.113121	-0.060741
4.804887	0.358514	1.042519	1.617728	0.250000	-1.113121	-0.060741
4.815598	0.358514	1.042519	1.617728	0.250000	-1.113121	-0.060741
4.824945	0.358514	1.042519	1.617728	0.250000	-1.113121	-0.060741
4.835162	0.368041	1.035368	1.573925	0.250000	-0.949931	-0.046665
4.846066	0.368041	1.035368	1.573925	0.250000	-0.949931	-0.046665
4.855581	0.368041	1.035368	1.573925	0.250000	-0.949931	-0.046665
4.865460	0.368041	1.035368	1.573925	0.250000	-0.949931	-0.046665
4.875048	0.368041	1.035368	1.573925	0.250000	-0.949931	-0.046665
4.884826	0.368041	1.035368	1.573925	0.250000	-0.949931	-0.046665
4.894921	0.368041	1.035368	1.573925	0.250000	-0.949931	-0.046665
4.904860	0.367432	1.054523	1.532252	0.250000	-1.025883	-0.050064
4.914974	0.367432	1.054523	1.532252	0.250000	-1.025883	-0.050064
4.924853	0.367432	1.054523	1.532252	0.250000	-1.025883	-0.050064
4.935594	0.367432	1.054523	1.532252	0.250000	-1.025883	-0.050064
4.945409	0.367432	1.054523	1.532252	0.250000	-1.025883	-0.050064
4.955125	0.369271	1.068387	1.487418	0.250000	-1.047020	-0.049833
4.965005	0.369271	1.068387	1.487418	0.250000	-1.047020	-0.049833
4.975649	0.369271	1.068387	1.487418	0.250000	-1.047020	-0.049833
4.985368	0.369271	1.068387	1.487418	0.250000	-1.047020	-0.049833
4.994954	0.369271	1.068387	1.487418	0.250000	-1.047020	-0.049833
5.004883	0.369271	1.068387	1.487418	0.250000	-1.047020	-0.049833
5.014860	0.369271	1.068387	1.487418	0.250000	-1.047020	-0.049833
5.024866	0.369271	1.068387	1.487418	0.250000	-1.047020	-0.049833
5.035210	0.369516	1.086635	1.440795	0.250000	-1.093559	-0.052493
5.044867	0.369516	1.086635	1.440795	0.250000	-1.093559	-0.052493
5.054908	0.369516	1.086635	1.440795	0.250000	-1.093559	-0.052493
5.064908	0.369516	1.086635	1.440795	0.250000	-1.093559	-0.052493
5.075207	0.369516	1.086635	1.440795	0.250000	-1.093559	-0.052493
5.084884	0.371205	1.102109	1.399332	0.250000	-1.145935	-0.055126
5.095040	0.371205	1.102109	1.399332	0.250000	-1.145935	-0.055126
5.105435	0.371205	1.102109	1.399332	0.250000	-1.145935	-0.055126
5.115380	0.371205	1.102109	1.399332	0.250000	-1.145935	-0.055126
5.124964	0.371205	1.102109	1.399332	0.250000	-1.145935	-0.055126
5.134891	0.371205	1.102109	1.399332	0.250000	-1.145935	-0.055126
5.144841	0.371205	1.102109	1.399332	0.250000	-1.145935	-0.055126
5.154934	0.372701	1.119851	1.352631	0.250000	-1.203974	-0.059058
5.165132	0.372701	1.119851	1.352631	0.250000	-1.203974	-0.059058
5.174943	0.372701	1.119851	1.352631	0.250000	-1.203974	-0.059058
5.185459	0.372701	1.119851	1.352631	0.250000	-1.203974	-0.059058
5.195199	0.372701	1.119851	1.352631	0.250000	-1.203974	-0.059058
5.204876	0.372701	1.119851	1.352631	0.250000	-1.203974	-0.059058
5.214888	0.372701	1.119851	1.352631	0.250000	-1.203974	-0.059058
5.224828	0.376544	1.131994	1.311635	0.250000	-1.250493	-0.061174
5.234936	0.376544	1.131994	1.311635	0.250000	-1.250493	-0.061174
5.244882	0.376544	1.131994	1.311635	0.250000	-1.250493	-0.061174
5.254930	0.376544	1.131994	1.311635	0.250000	-1.250493	-0.061174
5.265485	0.376544	1.131994	1.311635	0.250000	-1.250493	-0.061174
5.274906	0.376544	1.131994	1.311635	0.250000	-1.250493	-0.061174
5.284841	0.376544	1.131994	1.311635	0.250000	-1.250493	-0.061174
5.294892	0.376544	1.131994	1.311635	0.250000	-1.250493	-0.061174
5.304841	0.376544	1.131994	1.311635	0.250000	-1.250493	-0.061174
5.315191	0.376544	1.131994	1.311635	0.250000	-1.250493	-0.061174
5.325175	0.376544	1.131994	1.311635	0.250000	-1.250493	-0.061174
5.334925	0.376544	1.131994	1.311635	0.250000	-1.250493	-0.061174
5.344864	0.381797	1.150104	1.250616	0.250000	-1.268910	-0.062798
5.354942	0.381797	1.150104	1.250616	0.250000	-1.268910	-0.062798
5.365025	0.381797	1.150104	1.250616	0.250000	-1.268910	-0.062798
5.374921	0.381797	1.150104	1.250616	0.250000	-1.268910	-0.062798
5.384843	0.381797	1.150104	1.250616	0.250000	-1.268910	-0.062798
5.394954	0.381797	1.150104	1.250616	0.250000	-1.268910	-0.062798
5.404916	0.381797	1.150104	1.250616	0.250000	-1.268910	-0.062798
5.415994	0.388421	1.167840	1.205224	0.250000	-1.349350	-0.068376
5.424837	0.388421	1.167840	1.205224	0.250000	-1.349350	-0.068376
5.434943	0.388421	1.167840	1.205224	0.250000	-1.349350	-0.068376
5.445250	0.388421	1.167840	1.205224	0.250000	-1.349350	-0.068376
5.456813	0.388421	1.167840	1.205224	0.250000	-1.349350	-0.068376
5.465677	0.388421	1.167840	1.205224	0.250000	-1.349350	-0.068376
5.475343	0.394501	1.190877	1.155789	0.250000	-1.407548	-0.075153
5.485053	0.394501	1.190877	1.155789	0.250000	-1.407548	-0.075153
5.494921	0.394501	1.190877	1.155789	0.250000	-1.407548	-0.075153
5.504877	0.394501	1.190877	1.155789	0.250000	-1.407548	-0.075153
5.514905	0.394501	1.190877	1.155789	0.250000	-1.407548	-0.075153
5.525089	0.401819	1.204470	1.120736	0.250000	-1.459811	-0.079429
5.534871	0.401819	1.204470	1.120736	0.250000	-1.459811	-0.079429
5.544851	0.401819	1.204470	1.120736	0.250000	-1.459811	-0.079429
5.555000	0.401819	1.204470	1.120736	0.250000	-1.459811	-0.079429
5.565199	0.401819	1.204470	1.120736	0.250000	-1.459811	-0.079429
5.574911	0.401819	1.204470	1.120736	0.250000	-1.459811	-0.079429
5.584804	0.409191	1.217900	1.089947	0.250000	-1.484721	-0.082036
5.594977	0.409191	1.217900	1.089947	0.250000	-1.484721	-0.082036
5.604913	0.409191	1.217900	1.089947	0.250000	-1.484721	-0.082036
5.614949	0.409191	1.217900	1.089947	0.250000	-1.484721	-0.082036
5.625618	0.409191	1.217900	1.089947	0.250000	-1.484721	-0.082036
5.635666	0.409191	1.217900	1.089947	0.250000	-1.484721	-0.082036
5.645402	0.409191	1.217900	1.089947	0.250000	-1.484721	-0.082036
5.655002	0.417532	1.224104	1.051780	0.250000	-1.476601	-0.080477
5.665792	0.417532	1.224104	1.051780	0.250000	-1.476601	-0.080477
5.675341	0.417532	1.224104	1.051780	0.250000	-1.476601	-0.080477
5.685132	0.417532	1.224104	1.051780	0.250000	-1.476601	-0.080477
5.694924	0.417532	1.224104	1.051780	0.250000	-1.476601	-0.080477
5.704834	0.417532	1.224104	1.051780	0.250000	-1.476601	-0.080477
5.714928	0.424668	1.235905	1.013722	0.250000	-1.495512	-0.083261
5.725173	0.424668	1.235905	1.013722	0.250000	-1.495512	-0.083261
5.735032	0.424668	1.235905	1.013722	0.250000	-1.495512	-0.083261
5.745807	0.424668	1.235905	1.013722	0.250000	-1.495512	-0.083261
5.755649	0.424668	1.235905	1.013722	0.250000	-1.495512	-0.083261
5.765291	0.424668	1.235905	1.013722	0.250000	-1.495512	-0.083261
5.775060	0.424668	1.235905	1.013722	0.250000	-1.495512	-0.083261
5.785652	0.433537	1.246164	0.970735	0.250000	-1.534371	-0.086785
5.795437	0.433537	1.246164	0.970735	0.250000	-1.534371	-0.086785
5.805206	0.433537	1.246164	0.970735	0.250000	-1.534371	-0.086785
5.814989	0.433537	1.246164	0.970735	0.250000	-1.534371	-0.086785
5.825719	0.433537	1.246164	0.970735	0.250000	-1.534371	-0.086785
5.835472	0.433537	1.246164	0.970735	0.250000	-1.534371	-0.086785
5.845292	0.433537	1.246164	0.970735	0.250000	-1.534371	-0.086785
5.854911	0.433537	1.246164	0.970735	0.250000	-1.534371	-0.086785
5.864946	0.433537	1.246164	0.970735	0.250000	-1.534371	-0.086785
5.875504	0.433537	1.246164	0.970735	0.250000	-1.534371	-0.086785
5.885171	0.433537	1.246164	0.970735	0.250000	-1.534371	-0.086785
5.895026	0.433537	1.246164	0.970735	0.250000	-1.534371	-0.086785
5.905745	0.442507	1.270292	0.934526	0.250000	-1.594722	-0.096857
5.915489	0.442507	1.270292	0.934526	0.250000	-1.594722	-0.096857
5.925251	0.442507	1.270292	0.934526	0.250000	-1.594722	-0.096857
5.935005	0.442507	1.270292	0.934526	0.250000	-1.594722	-0.096857
5.945769	0.442507	1.270292	0.934526	0.250000	-1.594722	-0.096857
5.954916	0.442507	1.270292	0.934526	0.250000	-1.594722	-0.096857
5.964933	0.453504	1.286321	0.896228	0.250000	-1.652214	-0.104324
5.975036	0.453504	1.286321	0.896228	0.250000	-1.652214	-0.104324
5.985791	0.453504	1.286321	0.896228	0.250000	-1.652214	-0.104324
5.995578	0.453504	1.286321	0.896228	0.250000	-1.652214	-0.104324
6.005425	0.453504	1.286321	0.896228	0.250000	-1.652214	-0.104324
6.015997	0.453504	1.286321	0.896228	0.250000	-1.652214	-0.104324
6.024845	0.453504	1.286321	0.896228	0.250000	-1.652214	-0.104324
6.035574	0.465275	1.297143	0.833935	0.250000	-1.646749	-0.107908
6.045273	0.465275	1.297143	0.833935	0.250000	-1.646749	-0.107908
6.054954	0.465275	1.297143	0.833935	0.250000	-1.646749	-0.107908
6.064911	0.465275	1.297143	0.833935	0.250000	-1.646749	-0.107908
6.075541	0.465275	1.297143	0.833935	0.250000	-1.646749	-0.107908
6.085248	0.476322	1.306012	0.776171	0.250000	-1.636688	-0.113927
6.095078	0.476322	1.306012	0.776171	0.250000	-1.636688	-0.113927
6.104878	0.476322	1.306012	0.776171	0.250000	-1.636688	-0.113927
6.114998	0.476322	1.306012	0.776171	0.250000	-1.636688	-0.113927
6.124854	0.476322	1.306012	0.776171	0.250000	-1.636688	-0.113927
6.134982	0.476322	1.306012	0.776171	0.250000	-1.636688	-0.113927
6.144842	0.476322	1.306012	0.776171	0.250000	-1.636688	-0.113927
6.154874	0.476322	1.306012	0.776171	0.250000	-1.636688	-0.113927
6.165051	0.476322	1.306012	0.776171	0.250000	-1.636688	-0.113927
6.175028	0.476322	1.306012	0.776171	0.250000	-1.636688	-0.113927
6.184859	0.476322	1.306012	0.776171	0.250000	-1.636688	-0.113927
6.194954	0.476322	1.306012	0.776171	0.250000	-1.636688	-0.113927
6.204841	0.476322	1.306012	0.776171	0.250000	-1.636688	-0.113927
6.214932	0.489754	1.310344	0.715379	0.250000	-1.557424	-0.119013
6.224853	0.489754	1.310344	0.715379	0.250000	-1.557424	-0.119013
6.234898	0.489754	1.310344	0.715379	0.250000	-1.557424	-0.119013
6.245345	0.489754	1.310344	0.715379	0.250000	-1.557424	-0.119013
6.256588	0.502543	1.324462	0.684520	0.250000	-1.089445	-0.146440
6.265061	0.502543	1.324462	0.684520	0.250000	-1.089445	-0.146440
6.275646	0.502543	1.324462	0.684520	0.250000	-1.089445	-0.146440
6.285411	0.502543	1.324462	0.684520	0.250000	-1.089445	-0.146440
6.295097	0.502543	1.324462	0.684520	0.250000	-1.089445	-0.146440
6.304904	0.502543	1.324462	0.684520	0.250000	-1.089445	-0.146440
6.319738	0.502543	1.324462	0.684520	0.250000	-1.089445	-0.146440
6.325873	0.502543	1.324462	0.684520	0.250000	-1.089445	-0.146440
6.335057	0.502543	1.324462	0.684520	0.250000	-1.089445	-0.146440
6.344958	0.517333	1.326426	0.641917	0.250000	-0.954268	-0.132811
6.355638	0.517333	1.326426	0.641917	0.250000	-0.954268	-0.132811
6.365507	0.517333	1.326426	0.641917	0.250000	-0.954268	-0.132811
6.375236	0.517333	1.326426	0.641917	0.250000	-0.954268	-0.132811
6.384901	0.517333	1.326426	0.641917	0.250000	-0.954268	-0.132811
6.395773	0.528538	1.344161	0.608264	0.250000	-0.865884	-0.132771
6.405441	0.528538	1.344161	0.608264	0.250000	-0.865884	-0.132771
6.414874	0.528538	1.344161	0.608264	0.250000	-0.865884	-0.132771
6.424939	0.528538	1.344161	0.608264	0.250000	-0.865884	-0.132771
6.435653	0.528538	1.344161	0.608264	0.250000	-0.865884	-0.132771
6.445377	0.528538	1.344161	0.608264	0.250000	-0.865884	-0.132771
6.455188	0.541402	1.350837	0.562230	0.250000	-0.759329	-0.121440
6.464939	0.541402	1.350837	0.562230	0.250000	-0.759329	-0.121440
6.475853	0.541402	1.350837	0.562230	0.250000	-0.759329	-0.121440
6.485715	0.541402	1.350837	0.562230	0.250000	-0.759329	-0.121440
6.494997	0.541402	1.350837	0.562230	0.250000	-0.759329	-0.121440
6.504911	0.541402	1.350837	0.562230	0.250000	-0.759329	-0.121440
6.514868	0.553954	1.365409	0.529343	0.250000	-0.683308	-0.116359
6.524837	0.553954	1.365409	0.529343	0.250000	-0.683308	-0.116359
6.535256	0.553954	1.365409	0.529343	0.250000	-0.683308	-0.116359
6.544955	0.553954	1.365409	0.529343	0.250000	-0.683308	-0.116359
6.555010	0.553954	1.365409	0.529343	0.250000	-0.683308	-0.116359
6.564961	0.553954	1.365409	0.529343	0.250000	-0.683308	-0.116359
6.575030	0.553954	1.365409	0.529343	0.250000	-0.683308	-0.116359
6.584866	0.553954	1.365409	0.529343	0.250000	-0.683308	-0.116359
6.594923	0.553954	1.365409	0.529343	0.250000	-0.683308	-0.116359
6.605485	0.553954	1.365409	0.529343	0.250000	-0.683308	-0.116359
6.615225	0.553954	1.365409	0.529343	0.250000	-0.683308	-0.116359
6.625032	0.553954	1.365409	0.529343	0.250000	-0.683308	-0.116359
6.635709	0.570259	1.366842	0.485477	0.250000	-0.556642	-0.099555
6.645494	0.570259	1.366842	0.485477	0.250000	-0.556642	-0.099555
6.655254	0.570259	1.366842	0.485477	0.250000	-0.556642	-0.099555
6.665391	0.570259	1.366842	0.485477	0.250000	-0.556642	-0.099555
6.674924	0.570259	1.366842	0.485477	0.250000	-0.556642	-0.099555
6.684804	0.570259	1.366842	0.485477	0.250000	-0.556642	-0.099555
6.694946	0.570259	1.366842	0.485477	0.250000	-0.556642	-0.099555
6.705073	0.585843	1.385499	0.450239	0.250000	-0.484161	-0.095287
6.714974	0.585843	1.385499	0.450239	0.250000	-0.484161	-0.095287
6.724833	0.585843	1.385499	0.450239	0.250000	-0.484161	-0.095287
6.735362	0.585843	1.385499	0.450239	0.250000	-0.484161	-0.095287
6.745033	0.585843	1.385499	0.450239	0.250000	-0.484161	-0.095287
6.756275	0.585843	1.385499	0.450239	0.250000	-0.484161	-0.095287
6.764908	0.602357	1.388481	0.405307	0.250000	-0.332150	-0.078043
6.775343	0.602357	1.388481	0.405307	0.250000	-0.332150	-0.078043
6.785033	0.602357	1.388481	0.405307	0.250000	-0.332150	-0.078043
6.795013	0.602357	1.388481	0.405307	0.250000	-0.332150	-0.078043
6.804833	0.602357	1.388481	0.405307	0.250000	-0.332150	-0.078043
6.814825	0.616213	1.405732	0.374577	0.250000	-0.277577	-0.075574
6.824888	0.616213	1.405732	0.374577	0.250000	-0.277577	-0.075574
6.834900	0.616213	1.405732	0.374577	0.250000	-0.277577	-0.075574
6.844809	0.616213	1.405732	0.374577	0.250000	-0.277577	-0.075574
6.854919	0.616213	1.405732	0.374577	0.250000	-0.277577	-0.075574
6.864989	0.616213	1.405732	0.374577	0.250000	-0.277577	-0.075574
6.874948	0.616213	1.405732	0.374577	0.250000	-0.277577	-0.075574
6.884847	0.630963	1.407118	0.333893	0.250000	-0.126037	-0.060599
6.894889	0.630963	1.407118	0.333893	0.250000	-0.126037	-0.060599
6.905123	0.630963	1.407118	0.333893	0.250000	-0.126037	-0.060599
6.914877	0.630963	1.407118	0.333893	0.250000	-0.126037	-0.060599
6.924807	0.630963	1.407118	0.333893	0.250000	-0.126037	-0.060599
6.934901	0.630963	1.407118	0.333893	0.250000	-0.126037	-0.060599
6.944903	0.630963	1.407118	0.333893	0.250000	-0.126037	-0.060599
6.954946	0.630963	1.407118	0.333893	0.250000	-0.126037	-0.060599
6.965240	0.630963	1.407118	0.333893	0.250000	-0.126037	-0.060599
6.974899	0.630963	1.407118	0.333893	0.250000	-0.126037	-0.060599
6.985131	0.630963	1.407118	0.333893	0.250000	-0.126037	-0.060599
6.994913	0.630963	1.407118	0.333893	0.250000	-0.126037	-0.060599
7.004800	0.647150	1.418030	0.295798	0.250000	-0.000136	-0.050525
7.014869	0.647150	1.418030	0.295798	0.250000	-0.000136	-0.050525
7.025175	0.647150	1.418030	0.295798	0.250000	-0.000136	-0.050525
7.034931	0.647150	1.418030	0.295798	0.250000	-0.000136	-0.050525
7.045675	0.647150	1.418030	0.295798	0.250000	-0.000136	-0.050525
7.055421	0.647150	1.418030	0.295798	0.250000	-0.000136	-0.050525
7.065376	0.647150	1.418030	0.295798	0.250000	-0.000136	-0.050525
7.074946	0.647150	1.418030	0.295798	0.250000	-0.000136	-0.050525
7.084939	0.647150	1.418030	0.295798	0.250000	-0.000136	-0.050525
7.096718	0.647150	1.418030	0.295798	0.250000	-0.000136	-0.050525
7.105157	0.647150	1.418030	0.295798	0.250000	-0.000136	-0.050525
7.114894	0.669636	1.418671	0.246664	0.250000	0.250831	-0.029909
7.125693	0.669636	1.418671	0.246664	0.250000	0.250831	-0.029909
7.135506	0.669636	1.418671	0.246664	0.250000	0.250831	-0.029909
7.145239	0.669636	1.418671	0.246664	0.250000	0.250831	-0.029909
7.154926	0.669636	1.418671	0.246664	0.250000	0.250831	-0.029909
7.164991	0.669636	1.418671	0.246664	0.250000	0.250831	-0.029909
7.174869	0.669636	1.418671	0.246664	0.250000	0.250831	-0.029909
7.184847	0.669636	1.418671	0.246664	0.250000	0.250831	-0.029909
7.194942	0.669636	1.418671	0.246664	0.250000	0.250831	-0.029909
7.204839	0.669636	1.418671	0.246664	0.250000	0.250831	-0.029909
7.214967	0.669636	1.418671	0.246664	0.250000	0.250831	-0.029909
7.224864	0.669636	1.418671	0.246664	0.250000	0.250831	-0.029909
7.234937	0.669636	1.418671	0.246664	0.250000	0.250831	-0.029909
7.244816	0.695894	1.423441	0.200985	0.250000	0.501518	-0.011663
7.254948	0.695894	1.423441	0.200985	0.250000	0.501518	-0.011663
7.265342	0.695894	1.423441	0.200985	0.250000	0.501518	-0.011663
7.274994	0.695894	1.423441	0.200985	0.250000	0.501518	-0.011663
7.285716	0.695894	1.423441	0.200985	0.250000	0.501518	-0.011663
7.294894	0.695894	1.423441	0.200985	0.250000	0.501518	-0.011663
7.305248	0.695894	1.423441	0.200985	0.250000	0.501518	-0.011663
7.314961	0.695894	1.423441	0.200985	0.250000	0.501518	-0.011663
7.324937	0.695894	1.423441	0.200985	0.250000	0.501518	-0.011663
7.334903	0.695894	1.423441	0.200985	0.250000	0.501518	-0.011663
7.345203	0.695894	1.423441	0.200985	0.250000	0.501518	-0.011663
7.354916	0.695894	1.423441	0.200985	0.250000	0.501518	-0.011663
7.364913	0.695894	1.423441	0.200985	0.250000	0.501518	-0.011663
7.375489	0.727089	1.426810	0.181141	0.250000	0.732757	0.006443
7.384795	0.727089	1.426810	0.181141	0.250000	0.732757	0.006443
7.394994	0.727089	1.426810	0.181141	0.250000	0.732757	0.006443
7.405778	0.727089	1.426810	0.181141	0.250000	0.732757	0.006443
7.414886	0.727089	1.426810	0.181141	0.250000	0.732757	0.006443
7.425315	0.727089	1.426810	0.181141	0.250000	0.732757	0.006443
7.435093	0.754103	1.431096	0.176277	0.250000	0.884828	0.019902
7.444943	0.754103	1.431096	0.176277	0.250000	0.884828	0.019902
7.454894	0.754103	1.431096	0.176277	0.250000	0.884828	0.019902
7.465328	0.754103	1.431096	0.176277	0.250000	0.884828	0.019902
7.474936	0.754103	1.431096	0.176277	0.250000	0.884828	0.019902
7.484916	0.777674	1.435562	0.197522	0.250000	0.963115	0.030836
7.495587	0.777674	1.435562	0.197522	0.250000	0.963115	0.030836
7.505401	0.777674	1.435562	0.197522	0.250000	0.963115	0.030836
7.515003	0.777674	1.435562	0.197522	0.250000	0.963115	0.030836
7.524915	0.777674	1.435562	0.197522	0.250000	0.963115	0.030836
7.535599	0.777674	1.435562	0.197522	0.250000	0.963115	0.030836
7.545309	0.777674	1.435562	0.197522	0.250000	0.963115	0.030836
7.555115	0.793122	1.431431	0.222752	0.250000	1.028443	0.041223
7.564964	0.793122	1.431431	0.222752	0.250000	1.028443	0.041223
7.575642	0.793122	1.431431	0.222752	0.250000	1.028443	0.041223
7.585331	0.793122	1.431431	0.222752	0.250000	1.028443	0.041223
7.595192	0.793122	1.431431	0.222752	0.250000	1.028443	0.041223
7.604883	0.793122	1.431431	0.222752	0.250000	1.028443	0.041223
7.615539	0.793122	1.431431	0.222752	0.250000	1.028443	0.041223
7.625403	0.793122	1.431431	0.222752	0.250000	1.028443	0.041223
7.635150	0.793122	1.431431	0.222752	0.250000	1.028443	0.041223
7.644848	0.793122	1.431431	0.222752	0.250000	1.028443	0.041223
7.654897	0.793122	1.431431	0.222752	0.250000	1.028443	0.041223
7.664951	0.793122	1.431431	0.222752	0.250000	1.028443	0.041223
7.675102	0.810292	1.428394	0.265631	0.250000	1.021063	0.045570
