t	x(t)	y(t)	theta(t)	v(t)	gamma(t)	efa
0.004827	0.268891	0.232310	0.076942	0.250000	0.658951	0.019843
0.012052	0.268891	0.232310	0.076942	0.250000	0.658951	0.019843
0.016212	0.268891	0.232310	0.076942	0.250000	0.658951	0.019843
0.025376	0.268891	0.232310	0.076942	0.250000	0.658951	0.019843
0.035824	0.268891	0.232310	0.076942	0.250000	0.658951	0.019843
0.045450	0.268891	0.232310	0.076942	0.250000	0.658951	0.019843
0.056290	0.270275	0.232606	0.076661	0.250000	0.657490	0.019690
0.065937	0.270275	0.232606	0.076661	0.250000	0.657490	0.019690
0.075720	0.270275	0.232606	0.076661	0.250000	0.657490	0.019690
0.085458	0.270275	0.232606	0.076661	0.250000	0.657490	0.019690
0.096212	0.270275	0.232606	0.076661	0.250000	0.657490	0.019690
0.105959	0.270275	0.232606	0.076661	0.250000	0.657490	0.019690
0.115715	0.270275	0.232606	0.076661	0.250000	0.657490	0.019690
0.125476	0.270275	0.232606	0.076661	0.250000	0.657490	0.019690
0.136206	0.270275	0.232606	0.076661	0.250000	0.657490	0.019690
0.146000	0.270275	0.232606	0.076661	0.250000	0.657490	0.019690
0.155716	0.270275	0.232606	0.076661	0.250000	0.657490	0.019690
0.165469	0.270457	0.231835	0.070773	0.250000	0.680756	0.021225
0.176234	0.270457	0.231835	0.070773	0.250000	0.680756	0.021225
0.185385	0.270457	0.231835	0.070773	0.250000	0.680756	0.021225
0.195666	0.270457	0.231835	0.070773	0.250000	0.680756	0.021225
0.205387	0.270457	0.231835	0.070773	0.250000	0.680756	0.021225
0.215338	0.270457	0.231835	0.070773	0.250000	0.680756	0.021225
0.225986	0.271966	0.231462	0.065229	0.250000	0.699524	0.022403
0.235840	0.271966	0.231462	0.065229	0.250000	0.699524	0.022403
0.245550	0.271966	0.231462	0.065229	0.250000	0.699524	0.022403
0.256299	0.271966	0.231462	0.065229	0.250000	0.699524	0.022403
0.265977	0.271966	0.231462	0.065229	0.250000	0.699524	0.022403
0.275781	0.271966	0.231462	0.065229	0.250000	0.699524	0.022403
0.285446	0.271966	0.231462	0.065229	0.250000	0.699524	0.022403
0.295447	0.271966	0.231462	0.065229	0.250000	0.699524	0.022403
0.306018	0.271966	0.231462	0.065229	0.250000	0.699524	0.022403
0.315841	0.271966	0.231462	0.065229	0.250000	0.699524	0.022403
0.325552	0.271966	0.231462	0.065229	0.250000	0.699524	0.022403
0.335473	0.271966	0.231462	0.065229	0.250000	0.699524	0.022403
0.345327	0.279387	0.232033	0.083220	0.250000	0.753780	0.023499
0.355813	0.279387	0.232033	0.083220	0.250000	0.753780	0.023499
0.365540	0.279387	0.232033	0.083220	0.250000	0.753780	0.023499
0.375326	0.279387	0.232033	0.083220	0.250000	0.753780	0.023499
0.385392	0.279387	0.232033	0.083220	0.250000	0.753780	0.023499
0.395750	0.287734	0.233541	0.113652	0.250000	0.775204	0.022565
0.405391	0.287734	0.233541	0.113652	0.250000	0.775204	0.022565
0.415414	0.287734	0.233541	0.113652	0.250000	0.775204	0.022565
0.426331	0.287734	0.233541	0.113652	0.250000	0.775204	0.022565
0.435848	0.287734	0.233541	0.113652	0.250000	0.775204	0.022565
0.445590	0.287734	0.233541	0.113652	0.250000	0.775204	0.022565
0.455588	0.303999	0.236375	0.157302	0.250000	0.881715	0.024240
0.466037	0.303999	0.236375	0.157302	0.250000	0.881715	0.024240
0.475924	0.303999	0.236375	0.157302	0.250000	0.881715	0.024240
0.485572	0.303999	0.236375	0.157302	0.250000	0.881715	0.024240
0.495357	0.303999	0.236375	0.157302	0.250000	0.881715	0.024240
0.506080	0.303999	0.236375	0.157302	0.250000	0.881715	0.024240
0.516064	0.303999	0.236375	0.157302	0.250000	0.881715	0.024240
0.525625	0.303999	0.236375	0.157302	0.250000	0.881715	0.024240
0.535399	0.303999	0.236375	0.157302	0.250000	0.881715	0.024240
0.546176	0.303999	0.236375	0.157302	0.250000	0.881715	0.024240
0.555878	0.303999	0.236375	0.157302	0.250000	0.881715	0.024240
0.565652	0.303999	0.236375	0.157302	0.250000	0.881715	0.024240
0.575366	0.303999	0.236375	0.157302	0.250000	0.881715	0.024240
0.586197	0.303999	0.236375	0.157302	0.250000	0.881715	0.024240
0.596723	0.303999	0.236375	0.157302	0.250000	0.881715	0.024240
0.605635	0.323159	0.240233	0.206249	0.250000	0.999441	0.026602
0.615527	0.323159	0.240233	0.206249	0.250000	0.999441	0.026602
0.625368	0.323159	0.240233	0.206249	0.250000	0.999441	0.026602
0.635985	0.323159	0.240233	0.206249	0.250000	0.999441	0.026602
0.645923	0.323159	0.240233	0.206249	0.250000	0.999441	0.026602
0.655537	0.323159	0.240233	0.206249	0.250000	0.999441	0.026602
0.665346	0.342786	0.245087	0.267121	0.250000	1.113594	0.029017
0.675911	0.342786	0.245087	0.267121	0.250000	1.113594	0.029017
0.685686	0.342786	0.245087	0.267121	0.250000	1.113594	0.029017
0.695462	0.342786	0.245087	0.267121	0.250000	1.113594	0.029017
0.706170	0.342786	0.245087	0.267121	0.250000	1.113594	0.029017
0.715998	0.367145	0.250440	0.323326	0.250000	1.277204	0.035482
0.725710	0.367145	0.250440	0.323326	0.250000	1.277204	0.035482
0.735588	0.367145	0.250440	0.323326	0.250000	1.277204	0.035482
0.745436	0.367145	0.250440	0.323326	0.250000	1.277204	0.035482
0.755971	0.367145	0.250440	0.323326	0.250000	1.277204	0.035482
0.765850	0.367145	0.250440	0.323326	0.250000	1.277204	0.035482
0.775650	0.367145	0.250440	0.323326	0.250000	1.277204	0.035482
0.786234	0.367145	0.250440	0.323326	0.250000	1.277204	0.035482
0.795959	0.367145	0.250440	0.323326	0.250000	1.277204	0.035482
0.805310	0.388148	0.256746	0.376858	0.250000	1.378003	0.040293
0.815521	0.388148	0.256746	0.376858	0.250000	1.378003	0.040293
0.826229	0.388148	0.256746	0.376858	0.250000	1.378003	0.040293
0.836080	0.388148	0.256746	0.376858	0.250000	1.378003	0.040293
0.845765	0.388148	0.256746	0.376858	0.250000	1.378003	0.040293
0.855644	0.388148	0.256746	0.376858	0.250000	1.378003	0.040293
0.865312	0.407457	0.263478	0.415263	0.250000	1.503033	0.047353
0.876035	0.407457	0.263478	0.415263	0.250000	1.503033	0.047353
0.885696	0.407457	0.263478	0.415263	0.250000	1.503033	0.047353
0.895605	0.407457	0.263478	0.415263	0.250000	1.503033	0.047353
0.906260	0.407457	0.263478	0.415263	0.250000	1.503033	0.047353
0.915635	0.407457	0.263478	0.415263	0.250000	1.503033	0.047353
0.926092	0.421401	0.271069	0.456417	0.250000	1.543244	0.049835
0.935797	0.421401	0.271069	0.456417	0.250000	1.543244	0.049835
0.945560	0.421401	0.271069	0.456417	0.250000	1.543244	0.049835
0.956040	0.421401	0.271069	0.456417	0.250000	1.543244	0.049835
0.965805	0.421401	0.271069	0.456417	0.250000	1.543244	0.049835
0.975669	0.428428	0.277150	0.492650	0.250000	1.579175	0.051838
0.985293	0.428428	0.277150	0.492650	0.250000	1.579175	0.051838
0.996078	0.428428	0.277150	0.492650	0.250000	1.579175	0.051838
1.005841	0.428428	0.277150	0.492650	0.250000	1.579175	0.051838
1.015592	0.428428	0.277150	0.492650	0.250000	1.579175	0.051838
1.025300	0.439801	0.283557	0.526751	0.250000	1.634569	0.056484
1.035536	0.439801	0.283557	0.526751	0.250000	1.634569	0.056484
1.045832	0.439801	0.283557	0.526751	0.250000	1.634569	0.056484
1.055621	0.439801	0.283557	0.526751	0.250000	1.634569	0.056484
1.065359	0.439801	0.283557	0.526751	0.250000	1.634569	0.056484
1.076094	0.439801	0.283557	0.526751	0.250000	1.634569	0.056484
1.085554	0.451271	0.289871	0.569414	0.250000	1.632143	0.058534
1.096845	0.451271	0.289871	0.569414	0.250000	1.632143	0.058534
1.105375	0.451271	0.289871	0.569414	0.250000	1.632143	0.058534
1.117097	0.451271	0.289871	0.569414	0.250000	1.632143	0.058534
1.125871	0.451271	0.289871	0.569414	0.250000	1.632143	0.058534
1.135738	0.451271	0.289871	0.569414	0.250000	1.632143	0.058534
1.145502	0.451271	0.289871	0.569414	0.250000	1.632143	0.058534
1.156119	0.451271	0.289871	0.569414	0.250000	1.632143	0.058534
1.165859	0.451271	0.289871	0.569414	0.250000	1.632143	0.058534
1.175660	0.451271	0.289871	0.569414	0.250000	1.632143	0.058534
1.185470	0.451271	0.289871	0.569414	0.250000	1.632143	0.058534
1.196258	0.463122	0.298483	0.606602	0.250000	1.676090	0.063263
1.205911	0.463122	0.298483	0.606602	0.250000	1.676090	0.063263
1.215698	0.463122	0.298483	0.606602	0.250000	1.676090	0.063263
1.225395	0.463122	0.298483	0.606602	0.250000	1.676090	0.063263
1.235339	0.463122	0.298483	0.606602	0.250000	1.676090	0.063263
1.245380	0.463122	0.298483	0.606602	0.250000	1.676090	0.063263
1.255693	0.463122	0.298483	0.606602	0.250000	1.676090	0.063263
1.265367	0.463122	0.298483	0.606602	0.250000	1.676090	0.063263
1.275350	0.463122	0.298483	0.606602	0.250000	1.676090	0.063263
1.285338	0.463122	0.298483	0.606602	0.250000	1.676090	0.063263
1.295741	0.477718	0.309953	0.667680	0.250000	1.732740	0.071319
1.305445	0.477718	0.309953	0.667680	0.250000	1.732740	0.071319
1.316215	0.477718	0.309953	0.667680	0.250000	1.732740	0.071319
1.326047	0.477718	0.309953	0.667680	0.250000	1.732740	0.071319
1.335701	0.477718	0.309953	0.667680	0.250000	1.732740	0.071319
1.345477	0.477718	0.309953	0.667680	0.250000	1.732740	0.071319
1.356212	0.477718	0.309953	0.667680	0.250000	1.732740	0.071319
1.365940	0.477718	0.309953	0.667680	0.250000	1.732740	0.071319
1.375753	0.477718	0.309953	0.667680	0.250000	1.732740	0.071319
1.385473	0.477718	0.309953	0.667680	0.250000	1.732740	0.071319
1.395973	0.488356	0.323945	0.736918	0.250000	1.750726	0.076630
1.405354	0.488356	0.323945	0.736918	0.250000	1.750726	0.076630
1.415736	0.488356	0.323945	0.736918	0.250000	1.750726	0.076630
1.425474	0.488356	0.323945	0.736918	0.250000	1.750726	0.076630
1.436216	0.488356	0.323945	0.736918	0.250000	1.750726	0.076630
1.445287	0.488356	0.323945	0.736918	0.250000	1.750726	0.076630
1.455712	0.502945	0.337433	0.802125	0.250000	1.790577	0.086885
1.465510	0.502945	0.337433	0.802125	0.250000	1.790577	0.086885
1.475397	0.502945	0.337433	0.802125	0.250000	1.790577	0.086885
1.485441	0.502945	0.337433	0.802125	0.250000	1.790577	0.086885
1.495780	0.502945	0.337433	0.802125	0.250000	1.790577	0.086885
1.505847	0.502945	0.337433	0.802125	0.250000	1.790577	0.086885
1.515452	0.502945	0.337433	0.802125	0.250000	1.790577	0.086885
1.525376	0.509516	0.350414	0.869158	0.250000	1.790788	0.093164
1.535982	0.509516	0.350414	0.869158	0.250000	1.790788	0.093164
1.545547	0.509516	0.350414	0.869158	0.250000	1.790788	0.093164
1.556670	0.509516	0.350414	0.869158	0.250000	1.790788	0.093164
1.565350	0.509516	0.350414	0.869158	0.250000	1.790788	0.093164
1.576072	0.524112	0.362395	0.913476	0.250000	1.816989	0.103915
1.585552	0.524112	0.362395	0.913476	0.250000	1.816989	0.103915
1.595333	0.524112	0.362395	0.913476	0.250000	1.816989	0.103915
1.605376	0.524112	0.362395	0.913476	0.250000	1.816989	0.103915
1.615823	0.524112	0.362395	0.913476	0.250000	1.816989	0.103915
1.625547	0.524112	0.362395	0.913476	0.250000	1.816989	0.103915
1.635342	0.524112	0.362395	0.913476	0.250000	1.816989	0.103915
1.646081	0.524112	0.362395	0.913476	0.250000	1.816989	0.103915
1.655935	0.524112	0.362395	0.913476	0.250000	1.816989	0.103915
1.665574	0.524112	0.362395	0.913476	0.250000	1.816989	0.103915
1.675577	0.524112	0.362395	0.913476	0.250000	1.816989	0.103915
1.686046	0.533915	0.377122	0.968751	0.250000	1.823817	0.113815
1.699761	0.533915	0.377122	0.968751	0.250000	1.823817	0.113815
1.705619	0.533915	0.377122	0.968751	0.250000	1.823817	0.113815
1.715364	0.533915	0.377122	0.968751	0.250000	1.823817	0.113815
1.726107	0.533915	0.377122	0.968751	0.250000	1.823817	0.113815
1.735931	0.533915	0.377122	0.968751	0.250000	1.823817	0.113815
1.745610	0.533915	0.377122	0.968751	0.250000	1.823817	0.113815
1.755483	0.533915	0.377122	0.968751	0.250000	1.823817	0.113815
1.765402	0.533915	0.377122	0.968751	0.250000	1.823817	0.113815
1.775898	0.533915	0.377122	0.968751	0.250000	1.823817	0.113815
1.785776	0.533915	0.377122	0.968751	0.250000	1.823817	0.113815
1.795424	0.533915	0.377122	0.968751	0.250000	1.823817	0.113815
1.806097	0.551256	0.394443	1.013963	0.250000	1.863142	0.132962
1.815909	0.551256	0.394443	1.013963	0.250000	1.863142	0.132962
1.825672	0.551256	0.394443	1.013963	0.250000	1.863142	0.132962
1.835406	0.551256	0.394443	1.013963	0.250000	1.863142	0.132962
1.845346	0.551256	0.394443	1.013963	0.250000	1.863142	0.132962
1.856031	0.562231	0.412344	1.075283	0.250000	1.846993	0.147506
1.865717	0.562231	0.412344	1.075283	0.250000	1.846993	0.147506
1.875423	0.562231	0.412344	1.075283	0.250000	1.846993	0.147506
1.885938	0.562231	0.412344	1.075283	0.250000	1.846993	0.147506
1.895996	0.562231	0.412344	1.075283	0.250000	1.846993	0.147506
1.905695	0.562231	0.412344	1.075283	0.250000	1.846993	0.147506
1.915585	0.562231	0.412344	1.075283	0.250000	1.846993	0.147506
1.926228	0.562231	0.412344	1.075283	0.250000	1.846993	0.147506
1.935920	0.562231	0.412344	1.075283	0.250000	1.846993	0.147506
1.945676	0.562231	0.412344	1.075283	0.250000	1.846993	0.147506
1.955468	0.562231	0.412344	1.075283	0.250000	1.846993	0.147506
1.966197	0.576708	0.430207	1.126934	0.250000	1.831823	0.168462
1.975965	0.576708	0.430207	1.126934	0.250000	1.831823	0.168462
1.985762	0.576708	0.430207	1.126934	0.250000	1.831823	0.168462
1.995497	0.576708	0.430207	1.126934	0.250000	1.831823	0.168462
2.006169	0.576708	0.430207	1.126934	0.250000	1.831823	0.168462
2.016066	0.576708	0.430207	1.126934	0.250000	1.831823	0.168462
2.025405	0.576708	0.430207	1.126934	0.250000	1.831823	0.168462
2.035490	0.576708	0.430207	1.126934	0.250000	1.831823	0.168462
2.045389	0.576708	0.430207	1.126934	0.250000	1.831823	0.168462
2.055992	0.584862	0.447492	1.189806	0.250000	1.753046	0.190776
2.065716	0.584862	0.447492	1.189806	0.250000	1.753046	0.190776
2.075519	0.584862	0.447492	1.189806	0.250000	1.753046	0.190776
2.085281	0.584862	0.447492	1.189806	0.250000	1.753046	0.190776
2.096136	0.584862	0.447492	1.189806	0.250000	1.753046	0.190776
2.105831	0.584862	0.447492	1.189806	0.250000	1.753046	0.190776
2.115588	0.584862	0.447492	1.189806	0.250000	1.753046	0.190776
2.125462	0.584862	0.447492	1.189806	0.250000	1.753046	0.190776
2.136002	0.584862	0.447492	1.189806	0.250000	1.753046	0.190776
2.145775	0.584862	0.447492	1.189806	0.250000	1.753046	0.190776
2.155534	0.584862	0.447492	1.189806	0.250000	1.753046	0.190776
2.165331	0.591984	0.468758	1.253559	0.250000	1.649693	0.208309
2.176135	0.591984	0.468758	1.253559	0.250000	1.649693	0.208309
2.185639	0.591984	0.468758	1.253559	0.250000	1.649693	0.208309
2.195568	0.591984	0.468758	1.253559	0.250000	1.649693	0.208309
2.205345	0.591984	0.468758	1.253559	0.250000	1.649693	0.208309
2.216153	0.591984	0.468758	1.253559	0.250000	1.649693	0.208309
2.226800	0.596874	0.487916	1.313559	0.250000	1.546192	0.219455
2.235571	0.596874	0.487916	1.313559	0.250000	1.546192	0.219455
2.245379	0.596874	0.487916	1.313559	0.250000	1.546192	0.219455
2.256060	0.596874	0.487916	1.313559	0.250000	1.546192	0.219455
2.265826	0.596874	0.487916	1.313559	0.250000	1.546192	0.219455
2.275730	0.596874	0.487916	1.313559	0.250000	1.546192	0.219455
2.286283	0.596874	0.487916	1.313559	0.250000	1.546192	0.219455
2.296080	0.596874	0.487916	1.313559	0.250000	1.546192	0.219455
2.305841	0.596874	0.487916	1.313559	0.250000	1.546192	0.219455
2.315700	0.596874	0.487916	1.313559	0.250000	1.546192	0.219455
2.325296	0.596874	0.487916	1.313559	0.250000	1.546192	0.219455
2.335325	0.600947	0.507127	1.374550	0.250000	1.451013	0.222989
2.345404	0.600947	0.507127	1.374550	0.250000	1.451013	0.222989
2.355603	0.600947	0.507127	1.374550	0.250000	1.451013	0.222989
2.365365	0.600947	0.507127	1.374550	0.250000	1.451013	0.222989
2.376618	0.600947	0.507127	1.374550	0.250000	1.451013	0.222989
2.385852	0.600947	0.507127	1.374550	0.250000	1.451013	0.222989
2.395659	0.600947	0.507127	1.374550	0.250000	1.451013	0.222989
2.405409	0.600947	0.507127	1.374550	0.250000	1.451013	0.222989
2.416264	0.600947	0.507127	1.374550	0.250000	1.451013	0.222989
2.426883	0.603605	0.524002	1.428792	0.250000	1.368593	0.222605
2.435651	0.603605	0.524002	1.428792	0.250000	1.368593	0.222605
2.445440	0.603605	0.524002	1.428792	0.250000	1.368593	0.222605
2.456178	0.603605	0.524002	1.428792	0.250000	1.368593	0.222605
2.465820	0.603605	0.524002	1.428792	0.250000	1.368593	0.222605
2.475665	0.603605	0.524002	1.428792	0.250000	1.368593	0.222605
2.485399	0.598907	0.541511	1.468849	0.250000	1.297090	0.214073
2.495592	0.598907	0.541511	1.468849	0.250000	1.297090	0.214073
2.505395	0.598907	0.541511	1.468849	0.250000	1.297090	0.214073
2.515750	0.598907	0.541511	1.468849	0.250000	1.297090	0.214073
2.525392	0.598907	0.541511	1.468849	0.250000	1.297090	0.214073
2.536183	0.599147	0.556021	1.518044	0.250000	1.224705	0.208485
2.545922	0.599147	0.556021	1.518044	0.250000	1.224705	0.208485
2.555798	0.599147	0.556021	1.518044	0.250000	1.224705	0.208485
2.567101	0.599147	0.556021	1.518044	0.250000	1.224705	0.208485
2.575348	0.599147	0.556021	1.518044	0.250000	1.224705	0.208485
2.585419	0.592532	0.568900	1.564272	0.250000	1.148973	0.195288
2.595686	0.592532	0.568900	1.564272	0.250000	1.148973	0.195288
2.605442	0.592532	0.568900	1.564272	0.250000	1.148973	0.195288
2.616347	0.592532	0.568900	1.564272	0.250000	1.148973	0.195288
2.625455	0.592532	0.568900	1.564272	0.250000	1.148973	0.195288
2.635737	0.592532	0.568900	1.564272	0.250000	1.148973	0.195288
2.645525	0.592532	0.568900	1.564272	0.250000	1.148973	0.195288
2.656217	0.592532	0.568900	1.564272	0.250000	1.148973	0.195288
2.665969	0.592532	0.568900	1.564272	0.250000	1.148973	0.195288
2.675748	0.592532	0.568900	1.564272	0.250000	1.148973	0.195288
2.685469	0.597700	0.585493	1.634985	0.250000	1.061181	0.189532
2.696334	0.597700	0.585493	1.634985	0.250000	1.061181	0.189532
2.705394	0.597700	0.585493	1.634985	0.250000	1.061181	0.189532
2.715931	0.597700	0.585493	1.634985	0.250000	1.061181	0.189532
2.725650	0.597700	0.585493	1.634985	0.250000	1.061181	0.189532
2.736246	0.597700	0.585493	1.634985	0.250000	1.061181	0.189532
2.747994	0.597700	0.585493	1.634985	0.250000	1.061181	0.189532
2.755782	0.597700	0.585493	1.634985	0.250000	1.061181	0.189532
2.765610	0.597700	0.585493	1.634985	0.250000	1.061181	0.189532
2.775325	0.597700	0.585493	1.634985	0.250000	1.061181	0.189532
2.785340	0.594616	0.603739	1.690002	0.250000	0.977614	0.177304
2.795539	0.594616	0.603739	1.690002	0.250000	0.977614	0.177304
2.805471	0.594616	0.603739	1.690002	0.250000	0.977614	0.177304
2.815377	0.594616	0.603739	1.690002	0.250000	0.977614	0.177304
2.825346	0.594616	0.603739	1.690002	0.250000	0.977614	0.177304
2.835347	0.591710	0.618474	1.722450	0.250000	0.923701	0.168148
2.845440	0.591710	0.618474	1.722450	0.250000	0.923701	0.168148
2.855351	0.591710	0.618474	1.722450	0.250000	0.923701	0.168148
2.865484	0.591710	0.618474	1.722450	0.250000	0.923701	0.168148
2.875959	0.591710	0.618474	1.722450	0.250000	0.923701	0.168148
2.885495	0.591710	0.618474	1.722450	0.250000	0.923701	0.168148
2.896322	0.587912	0.633495	1.764109	0.250000	0.855945	0.157202
2.905344	0.587912	0.633495	1.764109	0.250000	0.855945	0.157202
2.917968	0.587912	0.633495	1.764109	0.250000	0.855945	0.157202
2.925349	0.587912	0.633495	1.764109	0.250000	0.855945	0.157202
2.935337	0.587912	0.633495	1.764109	0.250000	0.855945	0.157202
2.945392	0.587912	0.633495	1.764109	0.250000	0.855945	0.157202
2.956007	0.587912	0.633495	1.764109	0.250000	0.855945	0.157202
2.965677	0.587912	0.633495	1.764109	0.250000	0.855945	0.157202
2.975443	0.587912	0.633495	1.764109	0.250000	0.855945	0.157202
2.986087	0.587912	0.633495	1.764109	0.250000	0.855945	0.157202
2.995743	0.583607	0.647466	1.805465	0.250000	0.784802	0.145567
3.005615	0.583607	0.647466	1.805465	0.250000	0.784802	0.145567
3.015421	0.583607	0.647466	1.805465	0.250000	0.784802	0.145567
3.027038	0.583607	0.647466	1.805465	0.250000	0.784802	0.145567
3.035355	0.583607	0.647466	1.805465	0.250000	0.784802	0.145567
3.045412	0.583607	0.647466	1.805465	0.250000	0.784802	0.145567
3.055518	0.583607	0.647466	1.805465	0.250000	0.784802	0.145567
3.065472	0.583607	0.647466	1.805465	0.250000	0.784802	0.145567
3.075915	0.583607	0.647466	1.805465	0.250000	0.784802	0.145567
3.085567	0.583607	0.647466	1.805465	0.250000	0.784802	0.145567
3.096041	0.577259	0.666506	1.878180	0.250000	0.658103	0.127726
3.105381	0.577259	0.666506	1.878180	0.250000	0.658103	0.127726
3.115926	0.577259	0.666506	1.878180	0.250000	0.658103	0.127726
3.125677	0.577259	0.666506	1.878180	0.250000	0.658103	0.127726
3.135409	0.577259	0.666506	1.878180	0.250000	0.658103	0.127726
3.145388	0.577259	0.666506	1.878180	0.250000	0.658103	0.127726
3.155993	0.577259	0.666506	1.878180	0.250000	0.658103	0.127726
3.165713	0.577259	0.666506	1.878180	0.250000	0.658103	0.127726
3.175540	0.577259	0.666506	1.878180	0.250000	0.658103	0.127726
3.185392	0.577259	0.666506	1.878180	0.250000	0.658103	0.127726
3.195900	0.569845	0.683886	1.938842	0.250000	0.537042	0.110976
3.205705	0.569845	0.683886	1.938842	0.250000	0.537042	0.110976
3.215474	0.569845	0.683886	1.938842	0.250000	0.537042	0.110976
3.226349	0.569845	0.683886	1.938842	0.250000	0.537042	0.110976
3.236066	0.569845	0.683886	1.938842	0.250000	0.537042	0.110976
3.245922	0.569845	0.683886	1.938842	0.250000	0.537042	0.110976
3.255511	0.569845	0.683886	1.938842	0.250000	0.537042	0.110976
3.267231	0.569845	0.683886	1.938842	0.250000	0.537042	0.110976
3.275956	0.569845	0.683886	1.938842	0.250000	0.537042	0.110976
3.285559	0.569845	0.683886	1.938842	0.250000	0.537042	0.110976
3.295621	0.569845	0.683886	1.938842	0.250000	0.537042	0.110976
3.305356	0.569845	0.683886	1.938842	0.250000	0.537042	0.110976
3.316070	0.561816	0.700976	1.997687	0.250000	0.405805	0.094350
3.325766	0.561816	0.700976	1.997687	0.250000	0.405805	0.094350
3.335507	0.561816	0.700976	1.997687	0.250000	0.405805	0.094350
3.346276	0.561816	0.700976	1.997687	0.250000	0.405805	0.094350
3.355951	0.561816	0.700976	1.997687	0.250000	0.405805	0.094350
3.365414	0.559430	0.716479	2.059772	0.250000	0.281789	0.081950
3.375524	0.559430	0.716479	2.059772	0.250000	0.281789	0.081950
3.385401	0.559430	0.716479	2.059772	0.250000	0.281789	0.081950
3.395390	0.559430	0.716479	2.059772	0.250000	0.281789	0.081950
3.405454	0.559430	0.716479	2.059772	0.250000	0.281789	0.081950
3.415694	0.559430	0.716479	2.059772	0.250000	0.281789	0.081950
3.425455	0.559430	0.716479	2.059772	0.250000	0.281789	0.081950
3.436029	0.559430	0.716479	2.059772	0.250000	0.281789	0.081950
3.447846	0.559430	0.716479	2.059772	0.250000	0.281789	0.081950
3.455554	0.559430	0.716479	2.059772	0.250000	0.281789	0.081950
3.465312	0.550630	0.730375	2.109136	0.250000	0.145712	0.067943
3.476068	0.550630	0.730375	2.109136	0.250000	0.145712	0.067943
3.485600	0.550630	0.730375	2.109136	0.250000	0.145712	0.067943
3.498662	0.550630	0.730375	2.109136	0.250000	0.145712	0.067943
3.505402	0.550630	0.730375	2.109136	0.250000	0.145712	0.067943
3.516097	0.550630	0.730375	2.109136	0.250000	0.145712	0.067943
3.525814	0.550630	0.730375	2.109136	0.250000	0.145712	0.067943
3.535594	0.550630	0.730375	2.109136	0.250000	0.145712	0.067943
3.545356	0.550630	0.730375	2.109136	0.250000	0.145712	0.067943
3.556048	0.550630	0.730375	2.109136	0.250000	0.145712	0.067943
3.565890	0.550630	0.730375	2.109136	0.250000	0.145712	0.067943
3.575571	0.540050	0.746802	2.155617	0.250000	-0.010527	0.052677
3.585348	0.540050	0.746802	2.155617	0.250000	-0.010527	0.052677
3.596228	0.540050	0.746802	2.155617	0.250000	-0.010527	0.052677
3.605355	0.540050	0.746802	2.155617	0.250000	-0.010527	0.052677
3.615663	0.528928	0.764011	2.188041	0.250000	-0.142771	0.040470
3.625394	0.528928	0.764011	2.188041	0.250000	-0.142771	0.040470
3.635377	0.528928	0.764011	2.188041	0.250000	-0.142771	0.040470
3.645896	0.528928	0.764011	2.188041	0.250000	-0.142771	0.040470
3.655602	0.528928	0.764011	2.188041	0.250000	-0.142771	0.040470
3.666951	0.528928	0.764011	2.188041	0.250000	-0.142771	0.040470
3.676235	0.528928	0.764011	2.188041	0.250000	-0.142771	0.040470
3.685798	0.528928	0.764011	2.188041	0.250000	-0.142771	0.040470
3.695713	0.528928	0.764011	2.188041	0.250000	-0.142771	0.040470
3.705419	0.528928	0.764011	2.188041	0.250000	-0.142771	0.040470
3.716192	0.528928	0.764011	2.188041	0.250000	-0.142771	0.040470
3.725327	0.515763	0.781402	2.225814	0.250000	-0.311039	0.026567
3.735599	0.515763	0.781402	2.225814	0.250000	-0.311039	0.026567
3.745437	0.515763	0.781402	2.225814	0.250000	-0.311039	0.026567
3.756163	0.515763	0.781402	2.225814	0.250000	-0.311039	0.026567
3.765441	0.515763	0.781402	2.225814	0.250000	-0.311039	0.026567
3.775765	0.515763	0.781402	2.225814	0.250000	-0.311039	0.026567
3.785428	0.515763	0.781402	2.225814	0.250000	-0.311039	0.026567
3.799203	0.515763	0.781402	2.225814	0.250000	-0.311039	0.026567
3.805384	0.515763	0.781402	2.225814	0.250000	-0.311039	0.026567
3.815723	0.515763	0.781402	2.225814	0.250000	-0.311039	0.026567
3.825400	0.515763	0.781402	2.225814	0.250000	-0.311039	0.026567
3.835449	0.501611	0.798238	2.250756	0.250000	-0.488248	0.011578
3.846823	0.501611	0.798238	2.250756	0.250000	-0.488248	0.011578
3.855790	0.501611	0.798238	2.250756	0.250000	-0.488248	0.011578
3.865521	0.501611	0.798238	2.250756	0.250000	-0.488248	0.011578
3.876202	0.501611	0.798238	2.250756	0.250000	-0.488248	0.011578
3.885522	0.501611	0.798238	2.250756	0.250000	-0.488248	0.011578
3.895661	0.479230	0.811310	2.270034	0.250000	-0.732849	-0.008150
3.905440	0.479230	0.811310	2.270034	0.250000	-0.732849	-0.008150
3.915495	0.479230	0.811310	2.270034	0.250000	-0.732849	-0.008150
3.925469	0.479230	0.811310	2.270034	0.250000	-0.732849	-0.008150
3.935741	0.479230	0.811310	2.270034	0.250000	-0.732849	-0.008150
3.945385	0.458770	0.822644	2.268078	0.250000	-0.883606	-0.021709
3.956262	0.458770	0.822644	2.268078	0.250000	-0.883606	-0.021709
3.965982	0.458770	0.822644	2.268078	0.250000	-0.883606	-0.021709
3.975832	0.458770	0.822644	2.268078	0.250000	-0.883606	-0.021709
3.985470	0.458770	0.822644	2.268078	0.250000	-0.883606	-0.021709
3.996318	0.458770	0.822644	2.268078	0.250000	-0.883606	-0.021709
4.005992	0.449400	0.831904	2.254912	0.250000	-0.952022	-0.029500
4.015751	0.449400	0.831904	2.254912	0.250000	-0.952022	-0.029500
4.025532	0.449400	0.831904	2.254912	0.250000	-0.952022	-0.029500
4.035435	0.449400	0.831904	2.254912	0.250000	-0.952022	-0.029500
4.046041	0.449400	0.831904	2.254912	0.250000	-0.952022	-0.029500
4.055974	0.449400	0.831904	2.254912	0.250000	-0.952022	-0.029500
4.065548	0.449400	0.831904	2.254912	0.250000	-0.952022	-0.029500
4.075312	0.439193	0.845027	2.230162	0.250000	-0.977180	-0.034275
4.085535	0.439193	0.845027	2.230162	0.250000	-0.977180	-0.034275
4.095790	0.439193	0.845027	2.230162	0.250000	-0.977180	-0.034275
4.105570	0.439193	0.845027	2.230162	0.250000	-0.977180	-0.034275
4.115366	0.439193	0.845027	2.230162	0.250000	-0.977180	-0.034275
4.126112	0.430802	0.855868	2.204370	0.250000	-1.003317	-0.039077
4.135828	0.430802	0.855868	2.204370	0.250000	-1.003317	-0.039077
4.145750	0.430802	0.855868	2.204370	0.250000	-1.003317	-0.039077
4.155371	0.430802	0.855868	2.204370	0.250000	-1.003317	-0.039077
4.166088	0.430802	0.855868	2.204370	0.250000	-1.003317	-0.039077
4.175838	0.430802	0.855868	2.204370	0.250000	-1.003317	-0.039077
4.185399	0.430802	0.855868	2.204370	0.250000	-1.003317	-0.039077
4.195410	0.430802	0.855868	2.204370	0.250000	-1.003317	-0.039077
4.205324	0.430802	0.855868	2.204370	0.250000	-1.003317	-0.039077
4.215832	0.411827	0.868854	2.169297	0.250000	-1.105851	-0.052868
4.225596	0.411827	0.868854	2.169297	0.250000	-1.105851	-0.052868
4.235372	0.411827	0.868854	2.169297	0.250000	-1.105851	-0.052868
4.246120	0.411827	0.868854	2.169297	0.250000	-1.105851	-0.052868
4.255952	0.411827	0.868854	2.169297	0.250000	-1.105851	-0.052868
4.267341	0.402015	0.882703	2.124993	0.250000	-1.098039	-0.055707
4.275369	0.402015	0.882703	2.124993	0.250000	-1.098039	-0.055707
4.286140	0.402015	0.882703	2.124993	0.250000	-1.098039	-0.055707
4.295912	0.402015	0.882703	2.124993	0.250000	-1.098039	-0.055707
4.305656	0.402015	0.882703	2.124993	0.250000	-1.098039	-0.055707
4.315437	0.402015	0.882703	2.124993	0.250000	-1.098039	-0.055707
4.326124	0.402015	0.882703	2.124993	0.250000	-1.098039	-0.055707
4.335890	0.402015	0.882703	2.124993	0.250000	-1.098039	-0.055707
4.345659	0.402015	0.882703	2.124993	0.250000	-1.098039	-0.055707
4.355406	0.402015	0.882703	2.124993	0.250000	-1.098039	-0.055707
4.366149	0.393463	0.897038	2.082152	0.250000	-1.112497	-0.059934
4.376195	0.393463	0.897038	2.082152	0.250000	-1.112497	-0.059934
4.385844	0.393463	0.897038	2.082152	0.250000	-1.112497	-0.059934
4.395454	0.393463	0.897038	2.082152	0.250000	-1.112497	-0.059934
4.405309	0.393463	0.897038	2.082152	0.250000	-1.112497	-0.059934
4.415921	0.393463	0.897038	2.082152	0.250000	-1.112497	-0.059934
4.425781	0.396246	0.906610	2.046708	0.250000	-1.036505	-0.053249
4.435543	0.396246	0.906610	2.046708	0.250000	-1.036505	-0.053249
4.445388	0.396246	0.906610	2.046708	0.250000	-1.036505	-0.053249
4.455968	0.396246	0.906610	2.046708	0.250000	-1.036505	-0.053249
4.466981	0.396246	0.906610	2.046708	0.250000	-1.036505	-0.053249
4.475576	0.396246	0.906610	2.046708	0.250000	-1.036505	-0.053249
4.486068	0.396246	0.906610	2.046708	0.250000	-1.036505	-0.053249
4.498569	0.396246	0.906610	2.046708	0.250000	-1.036505	-0.053249
4.505438	0.396246	0.906610	2.046708	0.250000	-1.036505	-0.053249
4.515554	0.396246	0.906610	2.046708	0.250000	-1.036505	-0.053249
4.525332	0.396611	0.923535	2.003279	0.250000	-0.987291	-0.048612
4.535970	0.396611	0.923535	2.003279	0.250000	-0.987291	-0.048612
4.545762	0.396611	0.923535	2.003279	0.250000	-0.987291	-0.048612
4.555613	0.396611	0.923535	2.003279	0.250000	-0.987291	-0.048612
4.565313	0.396611	0.923535	2.003279	0.250000	-0.987291	-0.048612
4.576009	0.396611	0.923535	2.003279	0.250000	-0.987291	-0.048612
4.585518	0.396611	0.923535	2.003279	0.250000	-0.987291	-0.048612
4.595448	0.396611	0.923535	2.003279	0.250000	-0.987291	-0.048612
4.605379	0.396611	0.923535	2.003279	0.250000	-0.987291	-0.048612
4.615994	0.396611	0.923535	2.003279	0.250000	-0.987291	-0.048612
4.625409	0.396611	0.923535	2.003279	0.250000	-0.987291	-0.048612
4.636616	0.396611	0.923535	2.003279	0.250000	-0.987291	-0.048612
4.645322	0.388455	0.939711	1.958733	0.250000	-1.018939	-0.052358
4.656080	0.388455	0.939711	1.958733	0.250000	-1.018939	-0.052358
4.665848	0.388455	0.939711	1.958733	0.250000	-1.018939	-0.052358
4.676315	0.388455	0.939711	1.958733	0.250000	-1.018939	-0.052358
4.686266	0.377173	0.967285	1.902425	0.250000	-1.065905	-0.056636
4.696111	0.377173	0.967285	1.902425	0.250000	-1.065905	-0.056636
4.705836	0.377173	0.967285	1.902425	0.250000	-1.065905	-0.056636
4.715561	0.377173	0.967285	1.902425	0.250000	-1.065905	-0.056636
4.725379	0.377173	0.967285	1.902425	0.250000	-1.065905	-0.056636
4.736104	0.377173	0.967285	1.902425	0.250000	-1.065905	-0.056636
4.745979	0.377173	0.967285	1.902425	0.250000	-1.065905	-0.056636
4.755602	0.377173	0.967285	1.902425	0.250000	-1.065905	-0.056636
4.766812	0.377173	0.967285	1.902425	0.250000	-1.065905	-0.056636
4.776083	0.377173	0.967285	1.902425	0.250000	-1.065905	-0.056636
4.785854	0.377173	0.967285	1.902425	0.250000	-1.065905	-0.056636
4.795616	0.371987	0.983804	1.854261	0.250000	-1.103774	-0.059208
4.807285	0.371987	0.983804	1.854261	0.250000	-1.103774	-0.059208
4.816546	0.371987	0.983804	1.854261	0.250000	-1.103774	-0.059208
4.825850	0.371987	0.983804	1.854261	0.250000	-1.103774	-0.059208
4.835478	0.371987	0.983804	1.854261	0.250000	-1.103774	-0.059208
4.845731	0.371987	0.983804	1.854261	0.250000	-1.103774	-0.059208
4.856194	0.371987	0.983804	1.854261	0.250000	-1.103774	-0.059208
4.865845	0.371987	0.983804	1.854261	0.250000	-1.103774	-0.059208
4.875644	0.371987	0.983804	1.854261	0.250000	-1.103774	-0.059208
4.885365	0.371987	0.983804	1.854261	0.250000	-1.103774	-0.059208
4.897038	0.366420	1.003639	1.799047	0.250000	-1.141023	-0.061653
4.905923	0.366420	1.003639	1.799047	0.250000	-1.141023	-0.061653
4.915682	0.366420	1.003639	1.799047	0.250000	-1.141023	-0.061653
4.925385	0.366420	1.003639	1.799047	0.250000	-1.141023	-0.061653
4.936120	0.366420	1.003639	1.799047	0.250000	-1.141023	-0.061653
4.945915	0.366420	1.003639	1.799047	0.250000	-1.141023	-0.061653
4.955660	0.366420	1.003639	1.799047	0.250000	-1.141023	-0.061653
4.965422	0.366420	1.003639	1.799047	0.250000	-1.141023	-0.061653
4.976269	0.366420	1.003639	1.799047	0.250000	-1.141023	-0.061653
4.985928	0.366420	1.003639	1.799047	0.250000	-1.141023	-0.061653
4.995610	0.348314	1.055262	1.730945	0.250000	-1.361696	-0.080035
5.005423	0.348314	1.055262	1.730945	0.250000	-1.361696	-0.080035
5.016199	0.348314	1.055262	1.730945	0.250000	-1.361696	-0.080035
5.025902	0.348314	1.055262	1.730945	0.250000	-1.361696	-0.080035
5.035779	0.348314	1.055262	1.730945	0.250000	-1.361696	-0.080035
5.045467	0.348314	1.055262	1.730945	0.250000	-1.361696	-0.080035
5.056207	0.348314	1.055262	1.730945	0.250000	-1.361696	-0.080035
5.067611	0.348314	1.055262	1.730945	0.250000	-1.361696	-0.080035
5.075816	0.348314	1.055262	1.730945	0.250000	-1.361696	-0.080035
5.085488	0.348314	1.055262	1.730945	0.250000	-1.361696	-0.080035
5.095378	0.348314	1.055262	1.730945	0.250000	-1.361696	-0.080035
5.105369	0.336861	1.074705	1.664265	0.250000	-1.420751	-0.090394
5.115756	0.336861	1.074705	1.664265	0.250000	-1.420751	-0.090394
5.125440	0.336861	1.074705	1.664265	0.250000	-1.420751	-0.090394
5.135362	0.336861	1.074705	1.664265	0.250000	-1.420751	-0.090394
5.145968	0.336861	1.074705	1.664265	0.250000	-1.420751	-0.090394
5.155722	0.336861	1.074705	1.664265	0.250000	-1.420751	-0.090394
5.166897	0.332328	1.096222	1.609268	0.250000	-1.464081	-0.096223
5.175531	0.332328	1.096222	1.609268	0.250000	-1.464081	-0.096223
5.185401	0.332328	1.096222	1.609268	0.250000	-1.464081	-0.096223
5.195742	0.332328	1.096222	1.609268	0.250000	-1.464081	-0.096223
5.205590	0.332328	1.096222	1.609268	0.250000	-1.464081	-0.096223
5.216305	0.332328	1.096222	1.609268	0.250000	-1.464081	-0.096223
5.225987	0.332328	1.096222	1.609268	0.250000	-1.464081	-0.096223
5.235753	0.332328	1.096222	1.609268	0.250000	-1.464081	-0.096223
5.245537	0.332328	1.096222	1.609268	0.250000	-1.464081	-0.096223
5.256250	0.332328	1.096222	1.609268	0.250000	-1.464081	-0.096223
5.266079	0.346978	1.080045	1.577359	0.250000	-1.336455	-0.079418
5.275812	0.346978	1.080045	1.577359	0.250000	-1.336455	-0.079418
5.285528	0.346978	1.080045	1.577359	0.250000	-1.336455	-0.079418
5.295280	0.346978	1.080045	1.577359	0.250000	-1.336455	-0.079418
5.305379	0.346978	1.080045	1.577359	0.250000	-1.336455	-0.079418
5.315978	0.346978	1.080045	1.577359	0.250000	-1.336455	-0.079418
5.327528	0.346978	1.080045	1.577359	0.250000	-1.336455	-0.079418
5.335360	0.346978	1.080045	1.577359	0.250000	-1.336455	-0.079418
5.346160	0.346978	1.080045	1.577359	0.250000	-1.336455	-0.079418
5.355794	0.356547	1.097536	1.528776	0.250000	-1.311971	-0.072513
5.366210	0.356547	1.097536	1.528776	0.250000	-1.311971	-0.072513
5.375345	0.356547	1.097536	1.528776	0.250000	-1.311971	-0.072513
5.385355	0.356547	1.097536	1.528776	0.250000	-1.311971	-0.072513
5.395495	0.356547	1.097536	1.528776	0.250000	-1.311971	-0.072513
5.405517	0.356547	1.097536	1.528776	0.250000	-1.311971	-0.072513
5.415359	0.356547	1.097536	1.528776	0.250000	-1.311971	-0.072513
5.426124	0.356547	1.097536	1.528776	0.250000	-1.311971	-0.072513
5.436964	0.356547	1.097536	1.528776	0.250000	-1.311971	-0.072513
5.445456	0.356547	1.097536	1.528776	0.250000	-1.311971	-0.072513
5.455413	0.356547	1.097536	1.528776	0.250000	-1.311971	-0.072513
5.465899	0.357777	1.118546	1.463050	0.250000	-1.367932	-0.076505
5.475855	0.357777	1.118546	1.463050	0.250000	-1.367932	-0.076505
5.485597	0.357777	1.118546	1.463050	0.250000	-1.367932	-0.076505
5.495355	0.357777	1.118546	1.463050	0.250000	-1.367932	-0.076505
5.505347	0.357777	1.118546	1.463050	0.250000	-1.367932	-0.076505
5.516106	0.357777	1.118546	1.463050	0.250000	-1.367932	-0.076505
5.525440	0.357777	1.118546	1.463050	0.250000	-1.367932	-0.076505
5.535441	0.357777	1.118546	1.463050	0.250000	-1.367932	-0.076505
5.546153	0.357777	1.118546	1.463050	0.250000	-1.367932	-0.076505
5.556000	0.350375	1.139997	1.394852	0.250000	-1.407689	-0.086204
5.567042	0.350375	1.139997	1.394852	0.250000	-1.407689	-0.086204
5.575403	0.350375	1.139997	1.394852	0.250000	-1.407689	-0.086204
5.586154	0.350375	1.139997	1.394852	0.250000	-1.407689	-0.086204
5.596021	0.350375	1.139997	1.394852	0.250000	-1.407689	-0.086204
5.605559	0.350375	1.139997	1.394852	0.250000	-1.407689	-0.086204
5.615487	0.350375	1.139997	1.394852	0.250000	-1.407689	-0.086204
5.626136	0.352129	1.159776	1.341050	0.250000	-1.456334	-0.091632
5.635886	0.352129	1.159776	1.341050	0.250000	-1.456334	-0.091632
5.645683	0.352129	1.159776	1.341050	0.250000	-1.456334	-0.091632
5.655442	0.352129	1.159776	1.341050	0.250000	-1.456334	-0.091632
5.666104	0.352129	1.159776	1.341050	0.250000	-1.456334	-0.091632
5.675941	0.352129	1.159776	1.341050	0.250000	-1.456334	-0.091632
5.685666	0.364361	1.177610	1.298591	0.250000	-1.501642	-0.091219
5.695582	0.364361	1.177610	1.298591	0.250000	-1.501642	-0.091219
5.705383	0.364361	1.177610	1.298591	0.250000	-1.501642	-0.091219
5.719915	0.364361	1.177610	1.298591	0.250000	-1.501642	-0.091219
5.725648	0.378073	1.191361	1.261900	0.250000	-1.508074	-0.087517
5.735591	0.378073	1.191361	1.261900	0.250000	-1.508074	-0.087517
5.746211	0.378073	1.191361	1.261900	0.250000	-1.508074	-0.087517
5.756026	0.378073	1.191361	1.261900	0.250000	-1.508074	-0.087517
5.765952	0.378073	1.191361	1.261900	0.250000	-1.508074	-0.087517
5.775588	0.378073	1.191361	1.261900	0.250000	-1.508074	-0.087517
5.786268	0.378073	1.191361	1.261900	0.250000	-1.508074	-0.087517
5.795993	0.378073	1.191361	1.261900	0.250000	-1.508074	-0.087517
5.805739	0.378073	1.191361	1.261900	0.250000	-1.508074	-0.087517
5.815500	0.378073	1.191361	1.261900	0.250000	-1.508074	-0.087517
5.825330	0.378073	1.191361	1.261900	0.250000	-1.508074	-0.087517
5.835977	0.383145	1.208610	1.216272	0.250000	-1.558034	-0.093715
5.845764	0.383145	1.208610	1.216272	0.250000	-1.558034	-0.093715
5.855628	0.383145	1.208610	1.216272	0.250000	-1.558034	-0.093715
5.865404	0.383145	1.208610	1.216272	0.250000	-1.558034	-0.093715
5.876052	0.383145	1.208610	1.216272	0.250000	-1.558034	-0.093715
5.885531	0.383145	1.208610	1.216272	0.250000	-1.558034	-0.093715
5.895606	0.390718	1.219107	1.169115	0.250000	-1.549025	-0.093340
5.905320	0.390718	1.219107	1.169115	0.250000	-1.549025	-0.093340
5.916050	0.390718	1.219107	1.169115	0.250000	-1.549025	-0.093340
5.925797	0.390718	1.219107	1.169115	0.250000	-1.549025	-0.093340
5.936455	0.390718	1.219107	1.169115	0.250000	-1.549025	-0.093340
5.945365	0.390718	1.219107	1.169115	0.250000	-1.549025	-0.093340
5.956110	0.390718	1.219107	1.169115	0.250000	-1.549025	-0.093340
5.965796	0.390718	1.219107	1.169115	0.250000	-1.549025	-0.093340
5.975600	0.390718	1.219107	1.169115	0.250000	-1.549025	-0.093340
5.985292	0.390718	1.219107	1.169115	0.250000	-1.549025	-0.093340
5.995992	0.390718	1.219107	1.169115	0.250000	-1.549025	-0.093340
6.005828	0.388305	1.231479	1.113711	0.250000	-1.581722	-0.102957
6.015585	0.388305	1.231479	1.113711	0.250000	-1.581722	-0.102957
6.025383	0.388305	1.231479	1.113711	0.250000	-1.581722	-0.102957
6.036168	0.388305	1.231479	1.113711	0.250000	-1.581722	-0.102957
6.045363	0.388305	1.231479	1.113711	0.250000	-1.581722	-0.102957
6.059517	0.393123	1.252104	1.071709	0.250000	-1.616954	-0.111280
6.066067	0.393123	1.252104	1.071709	0.250000	-1.616954	-0.111280
6.076093	0.393123	1.252104	1.071709	0.250000	-1.616954	-0.111280
6.085562	0.393123	1.252104	1.071709	0.250000	-1.616954	-0.111280
6.095621	0.393123	1.252104	1.071709	0.250000	-1.616954	-0.111280
6.105396	0.393123	1.252104	1.071709	0.250000	-1.616954	-0.111280
6.116213	0.393123	1.252104	1.071709	0.250000	-1.616954	-0.111280
6.125918	0.393123	1.252104	1.071709	0.250000	-1.616954	-0.111280
6.135616	0.393123	1.252104	1.071709	0.250000	-1.616954	-0.111280
6.145372	0.393123	1.252104	1.071709	0.250000	-1.616954	-0.111280
6.156120	0.393123	1.252104	1.071709	0.250000	-1.616954	-0.111280
6.165814	0.400048	1.272496	1.029370	0.250000	-1.645639	-0.118881
6.175670	0.400048	1.272496	1.029370	0.250000	-1.645639	-0.118881
6.185377	0.400048	1.272496	1.029370	0.250000	-1.645639	-0.118881
6.196144	0.400048	1.272496	1.029370	0.250000	-1.645639	-0.118881
6.205315	0.400048	1.272496	1.029370	0.250000	-1.645639	-0.118881
6.215732	0.400048	1.272496	1.029370	0.250000	-1.645639	-0.118881
6.225458	0.400048	1.272496	1.029370	0.250000	-1.645639	-0.118881
6.235365	0.400048	1.272496	1.029370	0.250000	-1.645639	-0.118881
6.245361	0.400048	1.272496	1.029370	0.250000	-1.645639	-0.118881
6.255718	0.400048	1.272496	1.029370	0.250000	-1.645639	-0.118881
6.267338	0.417996	1.295459	0.988922	0.250000	-1.710043	-0.125259
6.275441	0.417996	1.295459	0.988922	0.250000	-1.710043	-0.125259
6.285705	0.417996	1.295459	0.988922	0.250000	-1.710043	-0.125259
6.295760	0.417996	1.295459	0.988922	0.250000	-1.710043	-0.125259
6.305467	0.417996	1.295459	0.988922	0.250000	-1.710043	-0.125259
6.316171	0.417996	1.295459	0.988922	0.250000	-1.710043	-0.125259
6.325341	0.417996	1.295459	0.988922	0.250000	-1.710043	-0.125259
6.337439	0.429576	1.307788	0.943979	0.250000	-1.743766	-0.129755
6.345467	0.429576	1.307788	0.943979	0.250000	-1.743766	-0.129755
6.355372	0.429576	1.307788	0.943979	0.250000	-1.743766	-0.129755
6.365413	0.429576	1.307788	0.943979	0.250000	-1.743766	-0.129755
6.375739	0.429576	1.307788	0.943979	0.250000	-1.743766	-0.129755
6.385419	0.441478	1.316501	0.899026	0.250000	-1.740894	-0.129949
6.395607	0.441478	1.316501	0.899026	0.250000	-1.740894	-0.129949
6.405629	0.441478	1.316501	0.899026	0.250000	-1.740894	-0.129949
6.415826	0.441478	1.316501	0.899026	0.250000	-1.740894	-0.129949
6.425516	0.451176	1.319734	0.861792	0.250000	-1.734086	-0.129040
6.436231	0.451176	1.319734	0.861792	0.250000	-1.734086	-0.129040
6.446031	0.451176	1.319734	0.861792	0.250000	-1.734086	-0.129040
6.455759	0.451176	1.319734	0.861792	0.250000	-1.734086	-0.129040
6.465504	0.451176	1.319734	0.861792	0.250000	-1.734086	-0.129040
6.475400	0.451176	1.319734	0.861792	0.250000	-1.734086	-0.129040
6.485810	0.451176	1.319734	0.861792	0.250000	-1.734086	-0.129040
6.498256	0.460603	1.329238	0.809897	0.250000	-1.718765	-0.132463
6.505502	0.460603	1.329238	0.809897	0.250000	-1.718765	-0.132463
6.515414	0.460603	1.329238	0.809897	0.250000	-1.718765	-0.132463
6.525342	0.460603	1.329238	0.809897	0.250000	-1.718765	-0.132463
6.535803	0.460603	1.329238	0.809897	0.250000	-1.718765	-0.132463
6.545542	0.460603	1.329238	0.809897	0.250000	-1.718765	-0.132463
6.555360	0.460603	1.329238	0.809897	0.250000	-1.718765	-0.132463
6.566887	0.460603	1.329238	0.809897	0.250000	-1.718765	-0.132463
6.575892	0.460603	1.329238	0.809897	0.250000	-1.718765	-0.132463
6.585689	0.460603	1.329238	0.809897	0.250000	-1.718765	-0.132463
6.595376	0.468550	1.354268	0.755838	0.250000	-1.741923	-0.151071
6.606019	0.468550	1.354268	0.755838	0.250000	-1.741923	-0.151071
6.615835	0.468550	1.354268	0.755838	0.250000	-1.741923	-0.151071
6.625549	0.468550	1.354268	0.755838	0.250000	-1.741923	-0.151071
6.635408	0.468550	1.354268	0.755838	0.250000	-1.741923	-0.151071
6.646103	0.468550	1.354268	0.755838	0.250000	-1.741923	-0.151071
6.655868	0.468550	1.354268	0.755838	0.250000	-1.741923	-0.151071
6.665533	0.468550	1.354268	0.755838	0.250000	-1.741923	-0.151071
6.675521	0.468550	1.354268	0.755838	0.250000	-1.741923	-0.151071
6.685364	0.468550	1.354268	0.755838	0.250000	-1.741923	-0.151071
6.695795	0.468550	1.354268	0.755838	0.250000	-1.741923	-0.151071
6.705598	0.482473	1.374810	0.681549	0.250000	-1.134656	-0.197672
6.715402	0.482473	1.374810	0.681549	0.250000	-1.134656	-0.197672
6.725361	0.482473	1.374810	0.681549	0.250000	-1.134656	-0.197672
6.736678	0.482473	1.374810	0.681549	0.250000	-1.134656	-0.197672
6.745439	0.482473	1.374810	0.681549	0.250000	-1.134656	-0.197672
6.755503	0.482473	1.374810	0.681549	0.250000	-1.134656	-0.197672
6.765448	0.486926	1.381616	0.632279	0.250000	-1.048198	-0.191826
6.775900	0.486926	1.381616	0.632279	0.250000	-1.048198	-0.191826
6.785848	0.486926	1.381616	0.632279	0.250000	-1.048198	-0.191826
6.796464	0.486926	1.381616	0.632279	0.250000	-1.048198	-0.191826
6.806602	0.486926	1.381616	0.632279	0.250000	-1.048198	-0.191826
6.815902	0.486926	1.381616	0.632279	0.250000	-1.048198	-0.191826
6.825622	0.486926	1.381616	0.632279	0.250000	-1.048198	-0.191826
6.835469	0.486926	1.381616	0.632279	0.250000	-1.048198	-0.191826
6.846192	0.486926	1.381616	0.632279	0.250000	-1.048198	-0.191826
6.855981	0.486926	1.381616	0.632279	0.250000	-1.048198	-0.191826
6.865324	0.486926	1.381616	0.632279	0.250000	-1.048198	-0.191826
6.875433	0.486926	1.381616	0.632279	0.250000	-1.048198	-0.191826
6.886065	0.504578	1.378785	0.582543	0.250000	-0.929331	-0.169161
6.895896	0.504578	1.378785	0.582543	0.250000	-0.929331	-0.169161
6.905661	0.504578	1.378785	0.582543	0.250000	-0.929331	-0.169161
6.915544	0.504578	1.378785	0.582543	0.250000	-0.929331	-0.169161
6.926175	0.504578	1.378785	0.582543	0.250000	-0.929331	-0.169161
6.935610	0.518290	1.383543	0.544118	0.250000	-0.842213	-0.156265
6.945689	0.518290	1.383543	0.544118	0.250000	-0.842213	-0.156265
6.955512	0.518290	1.383543	0.544118	0.250000	-0.842213	-0.156265
6.966016	0.518290	1.383543	0.544118	0.250000	-0.842213	-0.156265
6.975959	0.518290	1.383543	0.544118	0.250000	-0.842213	-0.156265
6.985710	0.518290	1.383543	0.544118	0.250000	-0.842213	-0.156265
6.995486	0.518290	1.383543	0.544118	0.250000	-0.842213	-0.156265
7.006212	0.518290	1.383543	0.544118	0.250000	-0.842213	-0.156265
7.016155	0.518290	1.383543	0.544118	0.250000	-0.842213	-0.156265
7.025443	0.518290	1.383543	0.544118	0.250000	-0.842213	-0.156265
7.035596	0.535415	1.387198	0.498243	0.250000	-0.733715	-0.139023
7.045390	0.535415	1.387198	0.498243	0.250000	-0.733715	-0.139023
7.055992	0.535415	1.387198	0.498243	0.250000	-0.733715	-0.139023
7.065718	0.535415	1.387198	0.498243	0.250000	-0.733715	-0.139023
7.075509	0.535415	1.387198	0.498243	0.250000	-0.733715	-0.139023
7.085337	0.535415	1.387198	0.498243	0.250000	-0.733715	-0.139023
7.095992	0.549948	1.392967	0.464972	0.250000	-0.648822	-0.126969
7.105750	0.549948	1.392967	0.464972	0.250000	-0.648822	-0.126969
7.115604	0.549948	1.392967	0.464972	0.250000	-0.648822	-0.126969
7.126273	0.549948	1.392967	0.464972	0.250000	-0.648822	-0.126969
7.135583	0.549948	1.392967	0.464972	0.250000	-0.648822	-0.126969
7.145915	0.549948	1.392967	0.464972	0.250000	-0.648822	-0.126969
7.155563	0.549948	1.392967	0.464972	0.250000	-0.648822	-0.126969
7.165510	0.549948	1.392967	0.464972	0.250000	-0.648822	-0.126969
7.176051	0.549948	1.392967	0.464972	0.250000	-0.648822	-0.126969
7.185704	0.549948	1.392967	0.464972	0.250000	-0.648822	-0.126969
7.195604	0.565374	1.398792	0.426642	0.250000	-0.548878	-0.113561
7.205433	0.565374	1.398792	0.426642	0.250000	-0.548878	-0.113561
7.216050	0.565374	1.398792	0.426642	0.250000	-0.548878	-0.113561
7.225807	0.565374	1.398792	0.426642	0.250000	-0.548878	-0.113561
7.235351	0.565374	1.398792	0.426642	0.250000	-0.548878	-0.113561
7.245326	0.565374	1.398792	0.426642	0.250000	-0.548878	-0.113561
7.256077	0.565374	1.398792	0.426642	0.250000	-0.548878	-0.113561
7.265765	0.565374	1.398792	0.426642	0.250000	-0.548878	-0.113561
7.275563	0.565374	1.398792	0.426642	0.250000	-0.548878	-0.113561
7.285322	0.565374	1.398792	0.426642	0.250000	-0.548878	-0.113561
7.296208	0.565374	1.398792	0.426642	0.250000	-0.548878	-0.113561
7.305370	0.592864	1.414395	0.379609	0.250000	-0.411464	-0.097161
7.315680	0.592864	1.414395	0.379609	0.250000	-0.411464	-0.097161
7.325389	0.592864	1.414395	0.379609	0.250000	-0.411464	-0.097161
7.335355	0.592864	1.414395	0.379609	0.250000	-0.411464	-0.097161
7.345818	0.592864	1.414395	0.379609	0.250000	-0.411464	-0.097161
7.355622	0.592864	1.414395	0.379609	0.250000	-0.411464	-0.097161
7.365361	0.611509	1.426520	0.319391	0.250000	-0.264237	-0.082677
7.376109	0.611509	1.426520	0.319391	0.250000	-0.264237	-0.082677
7.385572	0.611509	1.426520	0.319391	0.250000	-0.264237	-0.082677
7.395746	0.611509	1.426520	0.319391	0.250000	-0.264237	-0.082677
7.405454	0.611509	1.426520	0.319391	0.250000	-0.264237	-0.082677
7.416154	0.611509	1.426520	0.319391	0.250000	-0.264237	-0.082677
7.427824	0.629942	1.431281	0.267710	0.250000	-0.094386	-0.065560
7.435707	0.629942	1.431281	0.267710	0.250000	-0.094386	-0.065560
7.445448	0.629942	1.431281	0.267710	0.250000	-0.094386	-0.065560
7.456130	0.629942	1.431281	0.267710	0.250000	-0.094386	-0.065560
7.465321	0.629942	1.431281	0.267710	0.250000	-0.094386	-0.065560
7.475758	0.642646	1.431873	0.235527	0.250000	0.045202	-0.052315
7.485444	0.642646	1.431873	0.235527	0.250000	0.045202	-0.052315
7.496168	0.642646	1.431873	0.235527	0.250000	0.045202	-0.052315
7.505366	0.642646	1.431873	0.235527	0.250000	0.045202	-0.052315
7.515723	0.642646	1.431873	0.235527	0.250000	0.045202	-0.052315
7.525412	0.642646	1.431873	0.235527	0.250000	0.045202	-0.052315
7.536492	0.642646	1.431873	0.235527	0.250000	0.045202	-0.052315
7.545403	0.642646	1.431873	0.235527	0.250000	0.045202	-0.052315
7.555701	0.642646	1.431873	0.235527	0.250000	0.045202	-0.052315
7.565469	0.642646	1.431873	0.235527	0.250000	0.045202	-0.052315
7.576260	0.642646	1.431873	0.235527	0.250000	0.045202	-0.052315
7.585880	0.642646	1.431873	0.235527	0.250000	0.045202	-0.052315
7.595732	0.656954	1.428140	0.205684	0.250000	0.209703	-0.037856
7.605470	0.656954	1.428140	0.205684	0.250000	0.209703	-0.037856
7.616213	0.656954	1.428140	0.205684	0.250000	0.209703	-0.037856
7.625949	0.656954	1.428140	0.205684	0.250000	0.209703	-0.037856
7.635745	0.671780	1.437392	0.171833	0.250000	0.318483	-0.030594
7.645995	0.671780	1.437392	0.171833	0.250000	0.318483	-0.030594
7.656305	0.671780	1.437392	0.171833	0.250000	0.318483	-0.030594
7.666072	0.671780	1.437392	0.171833	0.250000	0.318483	-0.030594
7.675770	0.671780	1.437392	0.171833	0.250000	0.318483	-0.030594
7.685338	0.671780	1.437392	0.171833	0.250000	0.318483	-0.030594
7.696533	0.676758	1.443633	0.139830	0.250000	0.377145	-0.028077
7.705982	0.676758	1.443633	0.139830	0.250000	0.377145	-0.028077
7.715758	0.676758	1.443633	0.139830	0.250000	0.377145	-0.028077
7.725519	0.676758	1.443633	0.139830	0.250000	0.377145	-0.028077
7.736258	0.676758	1.443633	0.139830	0.250000	0.377145	-0.028077
7.746028	0.676758	1.443633	0.139830	0.250000	0.377145	-0.028077
7.759707	0.676758	1.443633	0.139830	0.250000	0.377145	-0.028077
7.765467	0.676758	1.443633	0.139830	0.250000	0.377145	-0.028077
7.775381	0.676758	1.443633	0.139830	0.250000	0.377145	-0.028077
7.785433	0.676758	1.443633	0.139830	0.250000	0.377145	-0.028077
7.795775	0.676758	1.443633	0.139830	0.250000	0.377145	-0.028077
7.805557	0.682952	1.453872	0.122224	0.250000	0.383830	-0.029002
7.815328	0.682952	1.453872	0.122224	0.250000	0.383830	-0.029002
7.825328	0.682952	1.453872	0.122224	0.250000	0.383830	-0.029002
7.835966	0.682952	1.453872	0.122224	0.250000	0.383830	-0.029002
7.845497	0.682952	1.453872	0.122224	0.250000	0.383830	-0.029002
7.856326	0.701319	1.455423	0.128020	0.250000	0.493916	-0.018180
7.867010	0.701319	1.455423	0.128020	0.250000	0.493916	-0.018180
7.875849	0.701319	1.455423	0.128020	0.250000	0.493916	-0.018180
7.885436	0.701319	1.455423	0.128020	0.250000	0.493916	-0.018180
7.895345	0.701319	1.455423	0.128020	0.250000	0.493916	-0.018180
7.906039	0.701319	1.455423	0.128020	0.250000	0.493916	-0.018180
7.915989	0.701319	1.455423	0.128020	0.250000	0.493916	-0.018180
7.925881	0.701319	1.455423	0.128020	0.250000	0.493916	-0.018180
7.935419	0.701319	1.455423	0.128020	0.250000	0.493916	-0.018180
7.945400	0.701319	1.455423	0.128020	0.250000	0.493916	-0.018180
7.955853	0.701319	1.455423	0.128020	0.250000	0.493916	-0.018180
7.965430	0.731845	1.457690	0.142455	0.250000	0.618472	-0.005487
7.975348	0.731845	1.457690	0.142455	0.250000	0.618472	-0.005487
7.985353	0.731845	1.457690	0.142455	0.250000	0.618472	-0.005487
7.995950	0.731845	1.457690	0.142455	0.250000	0.618472	-0.005487
8.005645	0.731845	1.457690	0.142455	0.250000	0.618472	-0.005487
8.015524	0.731845	1.457690	0.142455	0.250000	0.618472	-0.005487
8.026143	0.731845	1.457690	0.142455	0.250000	0.618472	-0.005487
8.035837	0.731845	1.457690	0.142455	0.250000	0.618472	-0.005487
8.045585	0.731845	1.457690	0.142455	0.250000	0.618472	-0.005487
8.055414	0.731845	1.457690	0.142455	0.250000	0.618472	-0.005487
8.066125	0.764985	1.457506	0.186153	0.250000	0.758933	0.012434
8.075891	0.764985	1.457506	0.186153	0.250000	0.758933	0.012434
8.085446	0.764985	1.457506	0.186153	0.250000	0.758933	0.012434
8.095509	0.764985	1.457506	0.186153	0.250000	0.758933	0.012434
8.105530	0.764985	1.457506	0.186153	0.250000	0.758933	0.012434
8.116033	0.764985	1.457506	0.186153	0.250000	0.758933	0.012434
8.125675	0.764985	1.457506	0.186153	0.250000	0.758933	0.012434
8.135389	0.764985	1.457506	0.186153	0.250000	0.758933	0.012434
8.145347	0.764985	1.457506	0.186153	0.250000	0.758933	0.012434
8.155922	0.764985	1.457506	0.186153	0.250000	0.758933	0.012434
8.165451	0.788702	1.458169	0.235920	0.250000	0.723275	0.014555
