t	x(t)	y(t)	theta(t)	v(t)	gamma(t)	efa
0.000337	0.614341	0.263664	1.551985	0.250000	0.804497	0.027677
0.010887	0.614341	0.263664	1.551985	0.250000	0.804497	0.027677
0.011337	0.614341	0.263664	1.551985	0.250000	0.804497	0.027677
0.021048	0.614341	0.263664	1.551985	0.250000	0.804497	0.027677
0.031304	0.614341	0.263664	1.551985	0.250000	0.804497	0.027677
0.041065	0.614341	0.263664	1.551985	0.250000	0.804497	0.027677
0.050835	0.614341	0.263664	1.551985	0.250000	0.804497	0.027677
0.060770	0.614341	0.263664	1.551985	0.250000	0.804497	0.027677
0.070762	0.614341	0.263664	1.551985	0.250000	0.804497	0.027677
0.080929	0.614341	0.263664	1.551985	0.250000	0.804497	0.027677
0.090879	0.614341	0.263664	1.551985	0.250000	0.804497	0.027677
0.103624	0.614341	0.263664	1.551985	0.250000	0.804497	0.027677
0.111402	0.614341	0.263664	1.551985	0.250000	0.804497	0.027677
0.121140	0.614341	0.263664	1.551985	0.250000	0.804497	0.027677
0.130893	0.614341	0.263664	1.551985	0.250000	0.804497	0.027677
0.141625	0.614341	0.263664	1.551985	0.250000	0.804497	0.027677
0.150806	0.614341	0.263664	1.551985	0.250000	0.804497	0.027677
0.161186	0.614341	0.263664	1.551985	0.250000	0.804497	0.027677
0.170797	0.614341	0.263664	1.551985	0.250000	0.804497	0.027677
0.181630	0.614341	0.263664	1.551985	0.250000	0.804497	0.027677
0.191375	0.614341	0.263664	1.551985	0.250000	0.804497	0.027677
0.201142	0.614341	0.263664	1.551985	0.250000	0.804497	0.027677
0.210958	0.614682	0.265080	1.556397	0.250000	0.829104	0.029054
0.221671	0.614682	0.265080	1.556397	0.250000	0.829104	0.029054
0.231424	0.614682	0.265080	1.556397	0.250000	0.829104	0.029054
0.241190	0.614682	0.265080	1.556397	0.250000	0.829104	0.029054
0.250902	0.614682	0.265080	1.556397	0.250000	0.829104	0.029054
0.260787	0.614682	0.265080	1.556397	0.250000	0.829104	0.029054
0.270832	0.614682	0.265080	1.556397	0.250000	0.829104	0.029054
0.280807	0.614328	0.269494	1.569446	0.250000	0.825874	0.028692
0.291064	0.614328	0.269494	1.569446	0.250000	0.825874	0.028692
0.300827	0.614328	0.269494	1.569446	0.250000	0.825874	0.028692
0.311410	0.614328	0.269494	1.569446	0.250000	0.825874	0.028692
0.321211	0.613826	0.277909	1.600041	0.250000	0.812245	0.027863
0.330937	0.613826	0.277909	1.600041	0.250000	0.812245	0.027863
0.340663	0.613826	0.277909	1.600041	0.250000	0.812245	0.027863
0.351510	0.612343	0.287024	1.634461	0.250000	0.809861	0.027572
0.361213	0.612343	0.287024	1.634461	0.250000	0.809861	0.027572
0.370946	0.612343	0.287024	1.634461	0.250000	0.809861	0.027572
0.383528	0.611454	0.295245	1.660661	0.250000	0.831436	0.029133
0.390790	0.611454	0.295245	1.660661	0.250000	0.831436	0.029133
0.401217	0.611454	0.295245	1.660661	0.250000	0.831436	0.029133
0.410993	0.611454	0.295245	1.660661	0.250000	0.831436	0.029133
0.420776	0.611454	0.295245	1.660661	0.250000	0.831436	0.029133
0.431499	0.611454	0.295245	1.660661	0.250000	0.831436	0.029133
0.441302	0.610070	0.301583	1.677587	0.250000	0.811805	0.028002
0.451078	0.610070	0.301583	1.677587	0.250000	0.811805	0.028002
0.460817	0.610070	0.301583	1.677587	0.250000	0.811805	0.028002
0.471584	0.610070	0.301583	1.677587	0.250000	0.811805	0.028002
0.481408	0.610070	0.301583	1.677587	0.250000	0.811805	0.028002
0.491290	0.610070	0.301583	1.677587	0.250000	0.811805	0.028002
0.500797	0.610070	0.301583	1.677587	0.250000	0.811805	0.028002
0.510764	0.610070	0.301583	1.677587	0.250000	0.811805	0.028002
0.521315	0.607942	0.310063	1.704634	0.250000	0.817856	0.028684
0.530795	0.607942	0.310063	1.704634	0.250000	0.817856	0.028684
0.541897	0.607942	0.310063	1.704634	0.250000	0.817856	0.028684
0.551747	0.605069	0.320468	1.744316	0.250000	0.788844	0.027624
0.561432	0.605069	0.320468	1.744316	0.250000	0.788844	0.027624
0.571152	0.605069	0.320468	1.744316	0.250000	0.788844	0.027624
0.581018	0.605069	0.320468	1.744316	0.250000	0.788844	0.027624
0.591600	0.602091	0.330917	1.785776	0.250000	0.777069	0.028144
0.601374	0.602091	0.330917	1.785776	0.250000	0.777069	0.028144
0.611088	0.602091	0.330917	1.785776	0.250000	0.777069	0.028144
0.620861	0.602091	0.330917	1.785776	0.250000	0.777069	0.028144
0.630743	0.599810	0.339258	1.817708	0.250000	0.742710	0.027019
0.642340	0.599810	0.339258	1.817708	0.250000	0.742710	0.027019
0.651234	0.599810	0.339258	1.817708	0.250000	0.742710	0.027019
0.660923	0.599810	0.339258	1.817708	0.250000	0.742710	0.027019
0.671803	0.597771	0.345673	1.836647	0.250000	0.736030	0.027390
0.681447	0.597771	0.345673	1.836647	0.250000	0.736030	0.027390
0.691169	0.597771	0.345673	1.836647	0.250000	0.736030	0.027390
0.700909	0.597771	0.345673	1.836647	0.250000	0.736030	0.027390
0.711650	0.597771	0.345673	1.836647	0.250000	0.736030	0.027390
0.721406	0.597771	0.345673	1.836647	0.250000	0.736030	0.027390
0.731260	0.594974	0.354547	1.865837	0.250000	0.722750	0.027972
0.740953	0.594974	0.354547	1.865837	0.250000	0.722750	0.027972
0.750815	0.594974	0.354547	1.865837	0.250000	0.722750	0.027972
0.760774	0.594974	0.354547	1.865837	0.250000	0.722750	0.027972
0.771186	0.594974	0.354547	1.865837	0.250000	0.722750	0.027972
0.780827	0.594974	0.354547	1.865837	0.250000	0.722750	0.027972
0.791665	0.594974	0.354547	1.865837	0.250000	0.722750	0.027972
0.801387	0.590597	0.365223	1.899553	0.250000	0.685767	0.027074
0.811254	0.590597	0.365223	1.899553	0.250000	0.685767	0.027074
0.820951	0.590597	0.365223	1.899553	0.250000	0.685767	0.027074
0.830772	0.590597	0.365223	1.899553	0.250000	0.685767	0.027074
0.840779	0.585769	0.376338	1.937558	0.250000	0.633581	0.025469
0.850776	0.585769	0.376338	1.937558	0.250000	0.633581	0.025469
0.860854	0.585769	0.376338	1.937558	0.250000	0.633581	0.025469
0.870798	0.585769	0.376338	1.937558	0.250000	0.633581	0.025469
0.880908	0.585769	0.376338	1.937558	0.250000	0.633581	0.025469
0.891365	0.585769	0.376338	1.937558	0.250000	0.633581	0.025469
0.901006	0.585769	0.376338	1.937558	0.250000	0.633581	0.025469
0.910716	0.579647	0.387019	1.964437	0.250000	0.602893	0.025151
0.921487	0.579647	0.387019	1.964437	0.250000	0.602893	0.025151
0.931242	0.579647	0.387019	1.964437	0.250000	0.602893	0.025151
0.940973	0.579647	0.387019	1.964437	0.250000	0.602893	0.025151
0.950715	0.579647	0.387019	1.964437	0.250000	0.602893	0.025151
0.961565	0.579647	0.387019	1.964437	0.250000	0.602893	0.025151
0.971307	0.573773	0.397927	1.999875	0.250000	0.547158	0.023835
0.981023	0.573773	0.397927	1.999875	0.250000	0.547158	0.023835
0.990801	0.573773	0.397927	1.999875	0.250000	0.547158	0.023835
1.001545	0.573773	0.397927	1.999875	0.250000	0.547158	0.023835
1.011321	0.573773	0.397927	1.999875	0.250000	0.547158	0.023835
1.021012	0.573773	0.397927	1.999875	0.250000	0.547158	0.023835
1.030813	0.573773	0.397927	1.999875	0.250000	0.547158	0.023835
1.040799	0.573773	0.397927	1.999875	0.250000	0.547158	0.023835
1.050771	0.566260	0.410479	2.041483	0.250000	0.458459	0.020641
1.060883	0.566260	0.410479	2.041483	0.250000	0.458459	0.020641
1.070790	0.566260	0.410479	2.041483	0.250000	0.458459	0.020641
1.080742	0.566260	0.410479	2.041483	0.250000	0.458459	0.020641
1.091299	0.558853	0.421686	2.088016	0.250000	0.341030	0.015937
1.100780	0.558853	0.421686	2.088016	0.250000	0.341030	0.015937
1.110794	0.558853	0.421686	2.088016	0.250000	0.341030	0.015937
1.121539	0.558853	0.421686	2.088016	0.250000	0.341030	0.015937
1.131432	0.551692	0.431055	2.119393	0.250000	0.243598	0.011714
1.141139	0.551692	0.431055	2.119393	0.250000	0.243598	0.011714
1.150859	0.551692	0.431055	2.119393	0.250000	0.243598	0.011714
1.160769	0.546132	0.437994	2.145933	0.250000	0.152567	0.007980
1.171356	0.546132	0.437994	2.145933	0.250000	0.152567	0.007980
1.181097	0.546132	0.437994	2.145933	0.250000	0.152567	0.007980
1.190884	0.546132	0.437994	2.145933	0.250000	0.152567	0.007980
1.200809	0.546132	0.437994	2.145933	0.250000	0.152567	0.007980
1.211529	0.541437	0.444512	2.161403	0.250000	0.096047	0.005830
1.221171	0.541437	0.444512	2.161403	0.250000	0.096047	0.005830
1.230881	0.541437	0.444512	2.161403	0.250000	0.096047	0.005830
1.241680	0.536739	0.450789	2.178334	0.250000	0.034696	0.003255
1.251365	0.536739	0.450789	2.178334	0.250000	0.034696	0.003255
1.260819	0.536739	0.450789	2.178334	0.250000	0.034696	0.003255
1.271501	0.536739	0.450789	2.178334	0.250000	0.034696	0.003255
1.281594	0.532042	0.457024	2.196377	0.250000	-0.027627	0.000436
1.291513	0.532042	0.457024	2.196377	0.250000	-0.027627	0.000436
1.301175	0.532042	0.457024	2.196377	0.250000	-0.027627	0.000436
1.310922	0.532042	0.457024	2.196377	0.250000	-0.027627	0.000436
1.320768	0.532042	0.457024	2.196377	0.250000	-0.027627	0.000436
1.331424	0.526091	0.463950	2.223461	0.250000	-0.123162	-0.004471
1.341195	0.526091	0.463950	2.223461	0.250000	-0.123162	-0.004471
1.350807	0.526091	0.463950	2.223461	0.250000	-0.123162	-0.004471
1.361428	0.526091	0.463950	2.223461	0.250000	-0.123162	-0.004471
1.371406	0.526091	0.463950	2.223461	0.250000	-0.123162	-0.004471
1.381144	0.519463	0.471512	2.238225	0.250000	-0.178089	-0.007644
1.390954	0.519463	0.471512	2.238225	0.250000	-0.178089	-0.007644
1.400717	0.519463	0.471512	2.238225	0.250000	-0.178089	-0.007644
1.410811	0.519463	0.471512	2.238225	0.250000	-0.178089	-0.007644
1.421216	0.519463	0.471512	2.238225	0.250000	-0.178089	-0.007644
1.431026	0.519463	0.471512	2.238225	0.250000	-0.178089	-0.007644
1.440771	0.519463	0.471512	2.238225	0.250000	-0.178089	-0.007644
1.452438	0.509172	0.481989	2.256132	0.250000	-0.252804	-0.012888
1.460792	0.509172	0.481989	2.256132	0.250000	-0.252804	-0.012888
1.471279	0.509172	0.481989	2.256132	0.250000	-0.252804	-0.012888
1.480772	0.509172	0.481989	2.256132	0.250000	-0.252804	-0.012888
1.491497	0.509172	0.481989	2.256132	0.250000	-0.252804	-0.012888
1.501226	0.509172	0.481989	2.256132	0.250000	-0.252804	-0.012888
1.511006	0.509172	0.481989	2.256132	0.250000	-0.252804	-0.012888
1.520730	0.498340	0.494159	2.253749	0.250000	-0.267444	-0.015004
1.530780	0.498340	0.494159	2.253749	0.250000	-0.267444	-0.015004
1.541269	0.498340	0.494159	2.253749	0.250000	-0.267444	-0.015004
1.551098	0.498340	0.494159	2.253749	0.250000	-0.267444	-0.015004
1.561614	0.498340	0.494159	2.253749	0.250000	-0.267444	-0.015004
1.571512	0.498340	0.494159	2.253749	0.250000	-0.267444	-0.015004
1.581245	0.488542	0.504414	2.260142	0.250000	-0.308557	-0.017992
1.591035	0.488542	0.504414	2.260142	0.250000	-0.308557	-0.017992
1.600769	0.488542	0.504414	2.260142	0.250000	-0.308557	-0.017992
1.610860	0.488542	0.504414	2.260142	0.250000	-0.308557	-0.017992
1.621308	0.488542	0.504414	2.260142	0.250000	-0.308557	-0.017992
1.631066	0.488542	0.504414	2.260142	0.250000	-0.308557	-0.017992
1.640794	0.488542	0.504414	2.260142	0.250000	-0.308557	-0.017992
1.650777	0.488542	0.504414	2.260142	0.250000	-0.308557	-0.017992
1.661345	0.477761	0.518072	2.255793	0.250000	-0.322884	-0.018919
1.671061	0.477761	0.518072	2.255793	0.250000	-0.322884	-0.018919
1.680809	0.477761	0.518072	2.255793	0.250000	-0.322884	-0.018919
1.691551	0.469407	0.528110	2.246997	0.250000	-0.325079	-0.019052
1.701310	0.469407	0.528110	2.246997	0.250000	-0.325079	-0.019052
1.711141	0.469407	0.528110	2.246997	0.250000	-0.325079	-0.019052
1.720887	0.469407	0.528110	2.246997	0.250000	-0.325079	-0.019052
1.730863	0.469407	0.528110	2.246997	0.250000	-0.325079	-0.019052
1.741332	0.469407	0.528110	2.246997	0.250000	-0.325079	-0.019052
1.751068	0.458369	0.542442	2.228181	0.250000	-0.321063	-0.018276
1.760828	0.458369	0.542442	2.228181	0.250000	-0.321063	-0.018276
1.770805	0.458369	0.542442	2.228181	0.250000	-0.321063	-0.018276
1.780810	0.458369	0.542442	2.228181	0.250000	-0.321063	-0.018276
1.791224	0.458369	0.542442	2.228181	0.250000	-0.321063	-0.018276
1.800916	0.458369	0.542442	2.228181	0.250000	-0.321063	-0.018276
1.811614	0.449465	0.552910	2.205377	0.250000	-0.316856	-0.017600
1.821352	0.449465	0.552910	2.205377	0.250000	-0.316856	-0.017600
1.831150	0.449465	0.552910	2.205377	0.250000	-0.316856	-0.017600
1.840817	0.449465	0.552910	2.205377	0.250000	-0.316856	-0.017600
1.851590	0.449465	0.552910	2.205377	0.250000	-0.316856	-0.017600
1.861374	0.440197	0.564434	2.191303	0.250000	-0.328467	-0.017716
1.871119	0.440197	0.564434	2.191303	0.250000	-0.328467	-0.017716
1.880889	0.440197	0.564434	2.191303	0.250000	-0.328467	-0.017716
1.891761	0.433631	0.572858	2.178536	0.250000	-0.346775	-0.017937
1.901589	0.433631	0.572858	2.178536	0.250000	-0.346775	-0.017937
1.911283	0.433631	0.572858	2.178536	0.250000	-0.346775	-0.017937
1.920942	0.429785	0.578840	2.166721	0.250000	-0.347568	-0.017165
1.930814	0.429785	0.578840	2.166721	0.250000	-0.347568	-0.017165
1.941443	0.429785	0.578840	2.166721	0.250000	-0.347568	-0.017165
1.951262	0.429785	0.578840	2.166721	0.250000	-0.347568	-0.017165
1.960973	0.429785	0.578840	2.166721	0.250000	-0.347568	-0.017165
1.970770	0.423992	0.586456	2.152167	0.250000	-0.353531	-0.016902
1.981403	0.423992	0.586456	2.152167	0.250000	-0.353531	-0.016902
1.991273	0.423992	0.586456	2.152167	0.250000	-0.353531	-0.016902
2.000950	0.423992	0.586456	2.152167	0.250000	-0.353531	-0.016902
2.010787	0.418986	0.593317	2.138493	0.250000	-0.384417	-0.017355
2.021446	0.418986	0.593317	2.138493	0.250000	-0.384417	-0.017355
2.031267	0.418986	0.593317	2.138493	0.250000	-0.384417	-0.017355
2.042005	0.418986	0.593317	2.138493	0.250000	-0.384417	-0.017355
2.050739	0.418986	0.593317	2.138493	0.250000	-0.384417	-0.017355
2.060884	0.418986	0.593317	2.138493	0.250000	-0.384417	-0.017355
2.071264	0.412188	0.603266	2.116371	0.250000	-0.401907	-0.016936
2.080993	0.412188	0.603266	2.116371	0.250000	-0.401907	-0.016936
2.090796	0.412188	0.603266	2.116371	0.250000	-0.401907	-0.016936
2.101604	0.412188	0.603266	2.116371	0.250000	-0.401907	-0.016936
2.111256	0.407254	0.612000	2.098290	0.250000	-0.429536	-0.016585
2.121006	0.407254	0.612000	2.098290	0.250000	-0.429536	-0.016585
2.130813	0.407254	0.612000	2.098290	0.250000	-0.429536	-0.016585
2.141509	0.407254	0.612000	2.098290	0.250000	-0.429536	-0.016585
2.150786	0.407254	0.612000	2.098290	0.250000	-0.429536	-0.016585
2.161028	0.407254	0.612000	2.098290	0.250000	-0.429536	-0.016585
2.170757	0.400012	0.625249	2.074907	0.250000	-0.483654	-0.016807
2.181496	0.400012	0.625249	2.074907	0.250000	-0.483654	-0.016807
2.191293	0.400012	0.625249	2.074907	0.250000	-0.483654	-0.016807
2.201033	0.400012	0.625249	2.074907	0.250000	-0.483654	-0.016807
2.210775	0.400012	0.625249	2.074907	0.250000	-0.483654	-0.016807
2.221541	0.400012	0.625249	2.074907	0.250000	-0.483654	-0.016807
2.231318	0.400012	0.625249	2.074907	0.250000	-0.483654	-0.016807
2.241066	0.392489	0.638871	2.050981	0.250000	-0.558562	-0.018132
2.250810	0.392489	0.638871	2.050981	0.250000	-0.558562	-0.018132
2.260878	0.392489	0.638871	2.050981	0.250000	-0.558562	-0.018132
2.270813	0.392489	0.638871	2.050981	0.250000	-0.558562	-0.018132
2.280823	0.392489	0.638871	2.050981	0.250000	-0.558562	-0.018132
2.291537	0.392489	0.638871	2.050981	0.250000	-0.558562	-0.018132
2.301589	0.392489	0.638871	2.050981	0.250000	-0.558562	-0.018132
2.311458	0.383756	0.655173	2.022746	0.250000	-0.626671	-0.019962
2.322438	0.383756	0.655173	2.022746	0.250000	-0.626671	-0.019962
2.330844	0.383756	0.655173	2.022746	0.250000	-0.626671	-0.019962
2.341607	0.383756	0.655173	2.022746	0.250000	-0.626671	-0.019962
2.351326	0.383756	0.655173	2.022746	0.250000	-0.626671	-0.019962
2.361088	0.375304	0.670223	1.987563	0.250000	-0.708986	-0.023817
2.370872	0.375304	0.670223	1.987563	0.250000	-0.708986	-0.023817
2.381606	0.375304	0.670223	1.987563	0.250000	-0.708986	-0.023817
2.391386	0.375304	0.670223	1.987563	0.250000	-0.708986	-0.023817
2.401314	0.371947	0.678508	1.964307	0.250000	-0.707063	-0.023642
2.411029	0.371947	0.678508	1.964307	0.250000	-0.707063	-0.023642
2.421111	0.371947	0.678508	1.964307	0.250000	-0.707063	-0.023642
2.431385	0.371947	0.678508	1.964307	0.250000	-0.707063	-0.023642
2.440801	0.371947	0.678508	1.964307	0.250000	-0.707063	-0.023642
2.450814	0.371947	0.678508	1.964307	0.250000	-0.707063	-0.023642
2.460841	0.371947	0.678508	1.964307	0.250000	-0.707063	-0.023642
2.472263	0.371947	0.678508	1.964307	0.250000	-0.707063	-0.023642
2.481138	0.367389	0.689516	1.934226	0.250000	-0.738217	-0.025960
2.490814	0.367389	0.689516	1.934226	0.250000	-0.738217	-0.025960
2.501657	0.367389	0.689516	1.934226	0.250000	-0.738217	-0.025960
2.511601	0.367389	0.689516	1.934226	0.250000	-0.738217	-0.025960
2.520828	0.367389	0.689516	1.934226	0.250000	-0.738217	-0.025960
2.530961	0.367389	0.689516	1.934226	0.250000	-0.738217	-0.025960
2.540807	0.367389	0.689516	1.934226	0.250000	-0.738217	-0.025960
2.550782	0.367389	0.689516	1.934226	0.250000	-0.738217	-0.025960
2.560871	0.364637	0.699955	1.908493	0.250000	-0.732164	-0.026169
2.570954	0.364637	0.699955	1.908493	0.250000	-0.732164	-0.026169
2.580796	0.364637	0.699955	1.908493	0.250000	-0.732164	-0.026169
2.590822	0.364637	0.699955	1.908493	0.250000	-0.732164	-0.026169
2.601185	0.357739	0.716492	1.872488	0.250000	-0.751300	-0.030218
2.610932	0.357739	0.716492	1.872488	0.250000	-0.751300	-0.030218
2.620784	0.357739	0.716492	1.872488	0.250000	-0.751300	-0.030218
2.631557	0.357739	0.716492	1.872488	0.250000	-0.751300	-0.030218
2.641216	0.355218	0.725875	1.846003	0.250000	-0.726661	-0.030708
2.650982	0.355218	0.725875	1.846003	0.250000	-0.726661	-0.030708
2.660775	0.355218	0.725875	1.846003	0.250000	-0.726661	-0.030708
2.671464	0.353464	0.733696	1.823137	0.250000	-0.689891	-0.030007
2.681260	0.353464	0.733696	1.823137	0.250000	-0.689891	-0.030007
2.691069	0.353464	0.733696	1.823137	0.250000	-0.689891	-0.030007
2.700804	0.353464	0.733696	1.823137	0.250000	-0.689891	-0.030007
2.710812	0.353464	0.733696	1.823137	0.250000	-0.689891	-0.030007
2.721241	0.353464	0.733696	1.823137	0.250000	-0.689891	-0.030007
2.731009	0.353464	0.733696	1.823137	0.250000	-0.689891	-0.030007
2.740765	0.352320	0.742392	1.790831	0.250000	-0.624209	-0.028389
2.751577	0.352320	0.742392	1.790831	0.250000	-0.624209	-0.028389
2.761515	0.352320	0.742392	1.790831	0.250000	-0.624209	-0.028389
2.771059	0.352320	0.742392	1.790831	0.250000	-0.624209	-0.028389
2.780742	0.352320	0.742392	1.790831	0.250000	-0.624209	-0.028389
2.790766	0.350021	0.754650	1.754337	0.250000	-0.541571	-0.027200
2.801290	0.350021	0.754650	1.754337	0.250000	-0.541571	-0.027200
2.811088	0.350021	0.754650	1.754337	0.250000	-0.541571	-0.027200
2.820830	0.350021	0.754650	1.754337	0.250000	-0.541571	-0.027200
2.831779	0.347536	0.766638	1.723906	0.250000	-0.455012	-0.026338
2.841274	0.347536	0.766638	1.723906	0.250000	-0.455012	-0.026338
2.851235	0.347536	0.766638	1.723906	0.250000	-0.455012	-0.026338
2.860868	0.347536	0.766638	1.723906	0.250000	-0.455012	-0.026338
2.870777	0.344693	0.777412	1.709340	0.250000	-0.405672	-0.027320
2.881325	0.344693	0.777412	1.709340	0.250000	-0.405672	-0.027320
2.891044	0.344693	0.777412	1.709340	0.250000	-0.405672	-0.027320
2.900845	0.344693	0.777412	1.709340	0.250000	-0.405672	-0.027320
2.911662	0.344693	0.777412	1.709340	0.250000	-0.405672	-0.027320
2.921449	0.344693	0.777412	1.709340	0.250000	-0.405672	-0.027320
2.931148	0.344693	0.777412	1.709340	0.250000	-0.405672	-0.027320
2.940813	0.342759	0.787195	1.683080	0.250000	-0.328640	-0.025091
2.950735	0.342759	0.787195	1.683080	0.250000	-0.328640	-0.025091
2.960791	0.342759	0.787195	1.683080	0.250000	-0.328640	-0.025091
2.971138	0.342759	0.787195	1.683080	0.250000	-0.328640	-0.025091
2.980906	0.342759	0.787195	1.683080	0.250000	-0.328640	-0.025091
2.990807	0.342759	0.787195	1.683080	0.250000	-0.328640	-0.025091
3.001377	0.342400	0.796767	1.645193	0.250000	-0.213480	-0.019441
3.011249	0.342400	0.796767	1.645193	0.250000	-0.213480	-0.019441
3.020903	0.342400	0.796767	1.645193	0.250000	-0.213480	-0.019441
3.031654	0.342400	0.796767	1.645193	0.250000	-0.213480	-0.019441
3.041451	0.342400	0.796767	1.645193	0.250000	-0.213480	-0.019441
3.051115	0.342400	0.796767	1.645193	0.250000	-0.213480	-0.019441
3.060899	0.342400	0.796767	1.645193	0.250000	-0.213480	-0.019441
3.070752	0.343434	0.806546	1.612831	0.250000	-0.090630	-0.012968
3.081460	0.343434	0.806546	1.612831	0.250000	-0.090630	-0.012968
3.091272	0.343434	0.806546	1.612831	0.250000	-0.090630	-0.012968
3.100986	0.343434	0.806546	1.612831	0.250000	-0.090630	-0.012968
3.111696	0.343434	0.806546	1.612831	0.250000	-0.090630	-0.012968
3.121360	0.343911	0.818422	1.594699	0.250000	-0.013535	-0.008760
3.131202	0.343911	0.818422	1.594699	0.250000	-0.013535	-0.008760
3.140944	0.343911	0.818422	1.594699	0.250000	-0.013535	-0.008760
3.150975	0.343911	0.818422	1.594699	0.250000	-0.013535	-0.008760
3.161444	0.343911	0.818422	1.594699	0.250000	-0.013535	-0.008760
3.171170	0.343911	0.818422	1.594699	0.250000	-0.013535	-0.008760
3.180896	0.343911	0.818422	1.594699	0.250000	-0.013535	-0.008760
3.190791	0.343911	0.818422	1.594699	0.250000	-0.013535	-0.008760
3.201501	0.343911	0.818422	1.594699	0.250000	-0.013535	-0.008760
3.211306	0.343193	0.834063	1.564548	0.250000	0.080202	-0.003652
3.220984	0.343193	0.834063	1.564548	0.250000	0.080202	-0.003652
3.230825	0.343193	0.834063	1.564548	0.250000	0.080202	-0.003652
3.241449	0.343193	0.834063	1.564548	0.250000	0.080202	-0.003652
3.251208	0.343193	0.834063	1.564548	0.250000	0.080202	-0.003652
3.261002	0.343193	0.834063	1.564548	0.250000	0.080202	-0.003652
3.270717	0.342393	0.850665	1.526369	0.250000	0.183838	0.002845
3.281502	0.342393	0.850665	1.526369	0.250000	0.183838	0.002845
3.291382	0.342393	0.850665	1.526369	0.250000	0.183838	0.002845
3.301027	0.342393	0.850665	1.526369	0.250000	0.183838	0.002845
3.310776	0.342393	0.850665	1.526369	0.250000	0.183838	0.002845
3.321498	0.342393	0.850665	1.526369	0.250000	0.183838	0.002845
3.331261	0.342393	0.850665	1.526369	0.250000	0.183838	0.002845
3.340985	0.343391	0.864048	1.490533	0.250000	0.284305	0.009604
3.350854	0.343391	0.864048	1.490533	0.250000	0.284305	0.009604
3.360783	0.343391	0.864048	1.490533	0.250000	0.284305	0.009604
3.370751	0.343391	0.864048	1.490533	0.250000	0.284305	0.009604
3.381088	0.343294	0.877749	1.476976	0.250000	0.300003	0.012454
3.390783	0.343294	0.877749	1.476976	0.250000	0.300003	0.012454
3.400891	0.343294	0.877749	1.476976	0.250000	0.300003	0.012454
3.411275	0.343294	0.877749	1.476976	0.250000	0.300003	0.012454
3.421078	0.343294	0.877749	1.476976	0.250000	0.300003	0.012454
3.430859	0.343294	0.877749	1.476976	0.250000	0.300003	0.012454
3.440821	0.345894	0.886475	1.473471	0.250000	0.315386	0.016163
3.451280	0.345894	0.886475	1.473471	0.250000	0.315386	0.016163
3.461072	0.345894	0.886475	1.473471	0.250000	0.315386	0.016163
3.470801	0.345894	0.886475	1.473471	0.250000	0.315386	0.016163
3.480761	0.345894	0.886475	1.473471	0.250000	0.315386	0.016163
3.491372	0.345764	0.902527	1.470041	0.250000	0.268527	0.016338
3.501688	0.345764	0.902527	1.470041	0.250000	0.268527	0.016338
3.510847	0.345764	0.902527	1.470041	0.250000	0.268527	0.016338
3.521575	0.345764	0.902527	1.470041	0.250000	0.268527	0.016338
3.531318	0.345764	0.902527	1.470041	0.250000	0.268527	0.016338
3.541067	0.346886	0.912783	1.476379	0.250000	0.213485	0.016122
3.550787	0.346886	0.912783	1.476379	0.250000	0.213485	0.016122
3.564536	0.346886	0.912783	1.476379	0.250000	0.213485	0.016122
3.571293	0.346886	0.912783	1.476379	0.250000	0.213485	0.016122
3.580961	0.346886	0.912783	1.476379	0.250000	0.213485	0.016122
3.590844	0.346886	0.912783	1.476379	0.250000	0.213485	0.016122
3.600819	0.346886	0.912783	1.476379	0.250000	0.213485	0.016122
3.610845	0.346148	0.928215	1.489536	0.250000	0.074626	0.011841
3.620842	0.346148	0.928215	1.489536	0.250000	0.074626	0.011841
3.630845	0.346148	0.928215	1.489536	0.250000	0.074626	0.011841
3.640744	0.346148	0.928215	1.489536	0.250000	0.074626	0.011841
3.651092	0.346148	0.928215	1.489536	0.250000	0.074626	0.011841
3.660833	0.346148	0.928215	1.489536	0.250000	0.074626	0.011841
3.670873	0.346148	0.928215	1.489536	0.250000	0.074626	0.011841
3.681628	0.346504	0.941680	1.509456	0.250000	-0.060278	0.006991
3.691409	0.346504	0.941680	1.509456	0.250000	-0.060278	0.006991
3.700825	0.346504	0.941680	1.509456	0.250000	-0.060278	0.006991
3.710943	0.346504	0.941680	1.509456	0.250000	-0.060278	0.006991
3.720768	0.346504	0.941680	1.509456	0.250000	-0.060278	0.006991
3.730805	0.346504	0.941680	1.509456	0.250000	-0.060278	0.006991
3.741170	0.347189	0.957176	1.540169	0.250000	-0.228410	0.000077
3.750981	0.347189	0.957176	1.540169	0.250000	-0.228410	0.000077
3.761726	0.347189	0.957176	1.540169	0.250000	-0.228410	0.000077
3.771409	0.347189	0.957176	1.540169	0.250000	-0.228410	0.000077
3.781125	0.347189	0.957176	1.540169	0.250000	-0.228410	0.000077
3.790900	0.347189	0.957176	1.540169	0.250000	-0.228410	0.000077
3.800749	0.347189	0.957176	1.540169	0.250000	-0.228410	0.000077
3.811514	0.347043	0.971320	1.569877	0.250000	-0.383262	-0.007115
3.821341	0.347043	0.971320	1.569877	0.250000	-0.383262	-0.007115
3.831070	0.347043	0.971320	1.569877	0.250000	-0.383262	-0.007115
3.841692	0.347043	0.971320	1.569877	0.250000	-0.383262	-0.007115
3.851422	0.347043	0.971320	1.569877	0.250000	-0.383262	-0.007115
3.861192	0.347043	0.971320	1.569877	0.250000	-0.383262	-0.007115
3.870947	0.347043	0.971320	1.569877	0.250000	-0.383262	-0.007115
3.880770	0.346368	0.986165	1.591211	0.250000	-0.549359	-0.015202
3.891469	0.346368	0.986165	1.591211	0.250000	-0.549359	-0.015202
3.901274	0.346368	0.986165	1.591211	0.250000	-0.549359	-0.015202
3.911195	0.346368	0.986165	1.591211	0.250000	-0.549359	-0.015202
3.921943	0.346368	0.986165	1.591211	0.250000	-0.549359	-0.015202
3.931527	0.346368	0.986165	1.591211	0.250000	-0.549359	-0.015202
3.941229	0.346368	0.986165	1.591211	0.250000	-0.549359	-0.015202
3.950993	0.344987	1.003157	1.594565	0.250000	-0.679548	-0.022228
3.960775	0.344987	1.003157	1.594565	0.250000	-0.679548	-0.022228
3.971611	0.344987	1.003157	1.594565	0.250000	-0.679548	-0.022228
3.981337	0.344987	1.003157	1.594565	0.250000	-0.679548	-0.022228
3.991044	0.344987	1.003157	1.594565	0.250000	-0.679548	-0.022228
4.000791	0.344944	1.019955	1.579512	0.250000	-0.752805	-0.026250
4.011127	0.344944	1.019955	1.579512	0.250000	-0.752805	-0.026250
4.021327	0.344944	1.019955	1.579512	0.250000	-0.752805	-0.026250
4.031109	0.344944	1.019955	1.579512	0.250000	-0.752805	-0.026250
4.040835	0.344944	1.019955	1.579512	0.250000	-0.752805	-0.026250
4.052017	0.344944	1.019955	1.579512	0.250000	-0.752805	-0.026250
4.063009	0.344944	1.019955	1.579512	0.250000	-0.752805	-0.026250
4.071072	0.344944	1.019955	1.579512	0.250000	-0.752805	-0.026250
4.080842	0.345393	1.033872	1.569655	0.250000	-0.808428	-0.029436
4.091545	0.345393	1.033872	1.569655	0.250000	-0.808428	-0.029436
4.101485	0.345393	1.033872	1.569655	0.250000	-0.808428	-0.029436
4.111120	0.345393	1.033872	1.569655	0.250000	-0.808428	-0.029436
4.120850	0.345393	1.033872	1.569655	0.250000	-0.808428	-0.029436
4.131688	0.345393	1.033872	1.569655	0.250000	-0.808428	-0.029436
4.141352	0.345393	1.033872	1.569655	0.250000	-0.808428	-0.029436
4.151113	0.346101	1.053521	1.527368	0.250000	-0.847526	-0.032540
4.161347	0.346101	1.053521	1.527368	0.250000	-0.847526	-0.032540
4.170784	0.346101	1.053521	1.527368	0.250000	-0.847526	-0.032540
4.181409	0.346101	1.053521	1.527368	0.250000	-0.847526	-0.032540
4.191131	0.346101	1.053521	1.527368	0.250000	-0.847526	-0.032540
4.200823	0.346101	1.053521	1.527368	0.250000	-0.847526	-0.032540
4.211351	0.346101	1.053521	1.527368	0.250000	-0.847526	-0.032540
4.220932	0.346982	1.070284	1.484485	0.250000	-0.861057	-0.034493
4.231178	0.346982	1.070284	1.484485	0.250000	-0.861057	-0.034493
4.240793	0.346982	1.070284	1.484485	0.250000	-0.861057	-0.034493
4.250787	0.346982	1.070284	1.484485	0.250000	-0.861057	-0.034493
4.261401	0.349213	1.084266	1.431210	0.250000	-0.839405	-0.034257
4.271110	0.349213	1.084266	1.431210	0.250000	-0.839405	-0.034257
4.280785	0.349213	1.084266	1.431210	0.250000	-0.839405	-0.034257
4.290752	0.349213	1.084266	1.431210	0.250000	-0.839405	-0.034257
4.301444	0.349213	1.084266	1.431210	0.250000	-0.839405	-0.034257
4.311649	0.349213	1.084266	1.431210	0.250000	-0.839405	-0.034257
4.320947	0.351330	1.095438	1.404067	0.250000	-0.849871	-0.035584
4.330731	0.351330	1.095438	1.404067	0.250000	-0.849871	-0.035584
4.341475	0.351330	1.095438	1.404067	0.250000	-0.849871	-0.035584
4.351285	0.351330	1.095438	1.404067	0.250000	-0.849871	-0.035584
4.360877	0.351330	1.095438	1.404067	0.250000	-0.849871	-0.035584
4.370788	0.353643	1.105895	1.376973	0.250000	-0.858591	-0.036882
4.380809	0.353643	1.105895	1.376973	0.250000	-0.858591	-0.036882
4.390829	0.353643	1.105895	1.376973	0.250000	-0.858591	-0.036882
4.400794	0.353643	1.105895	1.376973	0.250000	-0.858591	-0.036882
4.410814	0.353643	1.105895	1.376973	0.250000	-0.858591	-0.036882
4.420820	0.353643	1.105895	1.376973	0.250000	-0.858591	-0.036882
4.430888	0.353643	1.105895	1.376973	0.250000	-0.858591	-0.036882
4.440923	0.353433	1.122999	1.340855	0.250000	-0.909595	-0.042913
4.450804	0.353433	1.122999	1.340855	0.250000	-0.909595	-0.042913
4.461378	0.353433	1.122999	1.340855	0.250000	-0.909595	-0.042913
4.471197	0.353733	1.136562	1.304509	0.250000	-0.926063	-0.046467
4.481050	0.353733	1.136562	1.304509	0.250000	-0.926063	-0.046467
4.490839	0.353733	1.136562	1.304509	0.250000	-0.926063	-0.046467
4.500839	0.353733	1.136562	1.304509	0.250000	-0.926063	-0.046467
4.511299	0.353733	1.136562	1.304509	0.250000	-0.926063	-0.046467
4.521395	0.353733	1.136562	1.304509	0.250000	-0.926063	-0.046467
4.530778	0.353733	1.136562	1.304509	0.250000	-0.926063	-0.046467
4.541553	0.354418	1.155756	1.254311	0.250000	-0.946050	-0.051609
4.551354	0.354418	1.155756	1.254311	0.250000	-0.946050	-0.051609
4.560799	0.354418	1.155756	1.254311	0.250000	-0.946050	-0.051609
4.570802	0.354418	1.155756	1.254311	0.250000	-0.946050	-0.051609
4.580777	0.354418	1.155756	1.254311	0.250000	-0.946050	-0.051609
4.590828	0.354418	1.155756	1.254311	0.250000	-0.946050	-0.051609
4.601027	0.354418	1.155756	1.254311	0.250000	-0.946050	-0.051609
4.610862	0.361578	1.167972	1.207115	0.250000	-0.899955	-0.049202
4.622369	0.361578	1.167972	1.207115	0.250000	-0.899955	-0.049202
4.631346	0.361578	1.167972	1.207115	0.250000	-0.899955	-0.049202
4.641095	0.361578	1.167972	1.207115	0.250000	-0.899955	-0.049202
4.650805	0.361578	1.167972	1.207115	0.250000	-0.899955	-0.049202
4.660797	0.361578	1.167972	1.207115	0.250000	-0.899955	-0.049202
4.670821	0.361578	1.167972	1.207115	0.250000	-0.899955	-0.049202
4.681125	0.361578	1.167972	1.207115	0.250000	-0.899955	-0.049202
4.690822	0.369931	1.183647	1.157882	0.250000	-0.867784	-0.048317
4.700786	0.369931	1.183647	1.157882	0.250000	-0.867784	-0.048317
4.710789	0.369931	1.183647	1.157882	0.250000	-0.867784	-0.048317
4.721053	0.369931	1.183647	1.157882	0.250000	-0.867784	-0.048317
4.730861	0.369931	1.183647	1.157882	0.250000	-0.867784	-0.048317
4.740743	0.369931	1.183647	1.157882	0.250000	-0.867784	-0.048317
4.751428	0.369931	1.183647	1.157882	0.250000	-0.867784	-0.048317
4.764112	0.379899	1.194930	1.115759	0.250000	-0.803469	-0.043962
4.770869	0.379899	1.194930	1.115759	0.250000	-0.803469	-0.043962
4.781274	0.379899	1.194930	1.115759	0.250000	-0.803469	-0.043962
4.791401	0.379899	1.194930	1.115759	0.250000	-0.803469	-0.043962
4.801115	0.379899	1.194930	1.115759	0.250000	-0.803469	-0.043962
4.810843	0.379899	1.194930	1.115759	0.250000	-0.803469	-0.043962
4.820809	0.379899	1.194930	1.115759	0.250000	-0.803469	-0.043962
4.830844	0.379899	1.194930	1.115759	0.250000	-0.803469	-0.043962
4.841186	0.387448	1.207358	1.083194	0.250000	-0.783721	-0.043629
4.851004	0.387448	1.207358	1.083194	0.250000	-0.783721	-0.043629
4.861028	0.387448	1.207358	1.083194	0.250000	-0.783721	-0.043629
4.871365	0.394120	1.217200	1.044122	0.250000	-0.730427	-0.041008
4.881159	0.394120	1.217200	1.044122	0.250000	-0.730427	-0.041008
4.891044	0.394120	1.217200	1.044122	0.250000	-0.730427	-0.041008
4.901723	0.394120	1.217200	1.044122	0.250000	-0.730427	-0.041008
4.911572	0.394120	1.217200	1.044122	0.250000	-0.730427	-0.041008
4.921213	0.394120	1.217200	1.044122	0.250000	-0.730427	-0.041008
4.930987	0.400202	1.228444	1.015520	0.250000	-0.712062	-0.041054
4.940787	0.400202	1.228444	1.015520	0.250000	-0.712062	-0.041054
4.951587	0.400202	1.228444	1.015520	0.250000	-0.712062	-0.041054
4.961245	0.400202	1.228444	1.015520	0.250000	-0.712062	-0.041054
4.971055	0.405211	1.240302	0.984380	0.250000	-0.700370	-0.042160
4.980789	0.405211	1.240302	0.984380	0.250000	-0.700370	-0.042160
4.990788	0.405211	1.240302	0.984380	0.250000	-0.700370	-0.042160
5.001263	0.405211	1.240302	0.984380	0.250000	-0.700370	-0.042160
5.010871	0.405211	1.240302	0.984380	0.250000	-0.700370	-0.042160
5.020777	0.405211	1.240302	0.984380	0.250000	-0.700370	-0.042160
5.030823	0.405211	1.240302	0.984380	0.250000	-0.700370	-0.042160
5.041227	0.411883	1.251953	0.960120	0.250000	-0.700296	-0.043625
5.051037	0.411883	1.251953	0.960120	0.250000	-0.700296	-0.043625
5.060864	0.411883	1.251953	0.960120	0.250000	-0.700296	-0.043625
5.070823	0.416693	1.259873	0.937742	0.250000	-0.677222	-0.043072
5.080917	0.416693	1.259873	0.937742	0.250000	-0.677222	-0.043072
5.090838	0.416693	1.259873	0.937742	0.250000	-0.677222	-0.043072
5.100822	0.416693	1.259873	0.937742	0.250000	-0.677222	-0.043072
5.111527	0.416693	1.259873	0.937742	0.250000	-0.677222	-0.043072
5.121331	0.416693	1.259873	0.937742	0.250000	-0.677222	-0.043072
5.131064	0.416693	1.259873	0.937742	0.250000	-0.677222	-0.043072
5.140821	0.416693	1.259873	0.937742	0.250000	-0.677222	-0.043072
5.151618	0.416693	1.259873	0.937742	0.250000	-0.677222	-0.043072
5.161301	0.416693	1.259873	0.937742	0.250000	-0.677222	-0.043072
5.171048	0.416693	1.259873	0.937742	0.250000	-0.677222	-0.043072
5.180889	0.416693	1.259873	0.937742	0.250000	-0.677222	-0.043072
5.190807	0.425971	1.272043	0.899431	0.250000	-0.626941	-0.041005
5.200801	0.425971	1.272043	0.899431	0.250000	-0.626941	-0.041005
5.210812	0.425971	1.272043	0.899431	0.250000	-0.626941	-0.041005
5.220881	0.425971	1.272043	0.899431	0.250000	-0.626941	-0.041005
5.230817	0.425971	1.272043	0.899431	0.250000	-0.626941	-0.041005
5.240797	0.425971	1.272043	0.899431	0.250000	-0.626941	-0.041005
5.251078	0.437518	1.273780	0.839714	0.250000	-0.428357	-0.027028
5.261922	0.437518	1.273780	0.839714	0.250000	-0.428357	-0.027028
5.271716	0.437518	1.273780	0.839714	0.250000	-0.428357	-0.027028
5.281362	0.437518	1.273780	0.839714	0.250000	-0.428357	-0.027028
5.292084	0.437518	1.273780	0.839714	0.250000	-0.428357	-0.027028
5.300854	0.437518	1.273780	0.839714	0.250000	-0.428357	-0.027028
5.311606	0.437518	1.273780	0.839714	0.250000	-0.428357	-0.027028
5.321350	0.437518	1.273780	0.839714	0.250000	-0.428357	-0.027028
5.331099	0.437518	1.273780	0.839714	0.250000	-0.428357	-0.027028
5.340858	0.449734	1.292918	0.776799	0.250000	-0.345045	-0.024625
5.350752	0.449734	1.292918	0.776799	0.250000	-0.345045	-0.024625
5.362547	0.460757	1.296905	0.723494	0.250000	-0.164002	-0.013216
5.370873	0.460757	1.296905	0.723494	0.250000	-0.164002	-0.013216
5.380872	0.460757	1.296905	0.723494	0.250000	-0.164002	-0.013216
5.390816	0.460757	1.296905	0.723494	0.250000	-0.164002	-0.013216
5.401376	0.468516	1.308499	0.699762	0.250000	-0.146615	-0.013621
5.411118	0.468516	1.308499	0.699762	0.250000	-0.146615	-0.013621
5.420842	0.468516	1.308499	0.699762	0.250000	-0.146615	-0.013621
5.430814	0.468516	1.308499	0.699762	0.250000	-0.146615	-0.013621
5.441420	0.468516	1.308499	0.699762	0.250000	-0.146615	-0.013621
5.451262	0.468516	1.308499	0.699762	0.250000	-0.146615	-0.013621
5.460922	0.468516	1.308499	0.699762	0.250000	-0.146615	-0.013621
5.471700	0.477978	1.312229	0.673643	0.250000	-0.039082	-0.006718
5.481424	0.477978	1.312229	0.673643	0.250000	-0.039082	-0.006718
5.491329	0.477978	1.312229	0.673643	0.250000	-0.039082	-0.006718
5.500978	0.477978	1.312229	0.673643	0.250000	-0.039082	-0.006718
5.510784	0.477978	1.312229	0.673643	0.250000	-0.039082	-0.006718
5.521408	0.477978	1.312229	0.673643	0.250000	-0.039082	-0.006718
5.531286	0.477978	1.312229	0.673643	0.250000	-0.039082	-0.006718
5.540953	0.486161	1.322165	0.647876	0.250000	0.005986	-0.005184
5.551817	0.486161	1.322165	0.647876	0.250000	0.005986	-0.005184
5.560817	0.486161	1.322165	0.647876	0.250000	0.005986	-0.005184
5.571306	0.494399	1.330799	0.623710	0.250000	0.058287	-0.002994
5.581091	0.494399	1.330799	0.623710	0.250000	0.058287	-0.002994
5.590793	0.494399	1.330799	0.623710	0.250000	0.058287	-0.002994
5.601484	0.494399	1.330799	0.623710	0.250000	0.058287	-0.002994
5.611253	0.494399	1.330799	0.623710	0.250000	0.058287	-0.002994
5.621006	0.494399	1.330799	0.623710	0.250000	0.058287	-0.002994
5.630814	0.494399	1.330799	0.623710	0.250000	0.058287	-0.002994
5.641474	0.494399	1.330799	0.623710	0.250000	0.058287	-0.002994
5.651258	0.502408	1.340508	0.606832	0.250000	0.080059	-0.002834
5.661019	0.502408	1.340508	0.606832	0.250000	0.080059	-0.002834
5.670744	0.502408	1.340508	0.606832	0.250000	0.080059	-0.002834
5.680764	0.502408	1.340508	0.606832	0.250000	0.080059	-0.002834
5.691245	0.511651	1.342999	0.600348	0.250000	0.148394	0.002107
5.701008	0.511651	1.342999	0.600348	0.250000	0.148394	0.002107
5.710767	0.511651	1.342999	0.600348	0.250000	0.148394	0.002107
5.720835	0.511651	1.342999	0.600348	0.250000	0.148394	0.002107
5.730777	0.511651	1.342999	0.600348	0.250000	0.148394	0.002107
5.741073	0.520786	1.354623	0.589401	0.250000	0.152437	0.000973
5.750793	0.520786	1.354623	0.589401	0.250000	0.152437	0.000973
5.760823	0.520786	1.354623	0.589401	0.250000	0.152437	0.000973
5.771314	0.520786	1.354623	0.589401	0.250000	0.152437	0.000973
5.781079	0.529374	1.357657	0.579228	0.250000	0.230949	0.006145
5.790815	0.529374	1.357657	0.579228	0.250000	0.230949	0.006145
5.801545	0.529374	1.357657	0.579228	0.250000	0.230949	0.006145
5.811306	0.529374	1.357657	0.579228	0.250000	0.230949	0.006145
5.821027	0.529374	1.357657	0.579228	0.250000	0.230949	0.006145
5.830850	0.529374	1.357657	0.579228	0.250000	0.230949	0.006145
5.841595	0.529374	1.357657	0.579228	0.250000	0.230949	0.006145
5.851417	0.538102	1.370917	0.575666	0.250000	0.202263	0.002570
5.861120	0.538102	1.370917	0.575666	0.250000	0.202263	0.002570
5.870862	0.538102	1.370917	0.575666	0.250000	0.202263	0.002570
5.881595	0.538102	1.370917	0.575666	0.250000	0.202263	0.002570
5.891317	0.538102	1.370917	0.575666	0.250000	0.202263	0.002570
5.901138	0.550187	1.376986	0.574619	0.250000	0.264698	0.006619
5.910919	0.550187	1.376986	0.574619	0.250000	0.264698	0.006619
5.921614	0.550187	1.376986	0.574619	0.250000	0.264698	0.006619
5.931640	0.550187	1.376986	0.574619	0.250000	0.264698	0.006619
5.941225	0.550187	1.376986	0.574619	0.250000	0.264698	0.006619
5.950855	0.550187	1.376986	0.574619	0.250000	0.264698	0.006619
5.961647	0.562367	1.377244	0.583436	0.250000	0.351447	0.013737
5.971384	0.562367	1.377244	0.583436	0.250000	0.351447	0.013737
5.981149	0.562367	1.377244	0.583436	0.250000	0.351447	0.013737
5.990922	0.562367	1.377244	0.583436	0.250000	0.351447	0.013737
6.000848	0.562367	1.377244	0.583436	0.250000	0.351447	0.013737
6.010811	0.562367	1.377244	0.583436	0.250000	0.351447	0.013737
6.021179	0.562367	1.377244	0.583436	0.250000	0.351447	0.013737
6.030973	0.576021	1.378714	0.590385	0.250000	0.441206	0.021016
6.041644	0.576021	1.378714	0.590385	0.250000	0.441206	0.021016
6.051483	0.586866	1.381487	0.602718	0.250000	0.488666	0.025055
6.061230	0.586866	1.381487	0.602718	0.250000	0.488666	0.025055
6.070932	0.586866	1.381487	0.602718	0.250000	0.488666	0.025055
6.080789	0.586866	1.381487	0.602718	0.250000	0.488666	0.025055
6.091400	0.597985	1.391812	0.614794	0.250000	0.486254	0.023884
6.101104	0.597985	1.391812	0.614794	0.250000	0.486254	0.023884
6.111075	0.597985	1.391812	0.614794	0.250000	0.486254	0.023884
6.120843	0.597985	1.391812	0.614794	0.250000	0.486254	0.023884
6.130807	0.597985	1.391812	0.614794	0.250000	0.486254	0.023884
6.140770	0.597985	1.391812	0.614794	0.250000	0.486254	0.023884
6.150801	0.604410	1.399693	0.626852	0.250000	0.467744	0.021576
