t	x(t)	y(t)	theta(t)	v(t)	gamma(t)	efa
0.000358	0.693464	0.171069	1.627496	0.250000	-0.901636	-0.028668
0.002707	0.693464	0.171069	1.627496	0.250000	-0.901636	-0.028668
0.010942	0.693464	0.171069	1.627496	0.250000	-0.901636	-0.028668
0.020895	0.693464	0.171069	1.627496	0.250000	-0.901636	-0.028668
0.031285	0.693464	0.171069	1.627496	0.250000	-0.901636	-0.028668
0.040890	0.693464	0.171069	1.627496	0.250000	-0.901636	-0.028668
0.050851	0.693464	0.171069	1.627496	0.250000	-0.901636	-0.028668
0.063543	0.693464	0.171069	1.627496	0.250000	-0.901636	-0.028668
0.071314	0.693464	0.171069	1.627496	0.250000	-0.901636	-0.028668
0.081068	0.693464	0.171069	1.627496	0.250000	-0.901636	-0.028668
0.090927	0.694004	0.170214	1.624467	0.250000	-0.889472	-0.027819
0.100866	0.694004	0.170214	1.624467	0.250000	-0.889472	-0.027819
0.110912	0.694004	0.170214	1.624467	0.250000	-0.889472	-0.027819
0.121003	0.694004	0.170214	1.624467	0.250000	-0.889472	-0.027819
0.130951	0.694004	0.170214	1.624467	0.250000	-0.889472	-0.027819
0.141046	0.694004	0.170214	1.624467	0.250000	-0.889472	-0.027819
0.150907	0.694004	0.170214	1.624467	0.250000	-0.889472	-0.027819
0.160951	0.694004	0.170214	1.624467	0.250000	-0.889472	-0.027819
0.170885	0.694004	0.170214	1.624467	0.250000	-0.889472	-0.027819
0.181634	0.694004	0.170214	1.624467	0.250000	-0.889472	-0.027819
0.191386	0.694004	0.170214	1.624467	0.250000	-0.889472	-0.027819
0.201086	0.694004	0.170214	1.624467	0.250000	-0.889472	-0.027819
0.210871	0.694004	0.170214	1.624467	0.250000	-0.889472	-0.027819
0.221610	0.694004	0.170214	1.624467	0.250000	-0.889472	-0.027819
0.230913	0.694004	0.170214	1.624467	0.250000	-0.889472	-0.027819
0.240850	0.694004	0.170214	1.624467	0.250000	-0.889472	-0.027819
0.250987	0.694004	0.170214	1.624467	0.250000	-0.889472	-0.027819
0.260882	0.694004	0.170214	1.624467	0.250000	-0.889472	-0.027819
0.271512	0.694004	0.170214	1.624467	0.250000	-0.889472	-0.027819
0.281293	0.694004	0.170214	1.624467	0.250000	-0.889472	-0.027819
0.290949	0.694004	0.170214	1.624467	0.250000	-0.889472	-0.027819
0.301585	0.694004	0.170214	1.624467	0.250000	-0.889472	-0.027819
0.310869	0.694004	0.170214	1.624467	0.250000	-0.889472	-0.027819
0.320959	0.693795	0.177242	1.602483	0.250000	-0.901947	-0.028883
0.330928	0.693795	0.177242	1.602483	0.250000	-0.901947	-0.028883
0.341110	0.693795	0.177242	1.602483	0.250000	-0.901947	-0.028883
0.350870	0.693795	0.177242	1.602483	0.250000	-0.901947	-0.028883
0.360973	0.693795	0.177242	1.602483	0.250000	-0.901947	-0.028883
0.370882	0.692961	0.189545	1.580377	0.250000	-0.950043	-0.032640
0.381649	0.692961	0.189545	1.580377	0.250000	-0.950043	-0.032640
0.391435	0.692961	0.189545	1.580377	0.250000	-0.950043	-0.032640
0.400913	0.692961	0.189545	1.580377	0.250000	-0.950043	-0.032640
0.411037	0.692961	0.189545	1.580377	0.250000	-0.950043	-0.032640
0.420918	0.692961	0.189545	1.580377	0.250000	-0.950043	-0.032640
0.431127	0.692961	0.189545	1.580377	0.250000	-0.950043	-0.032640
0.441184	0.693099	0.203222	1.548515	0.250000	-0.994638	-0.036811
0.450985	0.693099	0.203222	1.548515	0.250000	-0.994638	-0.036811
0.461691	0.693099	0.203222	1.548515	0.250000	-0.994638	-0.036811
0.471376	0.693099	0.203222	1.548515	0.250000	-0.994638	-0.036811
0.481230	0.693099	0.203222	1.548515	0.250000	-0.994638	-0.036811
0.491004	0.693099	0.203222	1.548515	0.250000	-0.994638	-0.036811
0.501680	0.693099	0.203222	1.548515	0.250000	-0.994638	-0.036811
0.511473	0.693099	0.203222	1.548515	0.250000	-0.994638	-0.036811
0.521146	0.693099	0.203222	1.548515	0.250000	-0.994638	-0.036811
0.530879	0.693099	0.203222	1.548515	0.250000	-0.994638	-0.036811
0.541671	0.694242	0.220879	1.504719	0.250000	-1.003666	-0.039452
0.550929	0.694242	0.220879	1.504719	0.250000	-1.003666	-0.039452
0.561290	0.694242	0.220879	1.504719	0.250000	-1.003666	-0.039452
0.571074	0.694242	0.220879	1.504719	0.250000	-1.003666	-0.039452
0.580967	0.694242	0.220879	1.504719	0.250000	-1.003666	-0.039452
0.591111	0.694242	0.220879	1.504719	0.250000	-1.003666	-0.039452
0.602846	0.694242	0.220879	1.504719	0.250000	-1.003666	-0.039452
0.610916	0.694242	0.220879	1.504719	0.250000	-1.003666	-0.039452
0.621799	0.694242	0.220879	1.504719	0.250000	-1.003666	-0.039452
0.631068	0.694242	0.220879	1.504719	0.250000	-1.003666	-0.039452
0.641060	0.694242	0.220879	1.504719	0.250000	-1.003666	-0.039452
0.651099	0.694242	0.220879	1.504719	0.250000	-1.003666	-0.039452
0.661789	0.698386	0.242674	1.437141	0.250000	-1.006496	-0.043505
0.671496	0.698386	0.242674	1.437141	0.250000	-1.006496	-0.043505
0.681334	0.698386	0.242674	1.437141	0.250000	-1.006496	-0.043505
0.691074	0.698386	0.242674	1.437141	0.250000	-1.006496	-0.043505
0.700816	0.698386	0.242674	1.437141	0.250000	-1.006496	-0.043505
0.710811	0.705044	0.262852	1.372912	0.250000	-0.960864	-0.043877
0.720867	0.705044	0.262852	1.372912	0.250000	-0.960864	-0.043877
0.731118	0.705044	0.262852	1.372912	0.250000	-0.960864	-0.043877
0.740871	0.705044	0.262852	1.372912	0.250000	-0.960864	-0.043877
0.752024	0.705044	0.262852	1.372912	0.250000	-0.960864	-0.043877
0.761338	0.705044	0.262852	1.372912	0.250000	-0.960864	-0.043877
0.771092	0.705044	0.262852	1.372912	0.250000	-0.960864	-0.043877
0.780808	0.705044	0.262852	1.372912	0.250000	-0.960864	-0.043877
0.791678	0.705044	0.262852	1.372912	0.250000	-0.960864	-0.043877
0.801352	0.705044	0.262852	1.372912	0.250000	-0.960864	-0.043877
0.811056	0.705044	0.262852	1.372912	0.250000	-0.960864	-0.043877
0.820853	0.705044	0.262852	1.372912	0.250000	-0.960864	-0.043877
0.831569	0.705044	0.262852	1.372912	0.250000	-0.960864	-0.043877
0.841302	0.705044	0.262852	1.372912	0.250000	-0.960864	-0.043877
0.850934	0.705044	0.262852	1.372912	0.250000	-0.960864	-0.043877
0.860848	0.705044	0.262852	1.372912	0.250000	-0.960864	-0.043877
0.871584	0.705044	0.262852	1.372912	0.250000	-0.960864	-0.043877
0.881342	0.705044	0.262852	1.372912	0.250000	-0.960864	-0.043877
0.891190	0.705044	0.262852	1.372912	0.250000	-0.960864	-0.043877
0.901171	0.705044	0.262852	1.372912	0.250000	-0.960864	-0.043877
0.911640	0.705044	0.262852	1.372912	0.250000	-0.960864	-0.043877
0.921432	0.705044	0.262852	1.372912	0.250000	-0.960864	-0.043877
0.930889	0.705044	0.262852	1.372912	0.250000	-0.960864	-0.043877
0.940923	0.705044	0.262852	1.372912	0.250000	-0.960864	-0.043877
0.951091	0.705044	0.262852	1.372912	0.250000	-0.960864	-0.043877
0.961352	0.705044	0.262852	1.372912	0.250000	-0.960864	-0.043877
0.970908	0.705044	0.262852	1.372912	0.250000	-0.960864	-0.043877
0.980904	0.705044	0.262852	1.372912	0.250000	-0.960864	-0.043877
0.990973	0.705044	0.262852	1.372912	0.250000	-0.960864	-0.043877
1.000915	0.705044	0.262852	1.372912	0.250000	-0.960864	-0.043877
1.011198	0.705044	0.262852	1.372912	0.250000	-0.960864	-0.043877
1.020930	0.710718	0.285720	1.311407	0.250000	-0.928262	-0.046411
1.030865	0.710718	0.285720	1.311407	0.250000	-0.928262	-0.046411
1.040836	0.710718	0.285720	1.311407	0.250000	-0.928262	-0.046411
1.051375	0.710718	0.285720	1.311407	0.250000	-0.928262	-0.046411
1.060879	0.710718	0.285720	1.311407	0.250000	-0.928262	-0.046411
1.070900	0.710718	0.285720	1.311407	0.250000	-0.928262	-0.046411
1.080837	0.710718	0.285720	1.311407	0.250000	-0.928262	-0.046411
1.090941	0.718633	0.313715	1.236086	0.250000	-0.874163	-0.049603
1.100909	0.718633	0.313715	1.236086	0.250000	-0.874163	-0.049603
1.110941	0.718633	0.313715	1.236086	0.250000	-0.874163	-0.049603
1.121501	0.718633	0.313715	1.236086	0.250000	-0.874163	-0.049603
1.130944	0.718633	0.313715	1.236086	0.250000	-0.874163	-0.049603
1.141082	0.726064	0.345855	1.157575	0.250000	-0.809014	-0.054554
1.151852	0.726064	0.345855	1.157575	0.250000	-0.809014	-0.054554
1.160971	0.726064	0.345855	1.157575	0.250000	-0.809014	-0.054554
1.170903	0.726064	0.345855	1.157575	0.250000	-0.809014	-0.054554
1.180826	0.726064	0.345855	1.157575	0.250000	-0.809014	-0.054554
1.190862	0.726064	0.345855	1.157575	0.250000	-0.809014	-0.054554
1.201469	0.726064	0.345855	1.157575	0.250000	-0.809014	-0.054554
1.211246	0.726064	0.345855	1.157575	0.250000	-0.809014	-0.054554
1.220997	0.726064	0.345855	1.157575	0.250000	-0.809014	-0.054554
1.230911	0.726064	0.345855	1.157575	0.250000	-0.809014	-0.054554
1.241478	0.726064	0.345855	1.157575	0.250000	-0.809014	-0.054554
1.252434	0.737053	0.370677	1.081518	0.250000	-0.659432	-0.051333
1.261074	0.737053	0.370677	1.081518	0.250000	-0.659432	-0.051333
1.270855	0.737053	0.370677	1.081518	0.250000	-0.659432	-0.051333
1.281515	0.737053	0.370677	1.081518	0.250000	-0.659432	-0.051333
1.291320	0.737053	0.370677	1.081518	0.250000	-0.659432	-0.051333
1.301002	0.737053	0.370677	1.081518	0.250000	-0.659432	-0.051333
1.310914	0.749689	0.383628	1.030412	0.250000	-0.512167	-0.041284
1.320906	0.749689	0.383628	1.030412	0.250000	-0.512167	-0.041284
1.331299	0.749689	0.383628	1.030412	0.250000	-0.512167	-0.041284
1.341084	0.749689	0.383628	1.030412	0.250000	-0.512167	-0.041284
1.350880	0.749689	0.383628	1.030412	0.250000	-0.512167	-0.041284
1.360864	0.749689	0.383628	1.030412	0.250000	-0.512167	-0.041284
1.372620	0.758718	0.398628	0.978170	0.250000	-0.417695	-0.035185
1.381352	0.758718	0.398628	0.978170	0.250000	-0.417695	-0.035185
1.391066	0.758718	0.398628	0.978170	0.250000	-0.417695	-0.035185
1.400890	0.758718	0.398628	0.978170	0.250000	-0.417695	-0.035185
1.410902	0.758718	0.398628	0.978170	0.250000	-0.417695	-0.035185
1.421004	0.758718	0.398628	0.978170	0.250000	-0.417695	-0.035185
1.430852	0.769774	0.409302	0.929696	0.250000	-0.283206	-0.025717
1.441578	0.769774	0.409302	0.929696	0.250000	-0.283206	-0.025717
1.450904	0.769774	0.409302	0.929696	0.250000	-0.283206	-0.025717
1.460916	0.769774	0.409302	0.929696	0.250000	-0.283206	-0.025717
1.470843	0.769774	0.409302	0.929696	0.250000	-0.283206	-0.025717
1.481616	0.769774	0.409302	0.929696	0.250000	-0.283206	-0.025717
1.491420	0.769774	0.409302	0.929696	0.250000	-0.283206	-0.025717
1.501101	0.769774	0.409302	0.929696	0.250000	-0.283206	-0.025717
1.510912	0.769774	0.409302	0.929696	0.250000	-0.283206	-0.025717
1.520873	0.769774	0.409302	0.929696	0.250000	-0.283206	-0.025717
1.532719	0.769774	0.409302	0.929696	0.250000	-0.283206	-0.025717
1.541167	0.777142	0.425880	0.883378	0.250000	-0.226645	-0.023229
1.550980	0.777142	0.425880	0.883378	0.250000	-0.226645	-0.023229
1.560885	0.777142	0.425880	0.883378	0.250000	-0.226645	-0.023229
1.572531	0.777142	0.425880	0.883378	0.250000	-0.226645	-0.023229
1.581178	0.777142	0.425880	0.883378	0.250000	-0.226645	-0.023229
1.590953	0.777142	0.425880	0.883378	0.250000	-0.226645	-0.023229
1.602904	0.777142	0.425880	0.883378	0.250000	-0.226645	-0.023229
1.610867	0.777142	0.425880	0.883378	0.250000	-0.226645	-0.023229
1.621204	0.777142	0.425880	0.883378	0.250000	-0.226645	-0.023229
1.630925	0.777142	0.425880	0.883378	0.250000	-0.226645	-0.023229
1.641661	0.777142	0.425880	0.883378	0.250000	-0.226645	-0.023229
1.651612	0.777142	0.425880	0.883378	0.250000	-0.226645	-0.023229
1.661190	0.793501	0.438631	0.811245	0.250000	0.011895	-0.007993
1.670918	0.793501	0.438631	0.811245	0.250000	0.011895	-0.007993
1.681719	0.793501	0.438631	0.811245	0.250000	0.011895	-0.007993
1.691611	0.793501	0.438631	0.811245	0.250000	0.011895	-0.007993
1.700932	0.793501	0.438631	0.811245	0.250000	0.011895	-0.007993
1.710913	0.793501	0.438631	0.811245	0.250000	0.011895	-0.007993
1.721122	0.793501	0.438631	0.811245	0.250000	0.011895	-0.007993
1.730872	0.793501	0.438631	0.811245	0.250000	0.011895	-0.007993
1.741224	0.793501	0.438631	0.811245	0.250000	0.011895	-0.007993
1.751107	0.793501	0.438631	0.811245	0.250000	0.011895	-0.007993
1.761693	0.793501	0.438631	0.811245	0.250000	0.011895	-0.007993
1.771561	0.793501	0.438631	0.811245	0.250000	0.011895	-0.007993
1.781271	0.810711	0.454958	0.746629	0.250000	0.224432	0.004573
1.791032	0.810711	0.454958	0.746629	0.250000	0.224432	0.004573
1.800851	0.810711	0.454958	0.746629	0.250000	0.224432	0.004573
1.810872	0.810711	0.454958	0.746629	0.250000	0.224432	0.004573
1.820960	0.810711	0.454958	0.746629	0.250000	0.224432	0.004573
1.830929	0.827294	0.470142	0.690979	0.250000	0.414175	0.015467
1.843945	0.827294	0.470142	0.690979	0.250000	0.414175	0.015467
1.851944	0.827294	0.470142	0.690979	0.250000	0.414175	0.015467
1.861063	0.827294	0.470142	0.690979	0.250000	0.414175	0.015467
1.871139	0.827294	0.470142	0.690979	0.250000	0.414175	0.015467
1.880872	0.827294	0.470142	0.690979	0.250000	0.414175	0.015467
1.891054	0.827294	0.470142	0.690979	0.250000	0.414175	0.015467
1.901296	0.840267	0.485580	0.660414	0.250000	0.513960	0.020435
1.911082	0.840267	0.485580	0.660414	0.250000	0.513960	0.020435
1.921845	0.840267	0.485580	0.660414	0.250000	0.513960	0.020435
1.930851	0.840267	0.485580	0.660414	0.250000	0.513960	0.020435
1.941308	0.840267	0.485580	0.660414	0.250000	0.513960	0.020435
1.951068	0.849220	0.493312	0.648801	0.250000	0.582284	0.024546
1.960866	0.849220	0.493312	0.648801	0.250000	0.582284	0.024546
1.971582	0.849220	0.493312	0.648801	0.250000	0.582284	0.024546
1.981314	0.849220	0.493312	0.648801	0.250000	0.582284	0.024546
1.991237	0.849220	0.493312	0.648801	0.250000	0.582284	0.024546
2.002877	0.849220	0.493312	0.648801	0.250000	0.582284	0.024546
2.010858	0.863947	0.496079	0.639460	0.250000	0.708254	0.034691
2.021002	0.863947	0.496079	0.639460	0.250000	0.708254	0.034691
2.030903	0.863947	0.496079	0.639460	0.250000	0.708254	0.034691
2.040860	0.863947	0.496079	0.639460	0.250000	0.708254	0.034691
2.051764	0.863947	0.496079	0.639460	0.250000	0.708254	0.034691
2.060898	0.863947	0.496079	0.639460	0.250000	0.708254	0.034691
2.070884	0.874870	0.504542	0.651419	0.250000	0.748545	0.037805
2.080883	0.874870	0.504542	0.651419	0.250000	0.748545	0.037805
2.096566	0.874870	0.504542	0.651419	0.250000	0.748545	0.037805
2.100814	0.874870	0.504542	0.651419	0.250000	0.748545	0.037805
2.110956	0.874870	0.504542	0.651419	0.250000	0.748545	0.037805
2.120925	0.874870	0.504542	0.651419	0.250000	0.748545	0.037805
2.131293	0.874870	0.504542	0.651419	0.250000	0.748545	0.037805
2.140954	0.874870	0.504542	0.651419	0.250000	0.748545	0.037805
2.151336	0.874870	0.504542	0.651419	0.250000	0.748545	0.037805
2.161025	0.874870	0.504542	0.651419	0.250000	0.748545	0.037805
2.170953	0.874870	0.504542	0.651419	0.250000	0.748545	0.037805
2.181453	0.874870	0.504542	0.651419	0.250000	0.748545	0.037805
2.191231	0.874870	0.504542	0.651419	0.250000	0.748545	0.037805
2.202875	0.884851	0.516423	0.675903	0.250000	0.735271	0.036337
2.211684	0.884851	0.516423	0.675903	0.250000	0.735271	0.036337
2.221472	0.884851	0.516423	0.675903	0.250000	0.735271	0.036337
2.231010	0.884851	0.516423	0.675903	0.250000	0.735271	0.036337
2.240915	0.884851	0.516423	0.675903	0.250000	0.735271	0.036337
2.250923	0.884851	0.516423	0.675903	0.250000	0.735271	0.036337
2.261483	0.884851	0.516423	0.675903	0.250000	0.735271	0.036337
2.271206	0.884851	0.516423	0.675903	0.250000	0.735271	0.036337
2.280990	0.884851	0.516423	0.675903	0.250000	0.735271	0.036337
2.291717	0.884851	0.516423	0.675903	0.250000	0.735271	0.036337
2.301469	0.884851	0.516423	0.675903	0.250000	0.735271	0.036337
2.310915	0.896578	0.537493	0.753941	0.250000	0.608640	0.026138
2.321307	0.896578	0.537493	0.753941	0.250000	0.608640	0.026138
2.331707	0.896578	0.537493	0.753941	0.250000	0.608640	0.026138
2.341466	0.896578	0.537493	0.753941	0.250000	0.608640	0.026138
2.351551	0.896578	0.537493	0.753941	0.250000	0.608640	0.026138
2.361067	0.896578	0.537493	0.753941	0.250000	0.608640	0.026138
2.370857	0.912815	0.554978	0.832446	0.250000	0.545241	0.021616
2.381499	0.912815	0.554978	0.832446	0.250000	0.545241	0.021616
2.391309	0.912815	0.554978	0.832446	0.250000	0.545241	0.021616
2.400905	0.912815	0.554978	0.832446	0.250000	0.545241	0.021616
2.410925	0.912815	0.554978	0.832446	0.250000	0.545241	0.021616
2.420907	0.912815	0.554978	0.832446	0.250000	0.545241	0.021616
2.430903	0.928294	0.573934	0.913374	0.250000	0.519286	0.018034
2.441210	0.928294	0.573934	0.913374	0.250000	0.519286	0.018034
2.450892	0.928294	0.573934	0.913374	0.250000	0.519286	0.018034
2.460974	0.928294	0.573934	0.913374	0.250000	0.519286	0.018034
2.470924	0.928294	0.573934	0.913374	0.250000	0.519286	0.018034
2.480949	0.928294	0.573934	0.913374	0.250000	0.519286	0.018034
2.490886	0.928294	0.573934	0.913374	0.250000	0.519286	0.018034
2.501699	0.928294	0.573934	0.913374	0.250000	0.519286	0.018034
2.511372	0.928294	0.573934	0.913374	0.250000	0.519286	0.018034
2.521111	0.928294	0.573934	0.913374	0.250000	0.519286	0.018034
2.530848	0.928294	0.573934	0.913374	0.250000	0.519286	0.018034
2.541558	0.938296	0.587999	0.959336	0.250000	0.546642	0.017266
2.551656	0.938296	0.587999	0.959336	0.250000	0.546642	0.017266
2.561201	0.938296	0.587999	0.959336	0.250000	0.546642	0.017266
2.573567	0.938296	0.587999	0.959336	0.250000	0.546642	0.017266
2.581587	0.938296	0.587999	0.959336	0.250000	0.546642	0.017266
2.591368	0.938296	0.587999	0.959336	0.250000	0.546642	0.017266
2.601112	0.938296	0.587999	0.959336	0.250000	0.546642	0.017266
2.610903	0.938296	0.587999	0.959336	0.250000	0.546642	0.017266
2.620893	0.938296	0.587999	0.959336	0.250000	0.546642	0.017266
2.630888	0.938296	0.587999	0.959336	0.250000	0.546642	0.017266
2.640982	0.938296	0.587999	0.959336	0.250000	0.546642	0.017266
2.650986	0.938296	0.587999	0.959336	0.250000	0.546642	0.017266
2.660993	0.938296	0.587999	0.959336	0.250000	0.546642	0.017266
2.671388	0.946518	0.602276	1.013351	0.250000	0.557143	0.015208
2.681177	0.946518	0.602276	1.013351	0.250000	0.557143	0.015208
2.690945	0.946518	0.602276	1.013351	0.250000	0.557143	0.015208
2.701654	0.946518	0.602276	1.013351	0.250000	0.557143	0.015208
2.711397	0.946518	0.602276	1.013351	0.250000	0.557143	0.015208
2.721215	0.946518	0.602276	1.013351	0.250000	0.557143	0.015208
2.730894	0.957816	0.619892	1.071488	0.250000	0.603635	0.016359
2.741637	0.957816	0.619892	1.071488	0.250000	0.603635	0.016359
2.751915	0.957816	0.619892	1.071488	0.250000	0.603635	0.016359
2.761175	0.957816	0.619892	1.071488	0.250000	0.603635	0.016359
2.770905	0.957816	0.619892	1.071488	0.250000	0.603635	0.016359
2.780897	0.957816	0.619892	1.071488	0.250000	0.603635	0.016359
2.790906	0.957816	0.619892	1.071488	0.250000	0.603635	0.016359
2.801014	0.957816	0.619892	1.071488	0.250000	0.603635	0.016359
2.810910	0.957816	0.619892	1.071488	0.250000	0.603635	0.016359
2.820943	0.957816	0.619892	1.071488	0.250000	0.603635	0.016359
2.830948	0.966168	0.637810	1.134484	0.250000	0.606491	0.015844
2.841187	0.966168	0.637810	1.134484	0.250000	0.606491	0.015844
2.850961	0.966168	0.637810	1.134484	0.250000	0.606491	0.015844
2.861378	0.966168	0.637810	1.134484	0.250000	0.606491	0.015844
2.872393	0.966168	0.637810	1.134484	0.250000	0.606491	0.015844
2.881006	0.966168	0.637810	1.134484	0.250000	0.606491	0.015844
2.890978	0.966168	0.637810	1.134484	0.250000	0.606491	0.015844
2.900835	0.978313	0.654787	1.189509	0.250000	0.645296	0.020153
2.911509	0.978313	0.654787	1.189509	0.250000	0.645296	0.020153
2.920930	0.978313	0.654787	1.189509	0.250000	0.645296	0.020153
2.930926	0.978313	0.654787	1.189509	0.250000	0.645296	0.020153
2.940885	0.978313	0.654787	1.189509	0.250000	0.645296	0.020153
2.950894	0.978313	0.654787	1.189509	0.250000	0.645296	0.020153
2.961224	0.978313	0.654787	1.189509	0.250000	0.645296	0.020153
2.970862	0.983962	0.672220	1.242667	0.250000	0.634900	0.020823
2.981774	0.983962	0.672220	1.242667	0.250000	0.634900	0.020823
2.990885	0.983962	0.672220	1.242667	0.250000	0.634900	0.020823
3.001906	0.983962	0.672220	1.242667	0.250000	0.634900	0.020823
3.010889	0.983962	0.672220	1.242667	0.250000	0.634900	0.020823
3.021000	0.983962	0.672220	1.242667	0.250000	0.634900	0.020823
3.030986	0.983962	0.672220	1.242667	0.250000	0.634900	0.020823
3.041025	0.991489	0.691474	1.291759	0.250000	0.634763	0.023757
3.051078	0.991489	0.691474	1.291759	0.250000	0.634763	0.023757
3.060993	0.991489	0.691474	1.291759	0.250000	0.634763	0.023757
3.070938	0.991489	0.691474	1.291759	0.250000	0.634763	0.023757
3.080948	0.991489	0.691474	1.291759	0.250000	0.634763	0.023757
3.090973	0.991489	0.691474	1.291759	0.250000	0.634763	0.023757
3.100916	0.991489	0.691474	1.291759	0.250000	0.634763	0.023757
3.110857	0.991489	0.691474	1.291759	0.250000	0.634763	0.023757
3.121314	0.992554	0.709783	1.337063	0.250000	0.549434	0.020235
3.130942	0.992554	0.709783	1.337063	0.250000	0.549434	0.020235
3.140924	0.992554	0.709783	1.337063	0.250000	0.549434	0.020235
3.151783	0.992554	0.709783	1.337063	0.250000	0.549434	0.020235
3.161349	0.992554	0.709783	1.337063	0.250000	0.549434	0.020235
3.170908	0.996587	0.725193	1.376516	0.250000	0.507392	0.020925
3.180874	0.996587	0.725193	1.376516	0.250000	0.507392	0.020925
3.190904	0.996587	0.725193	1.376516	0.250000	0.507392	0.020925
3.200943	0.996587	0.725193	1.376516	0.250000	0.507392	0.020925
3.211271	0.996587	0.725193	1.376516	0.250000	0.507392	0.020925
3.220887	0.996587	0.725193	1.376516	0.250000	0.507392	0.020925
3.231583	0.996587	0.725193	1.376516	0.250000	0.507392	0.020925
3.241073	0.996738	0.736299	1.461619	0.250000	0.300451	0.011131
3.250955	0.996738	0.736299	1.461619	0.250000	0.300451	0.011131
3.260902	0.996738	0.736299	1.461619	0.250000	0.300451	0.011131
3.270859	0.996738	0.736299	1.461619	0.250000	0.300451	0.011131
3.281003	0.996738	0.736299	1.461619	0.250000	0.300451	0.011131
3.291183	0.996738	0.736299	1.461619	0.250000	0.300451	0.011131
3.300881	0.996738	0.736299	1.461619	0.250000	0.300451	0.011131
3.310871	0.996738	0.736299	1.461619	0.250000	0.300451	0.011131
3.321375	0.996738	0.736299	1.461619	0.250000	0.300451	0.011131
3.331142	0.996738	0.736299	1.461619	0.250000	0.300451	0.011131
3.340860	1.003119	0.751001	1.514699	0.250000	0.238456	0.011066
3.351825	1.003119	0.751001	1.514699	0.250000	0.238456	0.011066
3.361376	1.003119	0.751001	1.514699	0.250000	0.238456	0.011066
3.371141	1.003119	0.751001	1.514699	0.250000	0.238456	0.011066
3.381002	1.003119	0.751001	1.514699	0.250000	0.238456	0.011066
3.392296	1.003119	0.751001	1.514699	0.250000	0.238456	0.011066
3.401474	1.003119	0.751001	1.514699	0.250000	0.238456	0.011066
3.411184	1.003119	0.751001	1.514699	0.250000	0.238456	0.011066
3.420967	1.003119	0.751001	1.514699	0.250000	0.238456	0.011066
3.431682	1.003119	0.751001	1.514699	0.250000	0.238456	0.011066
3.441453	1.003119	0.751001	1.514699	0.250000	0.238456	0.011066
3.451356	1.003119	0.751001	1.514699	0.250000	0.238456	0.011066
3.460906	1.003119	0.751001	1.514699	0.250000	0.238456	0.011066
3.471640	1.003119	0.751001	1.514699	0.250000	0.238456	0.011066
3.481404	1.003119	0.751001	1.514699	0.250000	0.238456	0.011066
3.491199	1.003119	0.751001	1.514699	0.250000	0.238456	0.011066
3.500965	1.003119	0.751001	1.514699	0.250000	0.238456	0.011066
3.511691	1.003119	0.751001	1.514699	0.250000	0.238456	0.011066
3.520822	1.003119	0.751001	1.514699	0.250000	0.238456	0.011066
3.531212	1.003119	0.751001	1.514699	0.250000	0.238456	0.011066
3.541126	1.003119	0.751001	1.514699	0.250000	0.238456	0.011066
3.550879	1.003119	0.751001	1.514699	0.250000	0.238456	0.011066
3.561091	1.003119	0.751001	1.514699	0.250000	0.238456	0.011066
3.571744	1.003119	0.751001	1.514699	0.250000	0.238456	0.011066
3.580967	1.003119	0.751001	1.514699	0.250000	0.238456	0.011066
3.592077	1.003119	0.751001	1.514699	0.250000	0.238456	0.011066
3.601517	1.003119	0.751001	1.514699	0.250000	0.238456	0.011066
3.611259	1.003119	0.751001	1.514699	0.250000	0.238456	0.011066
3.621031	1.003119	0.751001	1.514699	0.250000	0.238456	0.011066
3.631773	1.003119	0.751001	1.514699	0.250000	0.238456	0.011066
3.640997	1.003119	0.751001	1.514699	0.250000	0.238456	0.011066
3.651561	1.003119	0.751001	1.514699	0.250000	0.238456	0.011066
3.661104	1.003119	0.751001	1.514699	0.250000	0.238456	0.011066
3.670911	1.003119	0.751001	1.514699	0.250000	0.238456	0.011066
3.680790	1.002996	0.777897	1.640318	0.250000	-0.093147	-0.005063
3.691309	1.002996	0.777897	1.640318	0.250000	-0.093147	-0.005063
3.700979	1.002996	0.777897	1.640318	0.250000	-0.093147	-0.005063
3.711723	1.002996	0.777897	1.640318	0.250000	-0.093147	-0.005063
3.720950	1.002996	0.777897	1.640318	0.250000	-0.093147	-0.005063
3.731080	1.000943	0.817652	1.676476	0.250000	-0.214201	-0.010777
3.742284	1.000943	0.817652	1.676476	0.250000	-0.214201	-0.010777
3.750893	1.000943	0.817652	1.676476	0.250000	-0.214201	-0.010777
3.760846	1.000943	0.817652	1.676476	0.250000	-0.214201	-0.010777
3.770888	1.000943	0.817652	1.676476	0.250000	-0.214201	-0.010777
3.780923	1.000943	0.817652	1.676476	0.250000	-0.214201	-0.010777
3.790881	1.000943	0.817652	1.676476	0.250000	-0.214201	-0.010777
3.801037	1.000943	0.817652	1.676476	0.250000	-0.214201	-0.010777
3.810854	1.000943	0.817652	1.676476	0.250000	-0.214201	-0.010777
3.820990	1.000943	0.817652	1.676476	0.250000	-0.214201	-0.010777
3.830985	1.000943	0.817652	1.676476	0.250000	-0.214201	-0.010777
3.840966	1.000943	0.817652	1.676476	0.250000	-0.214201	-0.010777
3.850867	1.000943	0.817652	1.676476	0.250000	-0.214201	-0.010777
3.860887	1.000943	0.817652	1.676476	0.250000	-0.214201	-0.010777
3.870943	0.991231	0.859123	1.756558	0.250000	-0.534991	-0.030708
3.880865	0.991231	0.859123	1.756558	0.250000	-0.534991	-0.030708
3.890849	0.991231	0.859123	1.756558	0.250000	-0.534991	-0.030708
3.901172	0.991231	0.859123	1.756558	0.250000	-0.534991	-0.030708
3.911638	0.984274	0.886152	1.758892	0.250000	-0.620300	-0.037904
3.921644	0.984274	0.886152	1.758892	0.250000	-0.620300	-0.037904
3.930891	0.984274	0.886152	1.758892	0.250000	-0.620300	-0.037904
3.941147	0.984274	0.886152	1.758892	0.250000	-0.620300	-0.037904
3.950922	0.984274	0.886152	1.758892	0.250000	-0.620300	-0.037904
3.961642	0.984274	0.886152	1.758892	0.250000	-0.620300	-0.037904
3.970872	0.984274	0.886152	1.758892	0.250000	-0.620300	-0.037904
3.980902	0.984274	0.886152	1.758892	0.250000	-0.620300	-0.037904
3.990891	0.984274	0.886152	1.758892	0.250000	-0.620300	-0.037904
4.000874	0.978783	0.902330	1.788531	0.250000	-0.742524	-0.047119
4.010908	0.978783	0.902330	1.788531	0.250000	-0.742524	-0.047119
4.021180	0.978783	0.902330	1.788531	0.250000	-0.742524	-0.047119
4.031116	0.978783	0.902330	1.788531	0.250000	-0.742524	-0.047119
4.040899	0.978783	0.902330	1.788531	0.250000	-0.742524	-0.047119
4.051017	0.978783	0.902330	1.788531	0.250000	-0.742524	-0.047119
4.060976	0.978783	0.902330	1.788531	0.250000	-0.742524	-0.047119
4.070951	0.978783	0.902330	1.788531	0.250000	-0.742524	-0.047119
4.080909	0.978783	0.902330	1.788531	0.250000	-0.742524	-0.047119
4.091513	0.978783	0.902330	1.788531	0.250000	-0.742524	-0.047119
4.101209	0.978783	0.902330	1.788531	0.250000	-0.742524	-0.047119
4.111022	0.978783	0.902330	1.788531	0.250000	-0.742524	-0.047119
4.120965	0.978783	0.902330	1.788531	0.250000	-0.742524	-0.047119
4.131109	0.978783	0.902330	1.788531	0.250000	-0.742524	-0.047119
4.141066	0.978783	0.902330	1.788531	0.250000	-0.742524	-0.047119
4.151165	0.972820	0.928176	1.792309	0.250000	-0.806631	-0.053198
4.163250	0.972820	0.928176	1.792309	0.250000	-0.806631	-0.053198
4.170973	0.972820	0.928176	1.792309	0.250000	-0.806631	-0.053198
4.181085	0.972820	0.928176	1.792309	0.250000	-0.806631	-0.053198
4.191557	0.972820	0.928176	1.792309	0.250000	-0.806631	-0.053198
4.200888	0.972820	0.928176	1.792309	0.250000	-0.806631	-0.053198
4.211557	0.972820	0.928176	1.792309	0.250000	-0.806631	-0.053198
4.220970	0.972820	0.928176	1.792309	0.250000	-0.806631	-0.053198
4.230915	0.967732	0.953946	1.775072	0.250000	-0.827561	-0.056905
4.240884	0.967732	0.953946	1.775072	0.250000	-0.827561	-0.056905
4.250932	0.967732	0.953946	1.775072	0.250000	-0.827561	-0.056905
4.260889	0.967732	0.953946	1.775072	0.250000	-0.827561	-0.056905
4.271063	0.967732	0.953946	1.775072	0.250000	-0.827561	-0.056905
4.280848	0.967732	0.953946	1.775072	0.250000	-0.827561	-0.056905
4.290870	0.967732	0.953946	1.775072	0.250000	-0.827561	-0.056905
4.301286	0.967732	0.953946	1.775072	0.250000	-0.827561	-0.056905
4.312580	0.967732	0.953946	1.775072	0.250000	-0.827561	-0.056905
4.321129	0.967732	0.953946	1.775072	0.250000	-0.827561	-0.056905
4.330937	0.967732	0.953946	1.775072	0.250000	-0.827561	-0.056905
4.340955	0.967732	0.953946	1.775072	0.250000	-0.827561	-0.056905
4.350981	0.962633	0.986149	1.731195	0.250000	-0.792510	-0.057087
4.360898	0.962633	0.986149	1.731195	0.250000	-0.792510	-0.057087
4.370896	0.962633	0.986149	1.731195	0.250000	-0.792510	-0.057087
4.381316	0.962633	0.986149	1.731195	0.250000	-0.792510	-0.057087
4.390965	0.962633	0.986149	1.731195	0.250000	-0.792510	-0.057087
4.400879	0.962633	0.986149	1.731195	0.250000	-0.792510	-0.057087
4.410959	0.962633	0.986149	1.731195	0.250000	-0.792510	-0.057087
4.421331	0.962633	0.986149	1.731195	0.250000	-0.792510	-0.057087
4.430943	0.958860	1.006212	1.681232	0.250000	-0.729982	-0.055067
4.440879	0.958860	1.006212	1.681232	0.250000	-0.729982	-0.055067
4.451067	0.958860	1.006212	1.681232	0.250000	-0.729982	-0.055067
4.461368	0.958860	1.006212	1.681232	0.250000	-0.729982	-0.055067
4.471091	0.958860	1.006212	1.681232	0.250000	-0.729982	-0.055067
4.480931	0.958860	1.006212	1.681232	0.250000	-0.729982	-0.055067
4.491623	0.958860	1.006212	1.681232	0.250000	-0.729982	-0.055067
4.502012	0.958860	1.006212	1.681232	0.250000	-0.729982	-0.055067
4.512250	0.958860	1.006212	1.681232	0.250000	-0.729982	-0.055067
4.520949	0.958860	1.006212	1.681232	0.250000	-0.729982	-0.055067
4.530984	0.958860	1.006212	1.681232	0.250000	-0.729982	-0.055067
4.540891	0.958860	1.006212	1.681232	0.250000	-0.729982	-0.055067
4.551058	0.958860	1.006212	1.681232	0.250000	-0.729982	-0.055067
4.560945	0.958860	1.006212	1.681232	0.250000	-0.729982	-0.055067
4.571646	0.957309	1.034712	1.615908	0.250000	-0.622535	-0.049493
4.581427	0.957309	1.034712	1.615908	0.250000	-0.622535	-0.049493
4.590946	0.957309	1.034712	1.615908	0.250000	-0.622535	-0.049493
4.600898	0.957309	1.034712	1.615908	0.250000	-0.622535	-0.049493
4.611689	0.957309	1.034712	1.615908	0.250000	-0.622535	-0.049493
4.620941	0.957309	1.034712	1.615908	0.250000	-0.622535	-0.049493
4.631122	0.957309	1.034712	1.615908	0.250000	-0.622535	-0.049493
4.640969	0.964351	1.055403	1.551284	0.250000	-0.418901	-0.034613
4.651286	0.964351	1.055403	1.551284	0.250000	-0.418901	-0.034613
4.661469	0.964351	1.055403	1.551284	0.250000	-0.418901	-0.034613
4.671255	0.964351	1.055403	1.551284	0.250000	-0.418901	-0.034613
4.680940	0.964351	1.055403	1.551284	0.250000	-0.418901	-0.034613
4.692126	0.964351	1.055403	1.551284	0.250000	-0.418901	-0.034613
4.701507	0.964351	1.055403	1.551284	0.250000	-0.418901	-0.034613
4.711237	0.964351	1.055403	1.551284	0.250000	-0.418901	-0.034613
4.721793	0.964351	1.055403	1.551284	0.250000	-0.418901	-0.034613
4.731700	0.964351	1.055403	1.551284	0.250000	-0.418901	-0.034613
4.741495	0.964351	1.055403	1.551284	0.250000	-0.418901	-0.034613
4.751567	0.964351	1.055403	1.551284	0.250000	-0.418901	-0.034613
4.761007	0.965963	1.081290	1.476488	0.250000	-0.233103	-0.024020
4.771748	0.965963	1.081290	1.476488	0.250000	-0.233103	-0.024020
4.781501	0.965963	1.081290	1.476488	0.250000	-0.233103	-0.024020
4.791243	0.965963	1.081290	1.476488	0.250000	-0.233103	-0.024020
4.801011	0.965963	1.081290	1.476488	0.250000	-0.233103	-0.024020
4.811705	0.965963	1.081290	1.476488	0.250000	-0.233103	-0.024020
4.821951	0.965963	1.081290	1.476488	0.250000	-0.233103	-0.024020
4.831079	0.965963	1.081290	1.476488	0.250000	-0.233103	-0.024020
4.841058	0.965963	1.081290	1.476488	0.250000	-0.233103	-0.024020
4.850874	0.965963	1.081290	1.476488	0.250000	-0.233103	-0.024020
4.860825	0.965963	1.081290	1.476488	0.250000	-0.233103	-0.024020
4.870887	0.967765	1.102500	1.409763	0.250000	-0.041455	-0.013758
4.881004	0.967765	1.102500	1.409763	0.250000	-0.041455	-0.013758
4.891029	0.967765	1.102500	1.409763	0.250000	-0.041455	-0.013758
4.900929	0.967765	1.102500	1.409763	0.250000	-0.041455	-0.013758
4.911408	0.967765	1.102500	1.409763	0.250000	-0.041455	-0.013758
4.921089	0.967765	1.102500	1.409763	0.250000	-0.041455	-0.013758
4.930863	0.967765	1.102500	1.409763	0.250000	-0.041455	-0.013758
4.941481	0.965196	1.130807	1.359469	0.250000	0.070659	-0.010388
4.951583	0.965196	1.130807	1.359469	0.250000	0.070659	-0.010388
4.961084	0.965196	1.130807	1.359469	0.250000	0.070659	-0.010388
4.971803	0.965196	1.130807	1.359469	0.250000	0.070659	-0.010388
4.981589	0.965196	1.130807	1.359469	0.250000	0.070659	-0.010388
4.991377	0.965196	1.130807	1.359469	0.250000	0.070659	-0.010388
5.001984	0.966848	1.147729	1.316448	0.250000	0.215871	-0.003423
5.011769	0.966848	1.147729	1.316448	0.250000	0.215871	-0.003423
5.020942	0.966848	1.147729	1.316448	0.250000	0.215871	-0.003423
5.030914	0.966848	1.147729	1.316448	0.250000	0.215871	-0.003423
5.041096	0.966848	1.147729	1.316448	0.250000	0.215871	-0.003423
5.050899	0.966848	1.147729	1.316448	0.250000	0.215871	-0.003423
5.062758	0.980798	1.165122	1.275862	0.250000	0.498725	0.014910
5.071841	0.980798	1.165122	1.275862	0.250000	0.498725	0.014910
5.081040	0.980798	1.165122	1.275862	0.250000	0.498725	0.014910
5.091069	0.980798	1.165122	1.275862	0.250000	0.498725	0.014910
5.100994	0.980798	1.165122	1.275862	0.250000	0.498725	0.014910
5.110876	0.980798	1.165122	1.275862	0.250000	0.498725	0.014910
5.121154	0.980798	1.165122	1.275862	0.250000	0.498725	0.014910
5.130878	0.980798	1.165122	1.275862	0.250000	0.498725	0.014910
5.140926	0.980798	1.165122	1.275862	0.250000	0.498725	0.014910
5.150882	0.980798	1.165122	1.275862	0.250000	0.498725	0.014910
5.160978	0.980798	1.165122	1.275862	0.250000	0.498725	0.014910
5.171869	0.980798	1.165122	1.275862	0.250000	0.498725	0.014910
5.181641	0.980798	1.165122	1.275862	0.250000	0.498725	0.014910
5.191465	0.986134	1.182001	1.244097	0.250000	0.662222	0.023921
5.201247	0.986134	1.182001	1.244097	0.250000	0.662222	0.023921
5.210926	0.986134	1.182001	1.244097	0.250000	0.662222	0.023921
5.220945	0.986134	1.182001	1.244097	0.250000	0.662222	0.023921
5.231056	0.986134	1.182001	1.244097	0.250000	0.662222	0.023921
5.241084	0.986134	1.182001	1.244097	0.250000	0.662222	0.023921
5.250931	1.002666	1.198393	1.221366	0.250000	0.912575	0.042615
5.260935	1.002666	1.198393	1.221366	0.250000	0.912575	0.042615
5.270910	1.002666	1.198393	1.221366	0.250000	0.912575	0.042615
5.281235	1.002666	1.198393	1.221366	0.250000	0.912575	0.042615
5.291000	1.002666	1.198393	1.221366	0.250000	0.912575	0.042615
5.300902	1.002666	1.198393	1.221366	0.250000	0.912575	0.042615
5.311448	1.010037	1.217364	1.228541	0.250000	1.000473	0.048609
5.321246	1.010037	1.217364	1.228541	0.250000	1.000473	0.048609
5.330924	1.010037	1.217364	1.228541	0.250000	1.000473	0.048609
5.341730	1.010037	1.217364	1.228541	0.250000	1.000473	0.048609
5.351676	1.010037	1.217364	1.228541	0.250000	1.000473	0.048609
5.361291	1.010037	1.217364	1.228541	0.250000	1.000473	0.048609
5.371917	1.013798	1.230542	1.252550	0.250000	1.050029	0.051852
5.380995	1.013798	1.230542	1.252550	0.250000	1.050029	0.051852
5.390959	1.013798	1.230542	1.252550	0.250000	1.050029	0.051852
5.401293	1.013798	1.230542	1.252550	0.250000	1.050029	0.051852
5.411915	1.013798	1.230542	1.252550	0.250000	1.050029	0.051852
5.421749	1.013798	1.230542	1.252550	0.250000	1.050029	0.051852
5.431168	1.013798	1.230542	1.252550	0.250000	1.050029	0.051852
5.441342	1.005742	1.240069	1.297854	0.250000	0.945001	0.041258
5.451036	1.005742	1.240069	1.297854	0.250000	0.945001	0.041258
5.461812	1.005742	1.240069	1.297854	0.250000	0.945001	0.041258
5.471526	1.005742	1.240069	1.297854	0.250000	0.945001	0.041258
5.481280	1.005742	1.240069	1.297854	0.250000	0.945001	0.041258
5.491070	1.005742	1.240069	1.297854	0.250000	0.945001	0.041258
5.501817	0.998219	1.251392	1.349938	0.250000	0.850295	0.031670
5.511797	0.998219	1.251392	1.349938	0.250000	0.850295	0.031670
5.521359	0.998219	1.251392	1.349938	0.250000	0.850295	0.031670
5.531001	0.998219	1.251392	1.349938	0.250000	0.850295	0.031670
5.541846	0.998219	1.251392	1.349938	0.250000	0.850295	0.031670
5.550921	0.998219	1.251392	1.349938	0.250000	0.850295	0.031670
5.561311	0.998219	1.251392	1.349938	0.250000	0.850295	0.031670
5.572732	0.998219	1.251392	1.349938	0.250000	0.850295	0.031670
5.580909	0.998219	1.251392	1.349938	0.250000	0.850295	0.031670
5.591753	0.998219	1.251392	1.349938	0.250000	0.850295	0.031670
5.601465	0.998219	1.251392	1.349938	0.250000	0.850295	0.031670
5.611078	0.998219	1.251392	1.349938	0.250000	0.850295	0.031670
5.620904	0.998219	1.251392	1.349938	0.250000	0.850295	0.031670
5.631589	1.003012	1.273504	1.402865	0.250000	0.932124	0.036080
5.641425	1.003012	1.273504	1.402865	0.250000	0.932124	0.036080
5.651257	1.003012	1.273504	1.402865	0.250000	0.932124	0.036080
5.660939	1.003012	1.273504	1.402865	0.250000	0.932124	0.036080
5.671611	1.003012	1.273504	1.402865	0.250000	0.932124	0.036080
5.681485	1.003012	1.273504	1.402865	0.250000	0.932124	0.036080
5.691127	1.003012	1.273504	1.402865	0.250000	0.932124	0.036080
5.700995	1.003012	1.273504	1.402865	0.250000	0.932124	0.036080
5.711026	1.003012	1.273504	1.402865	0.250000	0.932124	0.036080
5.720950	1.003012	1.273504	1.402865	0.250000	0.932124	0.036080
5.730911	1.003012	1.273504	1.402865	0.250000	0.932124	0.036080
5.740911	1.003012	1.273504	1.402865	0.250000	0.932124	0.036080
5.751878	1.003012	1.273504	1.402865	0.250000	0.932124	0.036080
5.761377	1.003012	1.273504	1.402865	0.250000	0.932124	0.036080
5.771132	1.007500	1.301444	1.557183	0.250000	0.885026	0.033703
5.780920	1.007500	1.301444	1.557183	0.250000	0.885026	0.033703
5.791589	1.007500	1.301444	1.557183	0.250000	0.885026	0.033703
5.801445	1.007500	1.301444	1.557183	0.250000	0.885026	0.033703
5.811150	1.007500	1.301444	1.557183	0.250000	0.885026	0.033703
5.820986	1.007500	1.301444	1.557183	0.250000	0.885026	0.033703
5.831665	1.007500	1.301444	1.557183	0.250000	0.885026	0.033703
5.843133	1.007500	1.301444	1.557183	0.250000	0.885026	0.033703
5.851377	1.007500	1.301444	1.557183	0.250000	0.885026	0.033703
5.860954	1.007500	1.301444	1.557183	0.250000	0.885026	0.033703
5.870857	1.007500	1.301444	1.557183	0.250000	0.885026	0.033703
5.880977	1.007500	1.301444	1.557183	0.250000	0.885026	0.033703
5.892421	1.009914	1.332806	1.623474	0.250000	0.987013	0.040126
5.900983	1.009914	1.332806	1.623474	0.250000	0.987013	0.040126
5.911396	1.009914	1.332806	1.623474	0.250000	0.987013	0.040126
5.921483	1.009914	1.332806	1.623474	0.250000	0.987013	0.040126
5.930962	1.009914	1.332806	1.623474	0.250000	0.987013	0.040126
5.940976	1.009914	1.332806	1.623474	0.250000	0.987013	0.040126
5.952138	1.009914	1.332806	1.623474	0.250000	0.987013	0.040126
5.961529	1.009914	1.332806	1.623474	0.250000	0.987013	0.040126
5.971302	1.006080	1.347736	1.692479	0.250000	0.964892	0.037806
5.981009	1.006080	1.347736	1.692479	0.250000	0.964892	0.037806
5.991709	1.006080	1.347736	1.692479	0.250000	0.964892	0.037806
6.001540	1.006080	1.347736	1.692479	0.250000	0.964892	0.037806
6.011065	1.006080	1.347736	1.692479	0.250000	0.964892	0.037806
6.020902	1.006080	1.347736	1.692479	0.250000	0.964892	0.037806
6.030869	1.006080	1.347736	1.692479	0.250000	0.964892	0.037806
6.040938	1.006080	1.347736	1.692479	0.250000	0.964892	0.037806
6.051002	1.006080	1.347736	1.692479	0.250000	0.964892	0.037806
6.060972	1.006080	1.347736	1.692479	0.250000	0.964892	0.037806
6.070875	1.006080	1.347736	1.692479	0.250000	0.964892	0.037806
6.080878	1.006080	1.347736	1.692479	0.250000	0.964892	0.037806
6.090958	1.006080	1.347736	1.692479	0.250000	0.964892	0.037806
6.101029	1.005547	1.378474	1.799570	0.250000	1.050486	0.045443
6.111785	1.005547	1.378474	1.799570	0.250000	1.050486	0.045443
6.121548	1.005547	1.378474	1.799570	0.250000	1.050486	0.045443
6.130963	1.005547	1.378474	1.799570	0.250000	1.050486	0.045443
6.140986	1.005547	1.378474	1.799570	0.250000	1.050486	0.045443
6.150882	1.001920	1.399766	1.858920	0.250000	1.097216	0.049974
6.160907	1.001920	1.399766	1.858920	0.250000	1.097216	0.049974
6.171060	1.001920	1.399766	1.858920	0.250000	1.097216	0.049974
6.181092	1.001920	1.399766	1.858920	0.250000	1.097216	0.049974
6.191858	1.001920	1.399766	1.858920	0.250000	1.097216	0.049974
6.200970	0.998633	1.420090	2.059646	0.250000	0.911754	0.043220
6.211281	0.998633	1.420090	2.059646	0.250000	0.911754	0.043220
6.221895	0.998633	1.420090	2.059646	0.250000	0.911754	0.043220
6.230980	0.998633	1.420090	2.059646	0.250000	0.911754	0.043220
6.240863	0.998633	1.420090	2.059646	0.250000	0.911754	0.043220
6.250940	0.998633	1.420090	2.059646	0.250000	0.911754	0.043220
6.261063	0.998633	1.420090	2.059646	0.250000	0.911754	0.043220
6.270877	0.992497	1.422620	1.962341	0.250000	1.066299	0.049466
6.281141	0.992497	1.422620	1.962341	0.250000	1.066299	0.049466
6.290918	0.992497	1.422620	1.962341	0.250000	1.066299	0.049466
6.300966	0.992497	1.422620	1.962341	0.250000	1.066299	0.049466
6.311001	0.992497	1.422620	1.962341	0.250000	1.066299	0.049466
6.321652	0.992497	1.422620	1.962341	0.250000	1.066299	0.049466
6.331257	0.992497	1.422620	1.962341	0.250000	1.066299	0.049466
6.341161	0.987804	1.435333	1.998843	0.250000	1.074168	0.051185
