t	x(t)	y(t)	theta(t)	v(t)	gamma(t)	efa
0.000389	0.694366	0.153311	1.586226	0.250000	-0.704817	-0.018162
0.002752	0.694366	0.153311	1.586226	0.250000	-0.704817	-0.018162
0.011267	0.694366	0.153311	1.586226	0.250000	-0.704817	-0.018162
0.020911	0.694366	0.153311	1.586226	0.250000	-0.704817	-0.018162
0.030903	0.694366	0.153311	1.586226	0.250000	-0.704817	-0.018162
0.041510	0.694366	0.153311	1.586226	0.250000	-0.704817	-0.018162
0.051296	0.694366	0.153311	1.586226	0.250000	-0.704817	-0.018162
0.060980	0.694366	0.153311	1.586226	0.250000	-0.704817	-0.018162
0.071766	0.694366	0.153311	1.586226	0.250000	-0.704817	-0.018162
0.080911	0.694366	0.153311	1.586226	0.250000	-0.704817	-0.018162
0.092604	0.692372	0.154999	1.592946	0.250000	-0.743485	-0.020972
0.100965	0.692372	0.154999	1.592946	0.250000	-0.743485	-0.020972
0.111709	0.692372	0.154999	1.592946	0.250000	-0.743485	-0.020972
0.121455	0.692372	0.154999	1.592946	0.250000	-0.743485	-0.020972
0.131256	0.692372	0.154999	1.592946	0.250000	-0.743485	-0.020972
0.140997	0.692372	0.154999	1.592946	0.250000	-0.743485	-0.020972
0.151720	0.692956	0.153549	1.593342	0.250000	-0.738209	-0.020470
0.161006	0.692956	0.153549	1.593342	0.250000	-0.738209	-0.020470
0.171008	0.692956	0.153549	1.593342	0.250000	-0.738209	-0.020470
0.181017	0.692956	0.153549	1.593342	0.250000	-0.738209	-0.020470
0.192673	0.692956	0.153549	1.593342	0.250000	-0.738209	-0.020470
0.201108	0.692956	0.153549	1.593342	0.250000	-0.738209	-0.020470
0.210948	0.692956	0.153549	1.593342	0.250000	-0.738209	-0.020470
0.220933	0.692956	0.153549	1.593342	0.250000	-0.738209	-0.020470
0.231987	0.691266	0.156898	1.603099	0.250000	-0.779571	-0.023285
0.241500	0.691266	0.156898	1.603099	0.250000	-0.779571	-0.023285
0.251281	0.691266	0.156898	1.603099	0.250000	-0.779571	-0.023285
0.261243	0.691266	0.156898	1.603099	0.250000	-0.779571	-0.023285
0.270921	0.691266	0.156898	1.603099	0.250000	-0.779571	-0.023285
0.280896	0.691266	0.156898	1.603099	0.250000	-0.779571	-0.023285
0.290975	0.694095	0.160942	1.584632	0.250000	-0.766605	-0.021413
0.300976	0.694095	0.160942	1.584632	0.250000	-0.766605	-0.021413
0.310982	0.694095	0.160942	1.584632	0.250000	-0.766605	-0.021413
0.320909	0.694095	0.160942	1.584632	0.250000	-0.766605	-0.021413
0.331349	0.694095	0.160942	1.584632	0.250000	-0.766605	-0.021413
0.341081	0.694095	0.160942	1.584632	0.250000	-0.766605	-0.021413
0.350799	0.694893	0.170653	1.558397	0.250000	-0.787858	-0.022493
0.361652	0.694893	0.170653	1.558397	0.250000	-0.787858	-0.022493
0.371344	0.694893	0.170653	1.558397	0.250000	-0.787858	-0.022493
0.381070	0.694893	0.170653	1.558397	0.250000	-0.787858	-0.022493
0.390821	0.694893	0.170653	1.558397	0.250000	-0.787858	-0.022493
0.401607	0.694893	0.170653	1.558397	0.250000	-0.787858	-0.022493
0.411323	0.694893	0.170653	1.558397	0.250000	-0.787858	-0.022493
0.421092	0.697754	0.181302	1.508455	0.250000	-0.729037	-0.019005
0.430895	0.697754	0.181302	1.508455	0.250000	-0.729037	-0.019005
0.442560	0.697754	0.181302	1.508455	0.250000	-0.729037	-0.019005
0.451425	0.697754	0.181302	1.508455	0.250000	-0.729037	-0.019005
0.461879	0.697754	0.181302	1.508455	0.250000	-0.729037	-0.019005
0.470901	0.697754	0.181302	1.508455	0.250000	-0.729037	-0.019005
0.480912	0.697754	0.181302	1.508455	0.250000	-0.729037	-0.019005
0.492708	0.697754	0.181302	1.508455	0.250000	-0.729037	-0.019005
0.501119	0.697754	0.181302	1.508455	0.250000	-0.729037	-0.019005
0.510874	0.697754	0.181302	1.508455	0.250000	-0.729037	-0.019005
0.520923	0.697754	0.181302	1.508455	0.250000	-0.729037	-0.019005
0.531386	0.697754	0.181302	1.508455	0.250000	-0.729037	-0.019005
0.541174	0.699143	0.198332	1.459759	0.250000	-0.752089	-0.021711
0.551047	0.699143	0.198332	1.459759	0.250000	-0.752089	-0.021711
0.560987	0.699143	0.198332	1.459759	0.250000	-0.752089	-0.021711
0.571100	0.699143	0.198332	1.459759	0.250000	-0.752089	-0.021711
0.581162	0.699143	0.198332	1.459759	0.250000	-0.752089	-0.021711
0.591054	0.699143	0.198332	1.459759	0.250000	-0.752089	-0.021711
0.600920	0.699143	0.198332	1.459759	0.250000	-0.752089	-0.021711
0.611033	0.700486	0.217857	1.417455	0.250000	-0.792439	-0.026453
0.621026	0.700486	0.217857	1.417455	0.250000	-0.792439	-0.026453
0.630949	0.700486	0.217857	1.417455	0.250000	-0.792439	-0.026453
0.640925	0.700486	0.217857	1.417455	0.250000	-0.792439	-0.026453
0.650905	0.700486	0.217857	1.417455	0.250000	-0.792439	-0.026453
0.661091	0.700486	0.217857	1.417455	0.250000	-0.792439	-0.026453
0.670979	0.700486	0.217857	1.417455	0.250000	-0.792439	-0.026453
0.680904	0.700486	0.217857	1.417455	0.250000	-0.792439	-0.026453
0.691569	0.700486	0.217857	1.417455	0.250000	-0.792439	-0.026453
0.700934	0.700486	0.217857	1.417455	0.250000	-0.792439	-0.026453
0.710952	0.700486	0.217857	1.417455	0.250000	-0.792439	-0.026453
0.720887	0.700486	0.217857	1.417455	0.250000	-0.792439	-0.026453
0.731562	0.704055	0.237914	1.365434	0.250000	-0.806501	-0.030385
0.740963	0.704055	0.237914	1.365434	0.250000	-0.806501	-0.030385
0.750911	0.704055	0.237914	1.365434	0.250000	-0.806501	-0.030385
0.761790	0.704055	0.237914	1.365434	0.250000	-0.806501	-0.030385
0.770896	0.704055	0.237914	1.365434	0.250000	-0.806501	-0.030385
0.780903	0.704933	0.260822	1.316685	0.250000	-0.836933	-0.036909
0.791008	0.704933	0.260822	1.316685	0.250000	-0.836933	-0.036909
0.801759	0.704933	0.260822	1.316685	0.250000	-0.836933	-0.036909
0.810949	0.704933	0.260822	1.316685	0.250000	-0.836933	-0.036909
0.820939	0.704933	0.260822	1.316685	0.250000	-0.836933	-0.036909
0.831119	0.704933	0.260822	1.316685	0.250000	-0.836933	-0.036909
0.841826	0.704933	0.260822	1.316685	0.250000	-0.836933	-0.036909
0.851732	0.704933	0.260822	1.316685	0.250000	-0.836933	-0.036909
0.862280	0.704933	0.260822	1.316685	0.250000	-0.836933	-0.036909
0.871143	0.704933	0.260822	1.316685	0.250000	-0.836933	-0.036909
0.881788	0.704933	0.260822	1.316685	0.250000	-0.836933	-0.036909
0.892415	0.704933	0.260822	1.316685	0.250000	-0.836933	-0.036909
0.901278	0.704933	0.260822	1.316685	0.250000	-0.836933	-0.036909
0.911062	0.711325	0.280477	1.259218	0.250000	-0.797107	-0.038136
0.921813	0.711325	0.280477	1.259218	0.250000	-0.797107	-0.038136
0.930914	0.711325	0.280477	1.259218	0.250000	-0.797107	-0.038136
0.941310	0.711325	0.280477	1.259218	0.250000	-0.797107	-0.038136
0.951186	0.711325	0.280477	1.259218	0.250000	-0.797107	-0.038136
0.961070	0.711325	0.280477	1.259218	0.250000	-0.797107	-0.038136
0.971627	0.718403	0.300169	1.205914	0.250000	-0.748876	-0.039061
0.981351	0.718403	0.300169	1.205914	0.250000	-0.748876	-0.039061
0.992437	0.718403	0.300169	1.205914	0.250000	-0.748876	-0.039061
1.000834	0.718403	0.300169	1.205914	0.250000	-0.748876	-0.039061
1.011019	0.718403	0.300169	1.205914	0.250000	-0.748876	-0.039061
1.021331	0.718403	0.300169	1.205914	0.250000	-0.748876	-0.039061
1.031353	0.728992	0.313412	1.164705	0.250000	-0.649636	-0.034353
1.040888	0.728992	0.313412	1.164705	0.250000	-0.649636	-0.034353
1.051643	0.728992	0.313412	1.164705	0.250000	-0.649636	-0.034353
1.061546	0.728992	0.313412	1.164705	0.250000	-0.649636	-0.034353
1.071199	0.728992	0.313412	1.164705	0.250000	-0.649636	-0.034353
1.080907	0.728992	0.313412	1.164705	0.250000	-0.649636	-0.034353
1.091605	0.728992	0.313412	1.164705	0.250000	-0.649636	-0.034353
1.101389	0.728992	0.313412	1.164705	0.250000	-0.649636	-0.034353
1.111109	0.735647	0.329441	1.119633	0.250000	-0.576615	-0.033358
1.120884	0.735647	0.329441	1.119633	0.250000	-0.576615	-0.033358
1.131005	0.735647	0.329441	1.119633	0.250000	-0.576615	-0.033358
1.141690	0.735647	0.329441	1.119633	0.250000	-0.576615	-0.033358
1.151229	0.735647	0.329441	1.119633	0.250000	-0.576615	-0.033358
1.161050	0.735647	0.329441	1.119633	0.250000	-0.576615	-0.033358
1.171660	0.742510	0.343755	1.084383	0.250000	-0.503263	-0.031573
1.181399	0.742510	0.343755	1.084383	0.250000	-0.503263	-0.031573
1.191259	0.742510	0.343755	1.084383	0.250000	-0.503263	-0.031573
1.200927	0.742510	0.343755	1.084383	0.250000	-0.503263	-0.031573
1.211164	0.742510	0.343755	1.084383	0.250000	-0.503263	-0.031573
1.220899	0.742510	0.343755	1.084383	0.250000	-0.503263	-0.031573
1.231250	0.742510	0.343755	1.084383	0.250000	-0.503263	-0.031573
1.241021	0.749823	0.354924	1.035573	0.250000	-0.368542	-0.025709
1.250913	0.749823	0.354924	1.035573	0.250000	-0.368542	-0.025709
1.261214	0.749823	0.354924	1.035573	0.250000	-0.368542	-0.025709
1.270947	0.749823	0.354924	1.035573	0.250000	-0.368542	-0.025709
1.280943	0.749823	0.354924	1.035573	0.250000	-0.368542	-0.025709
1.291966	0.749823	0.354924	1.035573	0.250000	-0.368542	-0.025709
1.300930	0.749823	0.354924	1.035573	0.250000	-0.368542	-0.025709
1.311201	0.749823	0.354924	1.035573	0.250000	-0.368542	-0.025709
1.321090	0.749823	0.354924	1.035573	0.250000	-0.368542	-0.025709
1.331040	0.749823	0.354924	1.035573	0.250000	-0.368542	-0.025709
1.340938	0.749823	0.354924	1.035573	0.250000	-0.368542	-0.025709
1.350956	0.749823	0.354924	1.035573	0.250000	-0.368542	-0.025709
1.361139	0.759980	0.370144	0.983059	0.250000	-0.225191	-0.018763
1.371771	0.759980	0.370144	0.983059	0.250000	-0.225191	-0.018763
1.381452	0.759980	0.370144	0.983059	0.250000	-0.225191	-0.018763
1.391288	0.759980	0.370144	0.983059	0.250000	-0.225191	-0.018763
1.401006	0.759980	0.370144	0.983059	0.250000	-0.225191	-0.018763
1.410887	0.759980	0.370144	0.983059	0.250000	-0.225191	-0.018763
1.420865	0.766769	0.387055	0.931518	0.250000	-0.146620	-0.015587
1.430952	0.766769	0.387055	0.931518	0.250000	-0.146620	-0.015587
1.440953	0.766769	0.387055	0.931518	0.250000	-0.146620	-0.015587
1.450887	0.766769	0.387055	0.931518	0.250000	-0.146620	-0.015587
1.461097	0.766769	0.387055	0.931518	0.250000	-0.146620	-0.015587
1.471016	0.766769	0.387055	0.931518	0.250000	-0.146620	-0.015587
1.481148	0.778591	0.404078	0.875523	0.250000	-0.029006	-0.007961
1.490999	0.778591	0.404078	0.875523	0.250000	-0.029006	-0.007961
1.500907	0.778591	0.404078	0.875523	0.250000	-0.029006	-0.007961
1.511018	0.778591	0.404078	0.875523	0.250000	-0.029006	-0.007961
1.520957	0.778591	0.404078	0.875523	0.250000	-0.029006	-0.007961
1.530913	0.778591	0.404078	0.875523	0.250000	-0.029006	-0.007961
1.540914	0.778591	0.404078	0.875523	0.250000	-0.029006	-0.007961
1.551307	0.778591	0.404078	0.875523	0.250000	-0.029006	-0.007961
1.561101	0.778591	0.404078	0.875523	0.250000	-0.029006	-0.007961
1.570925	0.778591	0.404078	0.875523	0.250000	-0.029006	-0.007961
1.580933	0.778591	0.404078	0.875523	0.250000	-0.029006	-0.007961
1.592692	0.778591	0.404078	0.875523	0.250000	-0.029006	-0.007961
1.601027	0.778591	0.404078	0.875523	0.250000	-0.029006	-0.007961
1.610878	0.787747	0.422904	0.831761	0.250000	0.024006	-0.005866
1.621160	0.787747	0.422904	0.831761	0.250000	0.024006	-0.005866
1.631409	0.787747	0.422904	0.831761	0.250000	0.024006	-0.005866
1.641159	0.787747	0.422904	0.831761	0.250000	0.024006	-0.005866
1.650881	0.787747	0.422904	0.831761	0.250000	0.024006	-0.005866
1.660996	0.787747	0.422904	0.831761	0.250000	0.024006	-0.005866
1.670920	0.787747	0.422904	0.831761	0.250000	0.024006	-0.005866
1.680855	0.806099	0.435896	0.774545	0.250000	0.243480	0.008393
1.692434	0.806099	0.435896	0.774545	0.250000	0.243480	0.008393
1.700921	0.806099	0.435896	0.774545	0.250000	0.243480	0.008393
1.711365	0.806099	0.435896	0.774545	0.250000	0.243480	0.008393
1.721070	0.806099	0.435896	0.774545	0.250000	0.243480	0.008393
1.731112	0.806099	0.435896	0.774545	0.250000	0.243480	0.008393
1.741085	0.806099	0.435896	0.774545	0.250000	0.243480	0.008393
1.751414	0.806099	0.435896	0.774545	0.250000	0.243480	0.008393
1.761183	0.806099	0.435896	0.774545	0.250000	0.243480	0.008393
1.771059	0.806099	0.435896	0.774545	0.250000	0.243480	0.008393
1.781017	0.806099	0.435896	0.774545	0.250000	0.243480	0.008393
1.792790	0.825528	0.453903	0.731856	0.250000	0.406702	0.018720
1.800987	0.825528	0.453903	0.731856	0.250000	0.406702	0.018720
1.813839	0.825528	0.453903	0.731856	0.250000	0.406702	0.018720
1.820863	0.825528	0.453903	0.731856	0.250000	0.406702	0.018720
1.831612	0.825528	0.453903	0.731856	0.250000	0.406702	0.018720
1.840930	0.825528	0.453903	0.731856	0.250000	0.406702	0.018720
1.850938	0.825528	0.453903	0.731856	0.250000	0.406702	0.018720
1.860889	0.847146	0.465672	0.703278	0.250000	0.586714	0.031775
1.871478	0.847146	0.465672	0.703278	0.250000	0.586714	0.031775
1.881218	0.847146	0.465672	0.703278	0.250000	0.586714	0.031775
1.891122	0.847146	0.465672	0.703278	0.250000	0.586714	0.031775
1.900964	0.847146	0.465672	0.703278	0.250000	0.586714	0.031775
1.911585	0.847146	0.465672	0.703278	0.250000	0.586714	0.031775
1.922186	0.847146	0.465672	0.703278	0.250000	0.586714	0.031775
1.930957	0.858526	0.482442	0.696359	0.250000	0.607385	0.031651
1.941764	0.858526	0.482442	0.696359	0.250000	0.607385	0.031651
1.951345	0.858526	0.482442	0.696359	0.250000	0.607385	0.031651
1.961347	0.858526	0.482442	0.696359	0.250000	0.607385	0.031651
1.971011	0.858526	0.482442	0.696359	0.250000	0.607385	0.031651
1.981768	0.858526	0.482442	0.696359	0.250000	0.607385	0.031651
1.990851	0.871001	0.493591	0.718420	0.250000	0.607935	0.032166
2.001241	0.871001	0.493591	0.718420	0.250000	0.607935	0.032166
2.011027	0.871001	0.493591	0.718420	0.250000	0.607935	0.032166
2.020861	0.871001	0.493591	0.718420	0.250000	0.607935	0.032166
2.031179	0.871001	0.493591	0.718420	0.250000	0.607935	0.032166
2.041034	0.871001	0.493591	0.718420	0.250000	0.607935	0.032166
2.050932	0.871001	0.493591	0.718420	0.250000	0.607935	0.032166
2.061042	0.881061	0.500737	0.745808	0.250000	0.617895	0.033637
2.071740	0.881061	0.500737	0.745808	0.250000	0.617895	0.033637
2.081243	0.881061	0.500737	0.745808	0.250000	0.617895	0.033637
2.091042	0.881061	0.500737	0.745808	0.250000	0.617895	0.033637
2.101851	0.881061	0.500737	0.745808	0.250000	0.617895	0.033637
2.111542	0.881061	0.500737	0.745808	0.250000	0.617895	0.033637
2.120992	0.881061	0.500737	0.745808	0.250000	0.617895	0.033637
2.131070	0.881061	0.500737	0.745808	0.250000	0.617895	0.033637
2.140993	0.881061	0.500737	0.745808	0.250000	0.617895	0.033637
2.150899	0.881061	0.500737	0.745808	0.250000	0.617895	0.033637
2.161118	0.881061	0.500737	0.745808	0.250000	0.617895	0.033637
2.171113	0.881061	0.500737	0.745808	0.250000	0.617895	0.033637
2.180814	0.899590	0.510483	0.793591	0.250000	0.628933	0.036738
2.191441	0.899590	0.510483	0.793591	0.250000	0.628933	0.036738
2.201313	0.899590	0.510483	0.793591	0.250000	0.628933	0.036738
2.211198	0.899590	0.510483	0.793591	0.250000	0.628933	0.036738
2.221870	0.899590	0.510483	0.793591	0.250000	0.628933	0.036738
2.231899	0.899590	0.510483	0.793591	0.250000	0.628933	0.036738
2.240965	0.899590	0.510483	0.793591	0.250000	0.628933	0.036738
2.251088	0.912482	0.523693	0.841918	0.250000	0.603057	0.034822
2.260989	0.912482	0.523693	0.841918	0.250000	0.603057	0.034822
2.270912	0.912482	0.523693	0.841918	0.250000	0.603057	0.034822
2.280858	0.912482	0.523693	0.841918	0.250000	0.603057	0.034822
2.291116	0.912482	0.523693	0.841918	0.250000	0.603057	0.034822
2.300904	0.912482	0.523693	0.841918	0.250000	0.603057	0.034822
2.311643	0.926810	0.542107	0.903210	0.250000	0.560453	0.030578
2.322375	0.926810	0.542107	0.903210	0.250000	0.560453	0.030578
2.331315	0.926810	0.542107	0.903210	0.250000	0.560453	0.030578
2.340927	0.926810	0.542107	0.903210	0.250000	0.560453	0.030578
2.351669	0.926810	0.542107	0.903210	0.250000	0.560453	0.030578
2.360971	0.929360	0.558060	0.964032	0.250000	0.434553	0.018875
2.371215	0.929360	0.558060	0.964032	0.250000	0.434553	0.018875
2.380995	0.929360	0.558060	0.964032	0.250000	0.434553	0.018875
2.391066	0.929360	0.558060	0.964032	0.250000	0.434553	0.018875
2.400944	0.929360	0.558060	0.964032	0.250000	0.434553	0.018875
2.411219	0.929360	0.558060	0.964032	0.250000	0.434553	0.018875
2.421047	0.929360	0.558060	0.964032	0.250000	0.434553	0.018875
2.431592	0.936940	0.571215	1.007709	0.250000	0.407378	0.015169
2.441253	0.936940	0.571215	1.007709	0.250000	0.407378	0.015169
2.451146	0.936940	0.571215	1.007709	0.250000	0.407378	0.015169
2.461271	0.936940	0.571215	1.007709	0.250000	0.407378	0.015169
2.471749	0.936940	0.571215	1.007709	0.250000	0.407378	0.015169
2.481422	0.936940	0.571215	1.007709	0.250000	0.407378	0.015169
2.492200	0.940738	0.577573	1.042076	0.250000	0.369660	0.012111
2.500955	0.940738	0.577573	1.042076	0.250000	0.369660	0.012111
2.511324	0.940738	0.577573	1.042076	0.250000	0.369660	0.012111
2.521551	0.940738	0.577573	1.042076	0.250000	0.369660	0.012111
2.531260	0.940738	0.577573	1.042076	0.250000	0.369660	0.012111
2.541002	0.940738	0.577573	1.042076	0.250000	0.369660	0.012111
2.550906	0.940738	0.577573	1.042076	0.250000	0.369660	0.012111
2.561574	0.954558	0.588833	1.077934	0.250000	0.492285	0.018167
2.571105	0.954558	0.588833	1.077934	0.250000	0.492285	0.018167
2.581046	0.954558	0.588833	1.077934	0.250000	0.492285	0.018167
2.591016	0.954558	0.588833	1.077934	0.250000	0.492285	0.018167
2.600912	0.954558	0.588833	1.077934	0.250000	0.492285	0.018167
2.610933	0.954558	0.588833	1.077934	0.250000	0.492285	0.018167
2.620913	0.961010	0.601279	1.123688	0.250000	0.489315	0.016072
2.630916	0.961010	0.601279	1.123688	0.250000	0.489315	0.016072
2.640873	0.961010	0.601279	1.123688	0.250000	0.489315	0.016072
2.650928	0.961010	0.601279	1.123688	0.250000	0.489315	0.016072
2.660987	0.961010	0.601279	1.123688	0.250000	0.489315	0.016072
2.671111	0.961010	0.601279	1.123688	0.250000	0.489315	0.016072
2.680921	0.968978	0.619309	1.170148	0.250000	0.503044	0.015040
2.691000	0.968978	0.619309	1.170148	0.250000	0.503044	0.015040
2.701133	0.968978	0.619309	1.170148	0.250000	0.503044	0.015040
2.710911	0.968978	0.619309	1.170148	0.250000	0.503044	0.015040
2.720885	0.968978	0.619309	1.170148	0.250000	0.503044	0.015040
2.730950	0.968978	0.619309	1.170148	0.250000	0.503044	0.015040
2.741115	0.968978	0.619309	1.170148	0.250000	0.503044	0.015040
2.750954	0.968978	0.619309	1.170148	0.250000	0.503044	0.015040
2.762832	0.968978	0.619309	1.170148	0.250000	0.503044	0.015040
2.770986	0.968978	0.619309	1.170148	0.250000	0.503044	0.015040
2.780964	0.968978	0.619309	1.170148	0.250000	0.503044	0.015040
2.792717	0.968978	0.619309	1.170148	0.250000	0.503044	0.015040
2.800932	0.968978	0.619309	1.170148	0.250000	0.503044	0.015040
2.811320	0.974848	0.634707	1.208883	0.250000	0.526284	0.015343
2.821107	0.974848	0.634707	1.208883	0.250000	0.526284	0.015343
2.830913	0.974848	0.634707	1.208883	0.250000	0.526284	0.015343
2.840902	0.974848	0.634707	1.208883	0.250000	0.526284	0.015343
2.851403	0.974848	0.634707	1.208883	0.250000	0.526284	0.015343
2.862081	0.974209	0.653948	1.275295	0.250000	0.409318	0.006669
2.870975	0.974209	0.653948	1.275295	0.250000	0.409318	0.006669
2.881647	0.974209	0.653948	1.275295	0.250000	0.409318	0.006669
2.891375	0.974209	0.653948	1.275295	0.250000	0.409318	0.006669
2.901119	0.974209	0.653948	1.275295	0.250000	0.409318	0.006669
2.910901	0.974209	0.653948	1.275295	0.250000	0.409318	0.006669
2.920976	0.974209	0.653948	1.275295	0.250000	0.409318	0.006669
2.931065	0.981442	0.676167	1.323305	0.250000	0.426335	0.009161
2.941170	0.981442	0.676167	1.323305	0.250000	0.426335	0.009161
2.950917	0.981442	0.676167	1.323305	0.250000	0.426335	0.009161
2.961832	0.981442	0.676167	1.323305	0.250000	0.426335	0.009161
2.971413	0.981442	0.676167	1.323305	0.250000	0.426335	0.009161
2.981150	0.981442	0.676167	1.323305	0.250000	0.426335	0.009161
2.990927	0.981442	0.676167	1.323305	0.250000	0.426335	0.009161
3.001671	0.985053	0.693094	1.370988	0.250000	0.372319	0.007823
3.010934	0.985053	0.693094	1.370988	0.250000	0.372319	0.007823
3.021169	0.985053	0.693094	1.370988	0.250000	0.372319	0.007823
3.031044	0.985053	0.693094	1.370988	0.250000	0.372319	0.007823
3.041724	0.985053	0.693094	1.370988	0.250000	0.372319	0.007823
3.050970	0.985053	0.693094	1.370988	0.250000	0.372319	0.007823
3.061402	0.995820	0.709746	1.391998	0.250000	0.458851	0.017252
3.071085	0.995820	0.709746	1.391998	0.250000	0.458851	0.017252
3.080894	0.995820	0.709746	1.391998	0.250000	0.458851	0.017252
3.090905	0.995820	0.709746	1.391998	0.250000	0.458851	0.017252
3.100969	0.995820	0.709746	1.391998	0.250000	0.458851	0.017252
3.110895	0.995820	0.709746	1.391998	0.250000	0.458851	0.017252
3.120865	0.998279	0.725445	1.441051	0.250000	0.369907	0.014757
3.131501	0.998279	0.725445	1.441051	0.250000	0.369907	0.014757
3.141237	0.998279	0.725445	1.441051	0.250000	0.369907	0.014757
3.150978	0.998279	0.725445	1.441051	0.250000	0.369907	0.014757
3.161929	0.998279	0.725445	1.441051	0.250000	0.369907	0.014757
3.170892	0.998279	0.725445	1.441051	0.250000	0.369907	0.014757
3.180941	0.998279	0.725445	1.441051	0.250000	0.369907	0.014757
3.191097	0.991889	0.742220	1.491341	0.250000	0.167104	0.002775
3.201543	0.991889	0.742220	1.491341	0.250000	0.167104	0.002775
3.210979	0.991889	0.742220	1.491341	0.250000	0.167104	0.002775
3.220964	0.991889	0.742220	1.491341	0.250000	0.167104	0.002775
3.231028	0.991889	0.742220	1.491341	0.250000	0.167104	0.002775
3.241772	0.991889	0.742220	1.491341	0.250000	0.167104	0.002775
3.254138	0.989814	0.750702	1.529126	0.250000	0.041825	-0.004185
3.261428	0.989814	0.750702	1.529126	0.250000	0.041825	-0.004185
3.270974	0.989814	0.750702	1.529126	0.250000	0.041825	-0.004185
3.280893	0.989814	0.750702	1.529126	0.250000	0.041825	-0.004185
3.290914	0.989814	0.750702	1.529126	0.250000	0.041825	-0.004185
3.300961	0.989814	0.750702	1.529126	0.250000	0.041825	-0.004185
3.312038	0.989814	0.750702	1.529126	0.250000	0.041825	-0.004185
3.320920	0.989814	0.750702	1.529126	0.250000	0.041825	-0.004185
3.330960	0.989814	0.750702	1.529126	0.250000	0.041825	-0.004185
3.341322	0.989814	0.750702	1.529126	0.250000	0.041825	-0.004185
3.351167	0.989814	0.750702	1.529126	0.250000	0.041825	-0.004185
3.361265	0.989814	0.750702	1.529126	0.250000	0.041825	-0.004185
3.370904	0.989814	0.750702	1.529126	0.250000	0.041825	-0.004185
3.381338	0.980512	0.773932	1.585840	0.250000	-0.214681	-0.020262
3.391594	0.980512	0.773932	1.585840	0.250000	-0.214681	-0.020262
3.400988	0.980512	0.773932	1.585840	0.250000	-0.214681	-0.020262
3.410891	0.980512	0.773932	1.585840	0.250000	-0.214681	-0.020262
3.421317	0.980512	0.773932	1.585840	0.250000	-0.214681	-0.020262
3.431217	0.988558	0.795142	1.626270	0.250000	-0.228901	-0.017042
3.440913	0.988558	0.795142	1.626270	0.250000	-0.228901	-0.017042
3.450920	0.988558	0.795142	1.626270	0.250000	-0.228901	-0.017042
3.461191	0.988558	0.795142	1.626270	0.250000	-0.228901	-0.017042
3.471136	0.988558	0.795142	1.626270	0.250000	-0.228901	-0.017042
3.480945	0.988558	0.795142	1.626270	0.250000	-0.228901	-0.017042
3.490892	0.988558	0.795142	1.626270	0.250000	-0.228901	-0.017042
3.500894	0.987704	0.819948	1.672572	0.250000	-0.358194	-0.023506
3.510949	0.987704	0.819948	1.672572	0.250000	-0.358194	-0.023506
3.520916	0.987704	0.819948	1.672572	0.250000	-0.358194	-0.023506
3.530917	0.987704	0.819948	1.672572	0.250000	-0.358194	-0.023506
3.540927	0.987704	0.819948	1.672572	0.250000	-0.358194	-0.023506
3.550953	0.987704	0.819948	1.672572	0.250000	-0.358194	-0.023506
3.561274	0.992531	0.830251	1.677741	0.250000	-0.321162	-0.019346
3.570942	0.992531	0.830251	1.677741	0.250000	-0.321162	-0.019346
3.581432	0.992531	0.830251	1.677741	0.250000	-0.321162	-0.019346
3.593112	0.992531	0.830251	1.677741	0.250000	-0.321162	-0.019346
3.601001	0.992531	0.830251	1.677741	0.250000	-0.321162	-0.019346
3.610896	0.992531	0.830251	1.677741	0.250000	-0.321162	-0.019346
3.620857	0.992531	0.830251	1.677741	0.250000	-0.321162	-0.019346
3.631003	0.980516	0.845053	1.689931	0.250000	-0.486505	-0.032841
3.640955	0.980516	0.845053	1.689931	0.250000	-0.486505	-0.032841
3.650899	0.980516	0.845053	1.689931	0.250000	-0.486505	-0.032841
3.661181	0.980516	0.845053	1.689931	0.250000	-0.486505	-0.032841
3.670991	0.980516	0.845053	1.689931	0.250000	-0.486505	-0.032841
3.680916	0.980516	0.845053	1.689931	0.250000	-0.486505	-0.032841
3.691781	0.977240	0.864819	1.770359	0.250000	-0.700275	-0.045870
3.702738	0.977240	0.864819	1.770359	0.250000	-0.700275	-0.045870
3.711205	0.977240	0.864819	1.770359	0.250000	-0.700275	-0.045870
3.721024	0.977240	0.864819	1.770359	0.250000	-0.700275	-0.045870
3.731027	0.977240	0.864819	1.770359	0.250000	-0.700275	-0.045870
3.741608	0.977240	0.864819	1.770359	0.250000	-0.700275	-0.045870
3.751254	0.977240	0.864819	1.770359	0.250000	-0.700275	-0.045870
3.761190	0.977240	0.864819	1.770359	0.250000	-0.700275	-0.045870
3.771802	0.977240	0.864819	1.770359	0.250000	-0.700275	-0.045870
3.781646	0.977240	0.864819	1.770359	0.250000	-0.700275	-0.045870
3.790987	0.977240	0.864819	1.770359	0.250000	-0.700275	-0.045870
3.801048	0.977240	0.864819	1.770359	0.250000	-0.700275	-0.045870
3.810849	0.977240	0.864819	1.770359	0.250000	-0.700275	-0.045870
3.821712	0.975324	0.884844	1.742782	0.250000	-0.663234	-0.044147
3.831335	0.975324	0.884844	1.742782	0.250000	-0.663234	-0.044147
3.841030	0.975324	0.884844	1.742782	0.250000	-0.663234	-0.044147
3.851033	0.975324	0.884844	1.742782	0.250000	-0.663234	-0.044147
3.861634	0.975324	0.884844	1.742782	0.250000	-0.663234	-0.044147
3.871582	0.975324	0.884844	1.742782	0.250000	-0.663234	-0.044147
3.881067	0.975324	0.884844	1.742782	0.250000	-0.663234	-0.044147
3.891705	0.975324	0.884844	1.742782	0.250000	-0.663234	-0.044147
3.901597	0.975324	0.884844	1.742782	0.250000	-0.663234	-0.044147
3.910982	0.982876	0.907662	1.770949	0.250000	-0.664923	-0.040607
3.921154	0.982876	0.907662	1.770949	0.250000	-0.664923	-0.040607
3.931840	0.982876	0.907662	1.770949	0.250000	-0.664923	-0.040607
3.941631	0.982876	0.907662	1.770949	0.250000	-0.664923	-0.040607
3.951291	0.982876	0.907662	1.770949	0.250000	-0.664923	-0.040607
3.961217	0.982876	0.907662	1.770949	0.250000	-0.664923	-0.040607
3.971875	0.982876	0.907662	1.770949	0.250000	-0.664923	-0.040607
3.981591	0.983377	0.928118	1.711110	0.250000	-0.536744	-0.033130
3.991356	0.983377	0.928118	1.711110	0.250000	-0.536744	-0.033130
4.001090	0.983377	0.928118	1.711110	0.250000	-0.536744	-0.033130
4.010828	0.983377	0.928118	1.711110	0.250000	-0.536744	-0.033130
4.020933	0.983377	0.928118	1.711110	0.250000	-0.536744	-0.033130
4.031065	0.983377	0.928118	1.711110	0.250000	-0.536744	-0.033130
4.040975	0.983377	0.928118	1.711110	0.250000	-0.536744	-0.033130
4.050997	0.983377	0.928118	1.711110	0.250000	-0.536744	-0.033130
4.061666	0.983377	0.928118	1.711110	0.250000	-0.536744	-0.033130
4.070984	0.983377	0.928118	1.711110	0.250000	-0.536744	-0.033130
4.081270	0.983377	0.928118	1.711110	0.250000	-0.536744	-0.033130
4.090947	0.983377	0.928118	1.711110	0.250000	-0.536744	-0.033130
4.101711	0.983377	0.928118	1.711110	0.250000	-0.536744	-0.033130
4.111386	0.983377	0.928118	1.711110	0.250000	-0.536744	-0.033130
4.121245	0.983377	0.928118	1.711110	0.250000	-0.536744	-0.033130
4.130935	0.983688	0.953287	1.650905	0.250000	-0.396729	-0.025091
4.141713	0.983688	0.953287	1.650905	0.250000	-0.396729	-0.025091
4.151467	0.983688	0.953287	1.650905	0.250000	-0.396729	-0.025091
4.161255	0.983688	0.953287	1.650905	0.250000	-0.396729	-0.025091
4.171038	0.983688	0.953287	1.650905	0.250000	-0.396729	-0.025091
4.180958	0.983688	0.953287	1.650905	0.250000	-0.396729	-0.025091
4.191089	0.983688	0.953287	1.650905	0.250000	-0.396729	-0.025091
4.201009	0.983688	0.953287	1.650905	0.250000	-0.396729	-0.025091
4.211045	0.983688	0.953287	1.650905	0.250000	-0.396729	-0.025091
4.221703	0.983824	0.973875	1.521787	0.250000	-0.077258	-0.008069
4.230971	0.983824	0.973875	1.521787	0.250000	-0.077258	-0.008069
4.241744	0.983824	0.973875	1.521787	0.250000	-0.077258	-0.008069
4.250944	0.983824	0.973875	1.521787	0.250000	-0.077258	-0.008069
4.261086	0.983824	0.973875	1.521787	0.250000	-0.077258	-0.008069
4.271386	0.983824	0.973875	1.521787	0.250000	-0.077258	-0.008069
4.281219	0.983824	0.973875	1.521787	0.250000	-0.077258	-0.008069
4.290951	0.983824	0.973875	1.521787	0.250000	-0.077258	-0.008069
4.300953	0.983824	0.973875	1.521787	0.250000	-0.077258	-0.008069
4.311624	0.983824	0.973875	1.521787	0.250000	-0.077258	-0.008069
4.321281	0.983824	0.973875	1.521787	0.250000	-0.077258	-0.008069
4.331042	0.983824	0.973875	1.521787	0.250000	-0.077258	-0.008069
4.341773	0.983824	0.973875	1.521787	0.250000	-0.077258	-0.008069
4.350867	0.983824	0.973875	1.521787	0.250000	-0.077258	-0.008069
4.361095	0.988207	1.004567	1.374419	0.250000	0.339822	0.015083
4.371030	0.988207	1.004567	1.374419	0.250000	0.339822	0.015083
4.380810	0.988207	1.004567	1.374419	0.250000	0.339822	0.015083
4.390997	0.988207	1.004567	1.374419	0.250000	0.339822	0.015083
4.400964	0.988207	1.004567	1.374419	0.250000	0.339822	0.015083
4.410939	0.996782	1.033351	1.315028	0.250000	0.559240	0.029880
4.420939	0.996782	1.033351	1.315028	0.250000	0.559240	0.029880
4.431961	0.996782	1.033351	1.315028	0.250000	0.559240	0.029880
4.440915	0.996782	1.033351	1.315028	0.250000	0.559240	0.029880
4.450989	0.996782	1.033351	1.315028	0.250000	0.559240	0.029880
4.461405	0.996782	1.033351	1.315028	0.250000	0.559240	0.029880
4.471189	0.996782	1.033351	1.315028	0.250000	0.559240	0.029880
4.482376	0.996782	1.033351	1.315028	0.250000	0.559240	0.029880
4.492358	0.996782	1.033351	1.315028	0.250000	0.559240	0.029880
4.500939	0.996782	1.033351	1.315028	0.250000	0.559240	0.029880
4.510983	0.996782	1.033351	1.315028	0.250000	0.559240	0.029880
4.521292	0.996782	1.033351	1.315028	0.250000	0.559240	0.029880
4.530935	0.996782	1.033351	1.315028	0.250000	0.559240	0.029880
4.540932	0.996782	1.033351	1.315028	0.250000	0.559240	0.029880
4.550979	1.004017	1.061111	1.247182	0.250000	0.764811	0.044079
4.561347	1.004017	1.061111	1.247182	0.250000	0.764811	0.044079
4.571052	1.004017	1.061111	1.247182	0.250000	0.764811	0.044079
4.580931	1.004017	1.061111	1.247182	0.250000	0.764811	0.044079
4.590973	1.004017	1.061111	1.247182	0.250000	0.764811	0.044079
4.601371	1.004017	1.061111	1.247182	0.250000	0.764811	0.044079
4.611085	1.004017	1.061111	1.247182	0.250000	0.764811	0.044079
4.620943	1.004017	1.061111	1.247182	0.250000	0.764811	0.044079
4.631724	1.010119	1.081747	1.228935	0.250000	0.841665	0.050740
4.641353	1.010119	1.081747	1.228935	0.250000	0.841665	0.050740
4.651100	1.010119	1.081747	1.228935	0.250000	0.841665	0.050740
4.660951	1.010119	1.081747	1.228935	0.250000	0.841665	0.050740
4.670966	1.010119	1.081747	1.228935	0.250000	0.841665	0.050740
4.682275	1.010119	1.081747	1.228935	0.250000	0.841665	0.050740
4.691269	1.010119	1.081747	1.228935	0.250000	0.841665	0.050740
4.700955	1.010119	1.081747	1.228935	0.250000	0.841665	0.050740
4.711646	1.010119	1.081747	1.228935	0.250000	0.841665	0.050740
4.721336	1.010119	1.081747	1.228935	0.250000	0.841665	0.050740
4.731040	1.010119	1.081747	1.228935	0.250000	0.841665	0.050740
4.740899	1.010119	1.081747	1.228935	0.250000	0.841665	0.050740
4.752505	1.017804	1.108787	1.257602	0.250000	0.854442	0.054337
4.761542	1.017804	1.108787	1.257602	0.250000	0.854442	0.054337
4.771143	1.017804	1.108787	1.257602	0.250000	0.854442	0.054337
4.781072	1.017804	1.108787	1.257602	0.250000	0.854442	0.054337
4.791123	1.017804	1.108787	1.257602	0.250000	0.854442	0.054337
4.801014	1.017804	1.108787	1.257602	0.250000	0.854442	0.054337
4.811254	1.017804	1.108787	1.257602	0.250000	0.854442	0.054337
4.820945	1.017804	1.108787	1.257602	0.250000	0.854442	0.054337
4.831758	1.024414	1.130346	1.321393	0.250000	0.794276	0.052423
4.841437	1.024414	1.130346	1.321393	0.250000	0.794276	0.052423
4.851163	1.024414	1.130346	1.321393	0.250000	0.794276	0.052423
4.861230	1.024414	1.130346	1.321393	0.250000	0.794276	0.052423
4.871810	1.024414	1.130346	1.321393	0.250000	0.794276	0.052423
4.881372	1.026420	1.143162	1.378869	0.250000	0.699754	0.046669
4.891252	1.026420	1.143162	1.378869	0.250000	0.699754	0.046669
4.900999	1.026420	1.143162	1.378869	0.250000	0.699754	0.046669
4.911050	1.026420	1.143162	1.378869	0.250000	0.699754	0.046669
4.921476	1.026420	1.143162	1.378869	0.250000	0.699754	0.046669
4.931251	1.026420	1.143162	1.378869	0.250000	0.699754	0.046669
4.941051	1.026420	1.143162	1.378869	0.250000	0.699754	0.046669
4.952865	1.026420	1.143162	1.378869	0.250000	0.699754	0.046669
4.961079	1.026420	1.143162	1.378869	0.250000	0.699754	0.046669
4.971174	1.026420	1.143162	1.378869	0.250000	0.699754	0.046669
4.981040	1.026420	1.143162	1.378869	0.250000	0.699754	0.046669
4.991747	1.026420	1.143162	1.378869	0.250000	0.699754	0.046669
5.000931	1.026420	1.143162	1.378869	0.250000	0.699754	0.046669
5.011199	1.027172	1.159910	1.442443	0.250000	0.599857	0.039718
5.021990	1.027172	1.159910	1.442443	0.250000	0.599857	0.039718
5.031573	1.027172	1.159910	1.442443	0.250000	0.599857	0.039718
5.041039	1.027172	1.159910	1.442443	0.250000	0.599857	0.039718
5.051419	1.027172	1.159910	1.442443	0.250000	0.599857	0.039718
5.061253	1.027172	1.159910	1.442443	0.250000	0.599857	0.039718
5.070951	1.027172	1.159910	1.442443	0.250000	0.599857	0.039718
5.081563	1.027172	1.159910	1.442443	0.250000	0.599857	0.039718
5.092193	1.028375	1.184497	1.495786	0.250000	0.556999	0.035297
5.101042	1.028375	1.184497	1.495786	0.250000	0.556999	0.035297
5.110917	1.028375	1.184497	1.495786	0.250000	0.556999	0.035297
5.121543	1.028375	1.184497	1.495786	0.250000	0.556999	0.035297
5.131305	1.028375	1.184497	1.495786	0.250000	0.556999	0.035297
5.141065	1.028375	1.184497	1.495786	0.250000	0.556999	0.035297
5.151732	1.033721	1.222485	1.560287	0.250000	0.593214	0.035974
5.161800	1.033721	1.222485	1.560287	0.250000	0.593214	0.035974
5.171439	1.033721	1.222485	1.560287	0.250000	0.593214	0.035974
5.180942	1.033721	1.222485	1.560287	0.250000	0.593214	0.035974
5.191011	1.033721	1.222485	1.560287	0.250000	0.593214	0.035974
5.200884	1.033721	1.222485	1.560287	0.250000	0.593214	0.035974
5.211031	1.033721	1.222485	1.560287	0.250000	0.593214	0.035974
5.220927	1.033111	1.242506	1.713236	0.250000	0.341633	0.019666
5.230976	1.033111	1.242506	1.713236	0.250000	0.341633	0.019666
5.240928	1.033111	1.242506	1.713236	0.250000	0.341633	0.019666
5.253500	1.033111	1.242506	1.713236	0.250000	0.341633	0.019666
5.261258	1.033111	1.242506	1.713236	0.250000	0.341633	0.019666
5.270985	1.033111	1.242506	1.713236	0.250000	0.341633	0.019666
5.281004	1.033111	1.242506	1.713236	0.250000	0.341633	0.019666
5.291363	1.033069	1.259735	1.756049	0.250000	0.362080	0.018859
5.301145	1.033069	1.259735	1.756049	0.250000	0.362080	0.018859
5.310866	1.033069	1.259735	1.756049	0.250000	0.362080	0.018859
5.320875	1.033069	1.259735	1.756049	0.250000	0.362080	0.018859
5.330937	1.033069	1.259735	1.756049	0.250000	0.362080	0.018859
5.341158	1.033069	1.259735	1.756049	0.250000	0.362080	0.018859
5.350949	1.029753	1.265998	1.784307	0.250000	0.308633	0.014008
5.361774	1.029753	1.265998	1.784307	0.250000	0.308633	0.014008
5.371526	1.029753	1.265998	1.784307	0.250000	0.308633	0.014008
5.382124	1.029753	1.265998	1.784307	0.250000	0.308633	0.014008
5.390929	1.029753	1.265998	1.784307	0.250000	0.308633	0.014008
5.401641	1.029753	1.265998	1.784307	0.250000	0.308633	0.014008
5.410868	1.029753	1.265998	1.784307	0.250000	0.308633	0.014008
5.421141	1.018096	1.282802	1.811781	0.250000	0.263972	0.005715
5.430935	1.018096	1.282802	1.811781	0.250000	0.263972	0.005715
5.440913	1.018096	1.282802	1.811781	0.250000	0.263972	0.005715
5.450887	1.018096	1.282802	1.811781	0.250000	0.263972	0.005715
5.461367	1.018096	1.282802	1.811781	0.250000	0.263972	0.005715
5.470962	1.018096	1.282802	1.811781	0.250000	0.263972	0.005715
5.481722	1.018096	1.282802	1.811781	0.250000	0.263972	0.005715
5.491026	1.018096	1.282802	1.811781	0.250000	0.263972	0.005715
5.501189	1.018096	1.282802	1.811781	0.250000	0.263972	0.005715
5.511046	1.018096	1.282802	1.811781	0.250000	0.263972	0.005715
5.520947	1.018096	1.282802	1.811781	0.250000	0.263972	0.005715
5.531468	1.018096	1.282802	1.811781	0.250000	0.263972	0.005715
5.540970	1.013425	1.293974	2.015045	0.250000	-0.163644	-0.020466
5.551136	1.013425	1.293974	2.015045	0.250000	-0.163644	-0.020466
5.560989	1.013425	1.293974	2.015045	0.250000	-0.163644	-0.020466
5.570931	1.013425	1.293974	2.015045	0.250000	-0.163644	-0.020466
5.581243	1.013425	1.293974	2.015045	0.250000	-0.163644	-0.020466
5.590980	1.013425	1.293974	2.015045	0.250000	-0.163644	-0.020466
5.601688	1.009536	1.313740	2.061557	0.250000	-0.114043	-0.019660
5.611472	1.009536	1.313740	2.061557	0.250000	-0.114043	-0.019660
5.620970	1.009536	1.313740	2.061557	0.250000	-0.114043	-0.019660
5.631098	1.009536	1.313740	2.061557	0.250000	-0.114043	-0.019660
5.640989	1.009536	1.313740	2.061557	0.250000	-0.114043	-0.019660
5.651012	1.009536	1.313740	2.061557	0.250000	-0.114043	-0.019660
5.661071	1.009536	1.313740	2.061557	0.250000	-0.114043	-0.019660
5.671061	1.009536	1.313740	2.061557	0.250000	-0.114043	-0.019660
5.680896	1.016063	1.326309	1.996305	0.250000	0.242236	0.002039
5.690929	1.016063	1.326309	1.996305	0.250000	0.242236	0.002039
5.701251	1.016063	1.326309	1.996305	0.250000	0.242236	0.002039
5.710997	1.016063	1.326309	1.996305	0.250000	0.242236	0.002039
5.721780	1.016063	1.326309	1.996305	0.250000	0.242236	0.002039
5.731590	1.016063	1.326309	1.996305	0.250000	0.242236	0.002039
5.741262	1.016063	1.326309	1.996305	0.250000	0.242236	0.002039
5.750956	1.016063	1.326309	1.996305	0.250000	0.242236	0.002039
5.760973	1.016063	1.326309	1.996305	0.250000	0.242236	0.002039
5.771709	1.016063	1.326309	1.996305	0.250000	0.242236	0.002039
5.781286	1.016063	1.326309	1.996305	0.250000	0.242236	0.002039
5.791054	1.011850	1.345226	1.866165	0.250000	0.698687	0.025668
5.801806	1.011850	1.345226	1.866165	0.250000	0.698687	0.025668
5.810869	1.011850	1.345226	1.866165	0.250000	0.698687	0.025668
5.820951	1.011850	1.345226	1.866165	0.250000	0.698687	0.025668
5.830906	1.011850	1.345226	1.866165	0.250000	0.698687	0.025668
5.840825	1.011850	1.345226	1.866165	0.250000	0.698687	0.025668
5.851553	1.011850	1.345226	1.866165	0.250000	0.698687	0.025668
5.861400	1.011850	1.345226	1.866165	0.250000	0.698687	0.025668
5.871222	1.011850	1.345226	1.866165	0.250000	0.698687	0.025668
5.880899	1.011850	1.345226	1.866165	0.250000	0.698687	0.025668
5.890934	1.011850	1.345226	1.866165	0.250000	0.698687	0.025668
5.901374	1.011850	1.345226	1.866165	0.250000	0.698687	0.025668
5.911111	1.004840	1.369107	1.872749	0.250000	0.863676	0.033828
5.920827	1.004840	1.369107	1.872749	0.250000	0.863676	0.033828
5.931629	1.004840	1.369107	1.872749	0.250000	0.863676	0.033828
5.940900	1.004840	1.369107	1.872749	0.250000	0.863676	0.033828
5.951216	1.004840	1.369107	1.872749	0.250000	0.863676	0.033828
5.961173	1.004840	1.369107	1.872749	0.250000	0.863676	0.033828
5.971590	0.993377	1.388259	1.888071	0.250000	0.927191	0.035166
5.981390	0.993377	1.388259	1.888071	0.250000	0.927191	0.035166
5.991132	0.993377	1.388259	1.888071	0.250000	0.927191	0.035166
6.000863	0.993377	1.388259	1.888071	0.250000	0.927191	0.035166
6.011586	0.971691	1.413356	2.049494	0.250000	0.725620	0.021537
