t	x(t)	y(t)	theta(t)	v(t)	gamma(t)	efa
0.001465	0.696809	0.167959	1.623409	0.250000	-0.857808	-0.025012
0.005640	0.696809	0.167959	1.623409	0.250000	-0.857808	-0.025012
0.015066	0.696809	0.167959	1.623409	0.250000	-0.857808	-0.025012
0.022622	0.696809	0.167959	1.623409	0.250000	-0.857808	-0.025012
0.031929	0.696809	0.167959	1.623409	0.250000	-0.857808	-0.025012
0.042042	0.696809	0.167959	1.623409	0.250000	-0.857808	-0.025012
0.052040	0.696809	0.167959	1.623409	0.250000	-0.857808	-0.025012
0.062130	0.696809	0.167959	1.623409	0.250000	-0.857808	-0.025012
0.072098	0.696809	0.167959	1.623409	0.250000	-0.857808	-0.025012
0.082045	0.696809	0.167959	1.623409	0.250000	-0.857808	-0.025012
0.091992	0.695909	0.169663	1.623526	0.250000	-0.866958	-0.025835
0.102580	0.695909	0.169663	1.623526	0.250000	-0.866958	-0.025835
0.112800	0.695909	0.169663	1.623526	0.250000	-0.866958	-0.025835
0.122078	0.695909	0.169663	1.623526	0.250000	-0.866958	-0.025835
0.131905	0.695909	0.169663	1.623526	0.250000	-0.866958	-0.025835
0.141993	0.694897	0.171035	1.627443	0.250000	-0.886107	-0.027233
0.152305	0.694897	0.171035	1.627443	0.250000	-0.886107	-0.027233
0.162106	0.694897	0.171035	1.627443	0.250000	-0.886107	-0.027233
0.171979	0.694897	0.171035	1.627443	0.250000	-0.886107	-0.027233
0.181981	0.694897	0.171035	1.627443	0.250000	-0.886107	-0.027233
0.192345	0.694897	0.171035	1.627443	0.250000	-0.886107	-0.027233
0.202082	0.694897	0.171035	1.627443	0.250000	-0.886107	-0.027233
0.212836	0.694897	0.171035	1.627443	0.250000	-0.886107	-0.027233
0.222072	0.694897	0.171035	1.627443	0.250000	-0.886107	-0.027233
0.232345	0.694897	0.171035	1.627443	0.250000	-0.886107	-0.027233
0.242106	0.694897	0.171035	1.627443	0.250000	-0.886107	-0.027233
0.251959	0.694897	0.171035	1.627443	0.250000	-0.886107	-0.027233
0.261978	0.694897	0.171035	1.627443	0.250000	-0.886107	-0.027233
0.272385	0.694706	0.173856	1.615935	0.250000	-0.892548	-0.027803
0.282110	0.694706	0.173856	1.615935	0.250000	-0.892548	-0.027803
0.291973	0.694706	0.173856	1.615935	0.250000	-0.892548	-0.027803
0.302658	0.694706	0.173856	1.615935	0.250000	-0.892548	-0.027803
0.312348	0.694706	0.173856	1.615935	0.250000	-0.892548	-0.027803
0.322149	0.695086	0.179598	1.599881	0.250000	-0.912541	-0.029117
0.332868	0.695086	0.179598	1.599881	0.250000	-0.912541	-0.029117
0.342102	0.695086	0.179598	1.599881	0.250000	-0.912541	-0.029117
0.352438	0.695086	0.179598	1.599881	0.250000	-0.912541	-0.029117
0.362179	0.695086	0.179598	1.599881	0.250000	-0.912541	-0.029117
0.372948	0.695086	0.179598	1.599881	0.250000	-0.912541	-0.029117
0.381975	0.695086	0.179598	1.599881	0.250000	-0.912541	-0.029117
0.392462	0.694881	0.190813	1.563932	0.250000	-0.922930	-0.030748
0.403229	0.694881	0.190813	1.563932	0.250000	-0.922930	-0.030748
0.412005	0.694881	0.190813	1.563932	0.250000	-0.922930	-0.030748
0.422004	0.694881	0.190813	1.563932	0.250000	-0.922930	-0.030748
0.431935	0.694881	0.190813	1.563932	0.250000	-0.922930	-0.030748
0.442185	0.694881	0.190813	1.563932	0.250000	-0.922930	-0.030748
0.451936	0.694881	0.190813	1.563932	0.250000	-0.922930	-0.030748
0.462707	0.695670	0.202680	1.538403	0.250000	-0.946304	-0.033066
0.472446	0.695670	0.202680	1.538403	0.250000	-0.946304	-0.033066
0.482164	0.695670	0.202680	1.538403	0.250000	-0.946304	-0.033066
0.491971	0.695670	0.202680	1.538403	0.250000	-0.946304	-0.033066
0.502732	0.695670	0.202680	1.538403	0.250000	-0.946304	-0.033066
0.512568	0.695459	0.216359	1.508195	0.250000	-0.996176	-0.038339
0.522328	0.695459	0.216359	1.508195	0.250000	-0.996176	-0.038339
0.532015	0.695459	0.216359	1.508195	0.250000	-0.996176	-0.038339
0.542017	0.695459	0.216359	1.508195	0.250000	-0.996176	-0.038339
0.552478	0.695459	0.216359	1.508195	0.250000	-0.996176	-0.038339
0.562394	0.695459	0.216359	1.508195	0.250000	-0.996176	-0.038339
0.572029	0.695459	0.216359	1.508195	0.250000	-0.996176	-0.038339
0.582035	0.696433	0.229786	1.478954	0.250000	-1.008587	-0.040999
0.591975	0.696433	0.229786	1.478954	0.250000	-1.008587	-0.040999
0.602296	0.696433	0.229786	1.478954	0.250000	-1.008587	-0.040999
0.612032	0.696433	0.229786	1.478954	0.250000	-1.008587	-0.040999
0.622784	0.696433	0.229786	1.478954	0.250000	-1.008587	-0.040999
0.632509	0.696433	0.229786	1.478954	0.250000	-1.008587	-0.040999
0.642219	0.696433	0.229786	1.478954	0.250000	-1.008587	-0.040999
0.652020	0.696433	0.229786	1.478954	0.250000	-1.008587	-0.040999
0.661910	0.696433	0.229786	1.478954	0.250000	-1.008587	-0.040999
0.671999	0.696433	0.229786	1.478954	0.250000	-1.008587	-0.040999
0.682480	0.696433	0.229786	1.478954	0.250000	-1.008587	-0.040999
0.692027	0.698111	0.245727	1.433340	0.250000	-1.005119	-0.043763
0.702919	0.698111	0.245727	1.433340	0.250000	-1.005119	-0.043763
0.712625	0.698111	0.245727	1.433340	0.250000	-1.005119	-0.043763
0.722387	0.698111	0.245727	1.433340	0.250000	-1.005119	-0.043763
0.732082	0.698111	0.245727	1.433340	0.250000	-1.005119	-0.043763
0.741967	0.698111	0.245727	1.433340	0.250000	-1.005119	-0.043763
0.752550	0.701571	0.262490	1.388842	0.250000	-1.006223	-0.047261
0.762442	0.701571	0.262490	1.388842	0.250000	-1.006223	-0.047261
0.772036	0.701571	0.262490	1.388842	0.250000	-1.006223	-0.047261
0.781962	0.701571	0.262490	1.388842	0.250000	-1.006223	-0.047261
0.791994	0.701571	0.262490	1.388842	0.250000	-1.006223	-0.047261
0.802334	0.701571	0.262490	1.388842	0.250000	-1.006223	-0.047261
0.812029	0.705017	0.279120	1.346063	0.250000	-0.988568	-0.049423
0.822083	0.705017	0.279120	1.346063	0.250000	-0.988568	-0.049423
0.832117	0.705017	0.279120	1.346063	0.250000	-0.988568	-0.049423
0.842468	0.705017	0.279120	1.346063	0.250000	-0.988568	-0.049423
0.852192	0.705017	0.279120	1.346063	0.250000	-0.988568	-0.049423
0.862872	0.705017	0.279120	1.346063	0.250000	-0.988568	-0.049423
0.872645	0.705017	0.279120	1.346063	0.250000	-0.988568	-0.049423
0.882364	0.710331	0.293700	1.306054	0.250000	-0.966677	-0.051347
0.892162	0.710331	0.293700	1.306054	0.250000	-0.966677	-0.051347
0.901991	0.710331	0.293700	1.306054	0.250000	-0.966677	-0.051347
0.911932	0.710331	0.293700	1.306054	0.250000	-0.966677	-0.051347
0.922031	0.710331	0.293700	1.306054	0.250000	-0.966677	-0.051347
0.932134	0.710331	0.293700	1.306054	0.250000	-0.966677	-0.051347
0.942061	0.714028	0.306134	1.261318	0.250000	-0.923231	-0.051930
0.952042	0.714028	0.306134	1.261318	0.250000	-0.923231	-0.051930
0.962240	0.714028	0.306134	1.261318	0.250000	-0.923231	-0.051930
0.972194	0.714028	0.306134	1.261318	0.250000	-0.923231	-0.051930
0.981918	0.714028	0.306134	1.261318	0.250000	-0.923231	-0.051930
0.991983	0.714028	0.306134	1.261318	0.250000	-0.923231	-0.051930
1.002433	0.714028	0.306134	1.261318	0.250000	-0.923231	-0.051930
1.013233	0.714028	0.306134	1.261318	0.250000	-0.923231	-0.051930
1.021981	0.714028	0.306134	1.261318	0.250000	-0.923231	-0.051930
1.032190	0.714028	0.306134	1.261318	0.250000	-0.923231	-0.051930
1.042108	0.714028	0.306134	1.261318	0.250000	-0.923231	-0.051930
1.051934	0.718930	0.321377	1.209424	0.250000	-0.856733	-0.051172
1.062116	0.718930	0.321377	1.209424	0.250000	-0.856733	-0.051172
1.072736	0.718930	0.321377	1.209424	0.250000	-0.856733	-0.051172
1.082477	0.718930	0.321377	1.209424	0.250000	-0.856733	-0.051172
1.092226	0.718930	0.321377	1.209424	0.250000	-0.856733	-0.051172
1.102035	0.718930	0.321377	1.209424	0.250000	-0.856733	-0.051172
1.111932	0.718930	0.321377	1.209424	0.250000	-0.856733	-0.051172
1.122022	0.718930	0.321377	1.209424	0.250000	-0.856733	-0.051172
1.132159	0.718930	0.321377	1.209424	0.250000	-0.856733	-0.051172
1.142076	0.718930	0.321377	1.209424	0.250000	-0.856733	-0.051172
1.151970	0.718930	0.321377	1.209424	0.250000	-0.856733	-0.051172
1.162002	0.718930	0.321377	1.209424	0.250000	-0.856733	-0.051172
1.172300	0.724150	0.339484	1.162976	0.250000	-0.810487	-0.053566
1.182001	0.724150	0.339484	1.162976	0.250000	-0.810487	-0.053566
1.192746	0.724150	0.339484	1.162976	0.250000	-0.810487	-0.053566
1.202526	0.724150	0.339484	1.162976	0.250000	-0.810487	-0.053566
1.212251	0.724150	0.339484	1.162976	0.250000	-0.810487	-0.053566
1.222141	0.724150	0.339484	1.162976	0.250000	-0.810487	-0.053566
1.231998	0.724150	0.339484	1.162976	0.250000	-0.810487	-0.053566
1.242008	0.724150	0.339484	1.162976	0.250000	-0.810487	-0.053566
1.253117	0.724150	0.339484	1.162976	0.250000	-0.810487	-0.053566
1.262036	0.724150	0.339484	1.162976	0.250000	-0.810487	-0.053566
1.271957	0.724150	0.339484	1.162976	0.250000	-0.810487	-0.053566
1.281944	0.733548	0.362436	1.107292	0.250000	-0.709845	-0.052659
1.292041	0.733548	0.362436	1.107292	0.250000	-0.709845	-0.052659
1.302078	0.733548	0.362436	1.107292	0.250000	-0.709845	-0.052659
1.311944	0.733548	0.362436	1.107292	0.250000	-0.709845	-0.052659
1.322065	0.733548	0.362436	1.107292	0.250000	-0.709845	-0.052659
1.332058	0.733548	0.362436	1.107292	0.250000	-0.709845	-0.052659
1.342122	0.733548	0.362436	1.107292	0.250000	-0.709845	-0.052659
1.353179	0.743758	0.381000	1.056286	0.250000	-0.600261	-0.048080
1.362011	0.743758	0.381000	1.056286	0.250000	-0.600261	-0.048080
1.372051	0.743758	0.381000	1.056286	0.250000	-0.600261	-0.048080
1.382007	0.743758	0.381000	1.056286	0.250000	-0.600261	-0.048080
1.392802	0.743758	0.381000	1.056286	0.250000	-0.600261	-0.048080
1.402601	0.743758	0.381000	1.056286	0.250000	-0.600261	-0.048080
1.412294	0.752624	0.395974	1.003264	0.250000	-0.500981	-0.042071
1.422113	0.752624	0.395974	1.003264	0.250000	-0.500981	-0.042071
1.432696	0.752624	0.395974	1.003264	0.250000	-0.500981	-0.042071
1.442166	0.752624	0.395974	1.003264	0.250000	-0.500981	-0.042071
1.452054	0.752624	0.395974	1.003264	0.250000	-0.500981	-0.042071
1.462152	0.752624	0.395974	1.003264	0.250000	-0.500981	-0.042071
1.472066	0.759861	0.404573	0.948044	0.250000	-0.375471	-0.033513
1.481996	0.759861	0.404573	0.948044	0.250000	-0.375471	-0.033513
1.492394	0.759861	0.404573	0.948044	0.250000	-0.375471	-0.033513
1.502251	0.759861	0.404573	0.948044	0.250000	-0.375471	-0.033513
1.511981	0.759861	0.404573	0.948044	0.250000	-0.375471	-0.033513
1.522680	0.759861	0.404573	0.948044	0.250000	-0.375471	-0.033513
1.532400	0.759861	0.404573	0.948044	0.250000	-0.375471	-0.033513
1.542166	0.759861	0.404573	0.948044	0.250000	-0.375471	-0.033513
1.551923	0.759861	0.404573	0.948044	0.250000	-0.375471	-0.033513
1.562040	0.759861	0.404573	0.948044	0.250000	-0.375471	-0.033513
1.572390	0.759861	0.404573	0.948044	0.250000	-0.375471	-0.033513
1.582142	0.759861	0.404573	0.948044	0.250000	-0.375471	-0.033513
1.591973	0.770327	0.418676	0.903506	0.250000	-0.281383	-0.027235
1.602005	0.770327	0.418676	0.903506	0.250000	-0.281383	-0.027235
1.612088	0.770327	0.418676	0.903506	0.250000	-0.281383	-0.027235
1.622282	0.770327	0.418676	0.903506	0.250000	-0.281383	-0.027235
1.632636	0.770327	0.418676	0.903506	0.250000	-0.281383	-0.027235
1.642462	0.770327	0.418676	0.903506	0.250000	-0.281383	-0.027235
1.652508	0.780918	0.431935	0.858046	0.250000	-0.173284	-0.020307
1.662225	0.780918	0.431935	0.858046	0.250000	-0.173284	-0.020307
1.671980	0.780918	0.431935	0.858046	0.250000	-0.173284	-0.020307
1.681980	0.780918	0.431935	0.858046	0.250000	-0.173284	-0.020307
1.692022	0.780918	0.431935	0.858046	0.250000	-0.173284	-0.020307
1.702034	0.780918	0.431935	0.858046	0.250000	-0.173284	-0.020307
1.711960	0.793120	0.446582	0.809354	0.250000	-0.043272	-0.012658
1.722006	0.793120	0.446582	0.809354	0.250000	-0.043272	-0.012658
1.732040	0.793120	0.446582	0.809354	0.250000	-0.043272	-0.012658
1.742018	0.793120	0.446582	0.809354	0.250000	-0.043272	-0.012658
1.751959	0.793120	0.446582	0.809354	0.250000	-0.043272	-0.012658
1.762022	0.793120	0.446582	0.809354	0.250000	-0.043272	-0.012658
1.771950	0.803522	0.455530	0.751540	0.250000	0.139658	-0.002065
1.782068	0.803522	0.455530	0.751540	0.250000	0.139658	-0.002065
1.792003	0.803522	0.455530	0.751540	0.250000	0.139658	-0.002065
1.802839	0.803522	0.455530	0.751540	0.250000	0.139658	-0.002065
1.812578	0.803522	0.455530	0.751540	0.250000	0.139658	-0.002065
1.822308	0.803522	0.455530	0.751540	0.250000	0.139658	-0.002065
1.832004	0.803522	0.455530	0.751540	0.250000	0.139658	-0.002065
1.841975	0.803522	0.455530	0.751540	0.250000	0.139658	-0.002065
1.851998	0.803522	0.455530	0.751540	0.250000	0.139658	-0.002065
1.862068	0.803522	0.455530	0.751540	0.250000	0.139658	-0.002065
1.872030	0.803522	0.455530	0.751540	0.250000	0.139658	-0.002065
1.882808	0.817365	0.468598	0.690661	0.250000	0.330853	0.008601
1.892588	0.817365	0.468598	0.690661	0.250000	0.330853	0.008601
1.902381	0.817365	0.468598	0.690661	0.250000	0.330853	0.008601
1.912068	0.817365	0.468598	0.690661	0.250000	0.330853	0.008601
1.921993	0.817365	0.468598	0.690661	0.250000	0.330853	0.008601
1.932495	0.817365	0.468598	0.690661	0.250000	0.330853	0.008601
1.942318	0.817365	0.468598	0.690661	0.250000	0.330853	0.008601
1.952831	0.817365	0.468598	0.690661	0.250000	0.330853	0.008601
1.962032	0.831860	0.480895	0.655096	0.250000	0.481344	0.017612
1.972587	0.831860	0.480895	0.655096	0.250000	0.481344	0.017612
1.982294	0.831860	0.480895	0.655096	0.250000	0.481344	0.017612
1.992001	0.831860	0.480895	0.655096	0.250000	0.481344	0.017612
2.002120	0.831860	0.480895	0.655096	0.250000	0.481344	0.017612
2.012166	0.831860	0.480895	0.655096	0.250000	0.481344	0.017612
2.022328	0.846238	0.491714	0.630594	0.250000	0.604607	0.025271
2.032037	0.846238	0.491714	0.630594	0.250000	0.604607	0.025271
2.042228	0.846238	0.491714	0.630594	0.250000	0.604607	0.025271
2.052568	0.846238	0.491714	0.630594	0.250000	0.604607	0.025271
2.062386	0.846238	0.491714	0.630594	0.250000	0.604607	0.025271
2.072028	0.846238	0.491714	0.630594	0.250000	0.604607	0.025271
2.082085	0.858363	0.499798	0.635377	0.250000	0.651605	0.028893
2.092019	0.858363	0.499798	0.635377	0.250000	0.651605	0.028893
2.102048	0.858363	0.499798	0.635377	0.250000	0.651605	0.028893
2.112091	0.858363	0.499798	0.635377	0.250000	0.651605	0.028893
2.121986	0.858363	0.499798	0.635377	0.250000	0.651605	0.028893
2.132144	0.858363	0.499798	0.635377	0.250000	0.651605	0.028893
2.142385	0.858363	0.499798	0.635377	0.250000	0.651605	0.028893
2.152153	0.858363	0.499798	0.635377	0.250000	0.651605	0.028893
2.161999	0.858363	0.499798	0.635377	0.250000	0.651605	0.028893
2.172668	0.858363	0.499798	0.635377	0.250000	0.651605	0.028893
2.182439	0.858363	0.499798	0.635377	0.250000	0.651605	0.028893
2.191996	0.876989	0.510446	0.639764	0.250000	0.758777	0.037063
2.202117	0.876989	0.510446	0.639764	0.250000	0.758777	0.037063
2.212148	0.876989	0.510446	0.639764	0.250000	0.758777	0.037063
2.222481	0.876989	0.510446	0.639764	0.250000	0.758777	0.037063
2.232099	0.876989	0.510446	0.639764	0.250000	0.758777	0.037063
2.242040	0.876989	0.510446	0.639764	0.250000	0.758777	0.037063
2.251962	0.876989	0.510446	0.639764	0.250000	0.758777	0.037063
2.262606	0.876989	0.510446	0.639764	0.250000	0.758777	0.037063
2.272182	0.891202	0.524708	0.689475	0.250000	0.719290	0.034627
2.283082	0.891202	0.524708	0.689475	0.250000	0.719290	0.034627
2.292010	0.891202	0.524708	0.689475	0.250000	0.719290	0.034627
2.302169	0.891202	0.524708	0.689475	0.250000	0.719290	0.034627
2.312120	0.891202	0.524708	0.689475	0.250000	0.719290	0.034627
2.322009	0.891202	0.524708	0.689475	0.250000	0.719290	0.034627
2.332286	0.891202	0.524708	0.689475	0.250000	0.719290	0.034627
2.342069	0.891202	0.524708	0.689475	0.250000	0.719290	0.034627
2.352254	0.891202	0.524708	0.689475	0.250000	0.719290	0.034627
2.362019	0.891202	0.524708	0.689475	0.250000	0.719290	0.034627
2.371995	0.891202	0.524708	0.689475	0.250000	0.719290	0.034627
2.381985	0.891202	0.524708	0.689475	0.250000	0.719290	0.034627
2.392001	0.907770	0.540866	0.764020	0.250000	0.684863	0.032333
2.402179	0.907770	0.540866	0.764020	0.250000	0.684863	0.032333
2.413198	0.907770	0.540866	0.764020	0.250000	0.684863	0.032333
2.422010	0.907770	0.540866	0.764020	0.250000	0.684863	0.032333
2.432108	0.907770	0.540866	0.764020	0.250000	0.684863	0.032333
2.442096	0.907770	0.540866	0.764020	0.250000	0.684863	0.032333
2.452128	0.907770	0.540866	0.764020	0.250000	0.684863	0.032333
2.462296	0.907770	0.540866	0.764020	0.250000	0.684863	0.032333
2.472600	0.917808	0.558256	0.857901	0.250000	0.548234	0.021915
2.482057	0.917808	0.558256	0.857901	0.250000	0.548234	0.021915
2.492088	0.917808	0.558256	0.857901	0.250000	0.548234	0.021915
2.502062	0.917808	0.558256	0.857901	0.250000	0.548234	0.021915
2.512084	0.917808	0.558256	0.857901	0.250000	0.548234	0.021915
2.522147	0.917808	0.558256	0.857901	0.250000	0.548234	0.021915
2.532069	0.917808	0.558256	0.857901	0.250000	0.548234	0.021915
2.541995	0.917808	0.558256	0.857901	0.250000	0.548234	0.021915
2.551973	0.917808	0.558256	0.857901	0.250000	0.548234	0.021915
2.562043	0.917808	0.558256	0.857901	0.250000	0.548234	0.021915
2.572801	0.932543	0.575287	0.930303	0.250000	0.533930	0.019442
2.582631	0.932543	0.575287	0.930303	0.250000	0.533930	0.019442
2.592153	0.932543	0.575287	0.930303	0.250000	0.533930	0.019442
2.602087	0.932543	0.575287	0.930303	0.250000	0.533930	0.019442
2.612790	0.932543	0.575287	0.930303	0.250000	0.533930	0.019442
2.622666	0.932543	0.575287	0.930303	0.250000	0.533930	0.019442
2.632316	0.932543	0.575287	0.930303	0.250000	0.533930	0.019442
2.642147	0.943527	0.592404	0.990591	0.250000	0.552434	0.017355
2.653053	0.943527	0.592404	0.990591	0.250000	0.552434	0.017355
2.662421	0.943527	0.592404	0.990591	0.250000	0.552434	0.017355
2.672207	0.943527	0.592404	0.990591	0.250000	0.552434	0.017355
2.682111	0.943527	0.592404	0.990591	0.250000	0.552434	0.017355
2.692043	0.943527	0.592404	0.990591	0.250000	0.552434	0.017355
2.702650	0.943527	0.592404	0.990591	0.250000	0.552434	0.017355
2.712373	0.943527	0.592404	0.990591	0.250000	0.552434	0.017355
2.722140	0.943527	0.592404	0.990591	0.250000	0.552434	0.017355
2.731994	0.943527	0.592404	0.990591	0.250000	0.552434	0.017355
2.742041	0.943527	0.592404	0.990591	0.250000	0.552434	0.017355
2.753168	0.943527	0.592404	0.990591	0.250000	0.552434	0.017355
2.762189	0.943527	0.592404	0.990591	0.250000	0.552434	0.017355
2.772030	0.943527	0.592404	0.990591	0.250000	0.552434	0.017355
2.782689	0.943527	0.592404	0.990591	0.250000	0.552434	0.017355
2.792019	0.956891	0.616124	1.063649	0.250000	0.605396	0.017037
2.802220	0.956891	0.616124	1.063649	0.250000	0.605396	0.017037
2.812921	0.956891	0.616124	1.063649	0.250000	0.605396	0.017037
2.822824	0.956891	0.616124	1.063649	0.250000	0.605396	0.017037
2.832397	0.956891	0.616124	1.063649	0.250000	0.605396	0.017037
2.842158	0.956891	0.616124	1.063649	0.250000	0.605396	0.017037
2.851985	0.956891	0.616124	1.063649	0.250000	0.605396	0.017037
2.862141	0.967237	0.637511	1.132127	0.250000	0.625020	0.017245
2.872535	0.967237	0.637511	1.132127	0.250000	0.625020	0.017245
2.882227	0.967237	0.637511	1.132127	0.250000	0.625020	0.017245
2.891999	0.967237	0.637511	1.132127	0.250000	0.625020	0.017245
2.901993	0.967237	0.637511	1.132127	0.250000	0.625020	0.017245
2.912012	0.967237	0.637511	1.132127	0.250000	0.625020	0.017245
2.922059	0.967237	0.637511	1.132127	0.250000	0.625020	0.017245
2.931947	0.967237	0.637511	1.132127	0.250000	0.625020	0.017245
2.941989	0.967237	0.637511	1.132127	0.250000	0.625020	0.017245
2.952583	0.967237	0.637511	1.132127	0.250000	0.625020	0.017245
2.962937	0.967237	0.637511	1.132127	0.250000	0.625020	0.017245
2.972851	0.967237	0.637511	1.132127	0.250000	0.625020	0.017245
2.982036	0.967237	0.637511	1.132127	0.250000	0.625020	0.017245
2.991991	0.967237	0.637511	1.132127	0.250000	0.625020	0.017245
3.002321	0.967237	0.637511	1.132127	0.250000	0.625020	0.017245
3.012025	0.978714	0.663263	1.209629	0.250000	0.632661	0.019050
3.022806	0.978714	0.663263	1.209629	0.250000	0.632661	0.019050
3.031977	0.978714	0.663263	1.209629	0.250000	0.632661	0.019050
3.042259	0.978714	0.663263	1.209629	0.250000	0.632661	0.019050
3.051975	0.978714	0.663263	1.209629	0.250000	0.632661	0.019050
3.062802	0.978714	0.663263	1.209629	0.250000	0.632661	0.019050
3.072538	0.984978	0.683254	1.267667	0.250000	0.601085	0.019132
3.082358	0.984978	0.683254	1.267667	0.250000	0.601085	0.019132
3.092044	0.984978	0.683254	1.267667	0.250000	0.601085	0.019132
3.102081	0.984978	0.683254	1.267667	0.250000	0.601085	0.019132
3.112526	0.984978	0.683254	1.267667	0.250000	0.601085	0.019132
3.122316	0.984978	0.683254	1.267667	0.250000	0.601085	0.019132
3.132045	0.984978	0.683254	1.267667	0.250000	0.601085	0.019132
3.142787	0.988673	0.700890	1.323160	0.250000	0.540964	0.018123
3.152556	0.988673	0.700890	1.323160	0.250000	0.540964	0.018123
3.162489	0.988673	0.700890	1.323160	0.250000	0.540964	0.018123
3.172110	0.988673	0.700890	1.323160	0.250000	0.540964	0.018123
3.181976	0.988673	0.700890	1.323160	0.250000	0.540964	0.018123
3.191979	0.988673	0.700890	1.323160	0.250000	0.540964	0.018123
3.202353	0.988673	0.700890	1.323160	0.250000	0.540964	0.018123
3.212093	0.988673	0.700890	1.323160	0.250000	0.540964	0.018123
3.221969	0.988673	0.700890	1.323160	0.250000	0.540964	0.018123
3.232104	0.988673	0.700890	1.323160	0.250000	0.540964	0.018123
3.241995	0.988673	0.700890	1.323160	0.250000	0.540964	0.018123
3.252124	0.990283	0.717260	1.376040	0.250000	0.437710	0.014424
3.262063	0.990283	0.717260	1.376040	0.250000	0.437710	0.014424
3.273381	0.990283	0.717260	1.376040	0.250000	0.437710	0.014424
3.282377	0.990283	0.717260	1.376040	0.250000	0.437710	0.014424
3.292242	0.990283	0.717260	1.376040	0.250000	0.437710	0.014424
3.302040	0.990283	0.717260	1.376040	0.250000	0.437710	0.014424
3.312637	0.990283	0.717260	1.376040	0.250000	0.437710	0.014424
3.323375	0.990283	0.717260	1.376040	0.250000	0.437710	0.014424
3.332161	0.990283	0.717260	1.376040	0.250000	0.437710	0.014424
3.342134	0.990283	0.717260	1.376040	0.250000	0.437710	0.014424
3.352142	0.990283	0.717260	1.376040	0.250000	0.437710	0.014424
3.362454	0.990283	0.717260	1.376040	0.250000	0.437710	0.014424
3.372190	0.990283	0.717260	1.376040	0.250000	0.437710	0.014424
3.382005	0.992907	0.736842	1.450414	0.250000	0.283959	0.008789
3.392661	0.992907	0.736842	1.450414	0.250000	0.283959	0.008789
3.402424	0.992907	0.736842	1.450414	0.250000	0.283959	0.008789
3.412046	0.992907	0.736842	1.450414	0.250000	0.283959	0.008789
3.421976	0.992907	0.736842	1.450414	0.250000	0.283959	0.008789
3.432693	0.992907	0.736842	1.450414	0.250000	0.283959	0.008789
3.442052	0.992907	0.736842	1.450414	0.250000	0.283959	0.008789
3.452025	0.992907	0.736842	1.450414	0.250000	0.283959	0.008789
3.462106	0.992907	0.736842	1.450414	0.250000	0.283959	0.008789
3.473398	0.992907	0.736842	1.450414	0.250000	0.283959	0.008789
3.482099	0.992907	0.736842	1.450414	0.250000	0.283959	0.008789
3.492083	0.996452	0.765247	1.535729	0.250000	0.104678	0.002252
3.502081	0.996452	0.765247	1.535729	0.250000	0.104678	0.002252
3.511991	0.996452	0.765247	1.535729	0.250000	0.104678	0.002252
3.521978	0.996452	0.765247	1.535729	0.250000	0.104678	0.002252
3.532010	0.996452	0.765247	1.535729	0.250000	0.104678	0.002252
3.541997	0.996452	0.765247	1.535729	0.250000	0.104678	0.002252
3.552665	0.998604	0.791283	1.606163	0.250000	-0.057529	-0.004351
3.562490	0.998604	0.791283	1.606163	0.250000	-0.057529	-0.004351
3.572239	0.998604	0.791283	1.606163	0.250000	-0.057529	-0.004351
3.582129	0.998604	0.791283	1.606163	0.250000	-0.057529	-0.004351
3.591991	0.998604	0.791283	1.606163	0.250000	-0.057529	-0.004351
3.602516	0.998604	0.791283	1.606163	0.250000	-0.057529	-0.004351
3.612217	0.996695	0.809868	1.652094	0.250000	-0.204224	-0.012135
3.622082	0.996695	0.809868	1.652094	0.250000	-0.204224	-0.012135
3.632313	0.996695	0.809868	1.652094	0.250000	-0.204224	-0.012135
3.642162	0.996695	0.809868	1.652094	0.250000	-0.204224	-0.012135
3.652282	0.996695	0.809868	1.652094	0.250000	-0.204224	-0.012135
3.661999	0.996695	0.809868	1.652094	0.250000	-0.204224	-0.012135
3.672005	0.996695	0.809868	1.652094	0.250000	-0.204224	-0.012135
3.681987	0.996695	0.809868	1.652094	0.250000	-0.204224	-0.012135
3.692297	0.996695	0.809868	1.652094	0.250000	-0.204224	-0.012135
3.702009	0.996695	0.809868	1.652094	0.250000	-0.204224	-0.012135
3.711970	0.996695	0.809868	1.652094	0.250000	-0.204224	-0.012135
3.722561	0.996695	0.809868	1.652094	0.250000	-0.204224	-0.012135
3.732273	0.996695	0.809868	1.652094	0.250000	-0.204224	-0.012135
3.742101	0.994642	0.829908	1.689994	0.250000	-0.328980	-0.018957
3.752024	0.994642	0.829908	1.689994	0.250000	-0.328980	-0.018957
3.762031	0.994642	0.829908	1.689994	0.250000	-0.328980	-0.018957
3.772086	0.994642	0.829908	1.689994	0.250000	-0.328980	-0.018957
3.782007	0.994642	0.829908	1.689994	0.250000	-0.328980	-0.018957
3.791990	0.994642	0.829908	1.689994	0.250000	-0.328980	-0.018957
3.802071	0.994642	0.829908	1.689994	0.250000	-0.328980	-0.018957
3.811967	0.991605	0.849618	1.712103	0.250000	-0.423086	-0.024722
3.821947	0.991605	0.849618	1.712103	0.250000	-0.423086	-0.024722
3.832792	0.991605	0.849618	1.712103	0.250000	-0.423086	-0.024722
3.842047	0.991605	0.849618	1.712103	0.250000	-0.423086	-0.024722
3.852003	0.991605	0.849618	1.712103	0.250000	-0.423086	-0.024722
3.862213	0.991605	0.849618	1.712103	0.250000	-0.423086	-0.024722
3.872087	0.991605	0.849618	1.712103	0.250000	-0.423086	-0.024722
3.882025	0.991605	0.849618	1.712103	0.250000	-0.423086	-0.024722
3.892068	0.991605	0.849618	1.712103	0.250000	-0.423086	-0.024722
3.902090	0.991605	0.849618	1.712103	0.250000	-0.423086	-0.024722
3.911994	0.991605	0.849618	1.712103	0.250000	-0.423086	-0.024722
3.921999	0.991605	0.849618	1.712103	0.250000	-0.423086	-0.024722
3.932014	0.991605	0.849618	1.712103	0.250000	-0.423086	-0.024722
3.942148	0.991605	0.849618	1.712103	0.250000	-0.423086	-0.024722
3.952543	0.991605	0.849618	1.712103	0.250000	-0.423086	-0.024722
3.962096	0.989220	0.877873	1.726020	0.250000	-0.490109	-0.028738
3.972421	0.989220	0.877873	1.726020	0.250000	-0.490109	-0.028738
3.982553	0.989220	0.877873	1.726020	0.250000	-0.490109	-0.028738
3.992002	0.989220	0.877873	1.726020	0.250000	-0.490109	-0.028738
4.002029	0.989220	0.877873	1.726020	0.250000	-0.490109	-0.028738
4.012418	0.989220	0.877873	1.726020	0.250000	-0.490109	-0.028738
4.022253	0.989220	0.877873	1.726020	0.250000	-0.490109	-0.028738
4.032871	0.984572	0.900459	1.764622	0.250000	-0.630032	-0.037938
4.041964	0.984572	0.900459	1.764622	0.250000	-0.630032	-0.037938
4.052080	0.984572	0.900459	1.764622	0.250000	-0.630032	-0.037938
4.061988	0.984572	0.900459	1.764622	0.250000	-0.630032	-0.037938
4.072020	0.984572	0.900459	1.764622	0.250000	-0.630032	-0.037938
4.082764	0.984572	0.900459	1.764622	0.250000	-0.630032	-0.037938
4.092098	0.984572	0.900459	1.764622	0.250000	-0.630032	-0.037938
4.102887	0.984572	0.900459	1.764622	0.250000	-0.630032	-0.037938
4.112008	0.984572	0.900459	1.764622	0.250000	-0.630032	-0.037938
4.122032	0.984572	0.900459	1.764622	0.250000	-0.630032	-0.037938
4.132022	0.984572	0.900459	1.764622	0.250000	-0.630032	-0.037938
4.142209	0.984572	0.900459	1.764622	0.250000	-0.630032	-0.037938
4.151981	0.984572	0.900459	1.764622	0.250000	-0.630032	-0.037938
4.162004	0.984572	0.900459	1.764622	0.250000	-0.630032	-0.037938
4.172587	0.984572	0.900459	1.764622	0.250000	-0.630032	-0.037938
4.182269	0.984572	0.900459	1.764622	0.250000	-0.630032	-0.037938
4.192021	0.978677	0.926393	1.721343	0.250000	-0.602710	-0.038745
4.202084	0.978677	0.926393	1.721343	0.250000	-0.602710	-0.038745
4.212097	0.978677	0.926393	1.721343	0.250000	-0.602710	-0.038745
4.222238	0.978677	0.926393	1.721343	0.250000	-0.602710	-0.038745
4.231979	0.978677	0.926393	1.721343	0.250000	-0.602710	-0.038745
4.242034	0.978677	0.926393	1.721343	0.250000	-0.602710	-0.038745
4.252623	0.978677	0.926393	1.721343	0.250000	-0.602710	-0.038745
4.262098	0.978677	0.926393	1.721343	0.250000	-0.602710	-0.038745
4.272017	0.980766	0.946512	1.654783	0.250000	-0.438501	-0.028669
4.282754	0.980766	0.946512	1.654783	0.250000	-0.438501	-0.028669
4.292068	0.980766	0.946512	1.654783	0.250000	-0.438501	-0.028669
4.302165	0.980766	0.946512	1.654783	0.250000	-0.438501	-0.028669
4.312044	0.980766	0.946512	1.654783	0.250000	-0.438501	-0.028669
4.322824	0.980766	0.946512	1.654783	0.250000	-0.438501	-0.028669
4.332064	0.980766	0.946512	1.654783	0.250000	-0.438501	-0.028669
4.342214	0.980766	0.946512	1.654783	0.250000	-0.438501	-0.028669
4.351994	0.978342	0.967756	1.543209	0.250000	-0.193875	-0.016331
4.362135	0.978342	0.967756	1.543209	0.250000	-0.193875	-0.016331
4.372578	0.978342	0.967756	1.543209	0.250000	-0.193875	-0.016331
4.382333	0.978342	0.967756	1.543209	0.250000	-0.193875	-0.016331
4.392028	0.978342	0.967756	1.543209	0.250000	-0.193875	-0.016331
4.402010	0.978342	0.967756	1.543209	0.250000	-0.193875	-0.016331
4.412165	0.978342	0.967756	1.543209	0.250000	-0.193875	-0.016331
4.422753	0.979325	0.988040	1.502658	0.250000	-0.088846	-0.010441
4.432096	0.979325	0.988040	1.502658	0.250000	-0.088846	-0.010441
4.442028	0.979325	0.988040	1.502658	0.250000	-0.088846	-0.010441
4.452566	0.979325	0.988040	1.502658	0.250000	-0.088846	-0.010441
4.462433	0.979325	0.988040	1.502658	0.250000	-0.088846	-0.010441
4.472091	0.979325	0.988040	1.502658	0.250000	-0.088846	-0.010441
4.482877	0.979325	0.988040	1.502658	0.250000	-0.088846	-0.010441
4.492001	0.979325	0.988040	1.502658	0.250000	-0.088846	-0.010441
4.502552	0.974276	1.011192	1.471506	0.250000	-0.080937	-0.012004
4.512017	0.974276	1.011192	1.471506	0.250000	-0.080937	-0.012004
4.522186	0.974276	1.011192	1.471506	0.250000	-0.080937	-0.012004
4.532309	0.974276	1.011192	1.471506	0.250000	-0.080937	-0.012004
4.542086	0.974276	1.011192	1.471506	0.250000	-0.080937	-0.012004
4.552112	0.974276	1.011192	1.471506	0.250000	-0.080937	-0.012004
4.562008	0.974276	1.011192	1.471506	0.250000	-0.080937	-0.012004
4.572597	0.977193	1.031058	1.422214	0.250000	0.069872	-0.003160
4.582160	0.977193	1.031058	1.422214	0.250000	0.069872	-0.003160
4.592126	0.977193	1.031058	1.422214	0.250000	0.069872	-0.003160
4.601997	0.977193	1.031058	1.422214	0.250000	0.069872	-0.003160
4.612682	0.977193	1.031058	1.422214	0.250000	0.069872	-0.003160
4.622535	0.977193	1.031058	1.422214	0.250000	0.069872	-0.003160
4.632148	0.980140	1.050511	1.372140	0.250000	0.223421	0.005749
4.642102	0.980140	1.050511	1.372140	0.250000	0.223421	0.005749
4.652638	0.980140	1.050511	1.372140	0.250000	0.223421	0.005749
4.662444	0.980140	1.050511	1.372140	0.250000	0.223421	0.005749
4.672166	0.980140	1.050511	1.372140	0.250000	0.223421	0.005749
4.681954	0.980140	1.050511	1.372140	0.250000	0.223421	0.005749
4.692658	0.982920	1.066732	1.347014	0.250000	0.308608	0.011009
4.702557	0.982920	1.066732	1.347014	0.250000	0.308608	0.011009
4.712160	0.982920	1.066732	1.347014	0.250000	0.308608	0.011009
4.722055	0.982920	1.066732	1.347014	0.250000	0.308608	0.011009
4.732231	0.982920	1.066732	1.347014	0.250000	0.308608	0.011009
4.742936	0.985590	1.081323	1.333662	0.250000	0.366870	0.014864
4.752267	0.985590	1.081323	1.333662	0.250000	0.366870	0.014864
4.762018	0.985590	1.081323	1.333662	0.250000	0.366870	0.014864
4.772714	0.985590	1.081323	1.333662	0.250000	0.366870	0.014864
4.782486	0.985590	1.081323	1.333662	0.250000	0.366870	0.014864
4.792198	0.985590	1.081323	1.333662	0.250000	0.366870	0.014864
4.802671	0.985590	1.081323	1.333662	0.250000	0.366870	0.014864
4.812737	0.989487	1.098586	1.338620	0.250000	0.388968	0.016841
4.822531	0.989487	1.098586	1.338620	0.250000	0.388968	0.016841
4.832216	0.989487	1.098586	1.338620	0.250000	0.388968	0.016841
4.841971	0.989487	1.098586	1.338620	0.250000	0.388968	0.016841
4.852802	0.989487	1.098586	1.338620	0.250000	0.388968	0.016841
4.862511	0.989487	1.098586	1.338620	0.250000	0.388968	0.016841
4.872198	0.992029	1.107435	1.334456	0.250000	0.435351	0.020002
4.882003	0.992029	1.107435	1.334456	0.250000	0.435351	0.020002
4.892761	0.992029	1.107435	1.334456	0.250000	0.435351	0.020002
4.902042	0.992029	1.107435	1.334456	0.250000	0.435351	0.020002
4.912157	0.992029	1.107435	1.334456	0.250000	0.435351	0.020002
4.922100	0.992029	1.107435	1.334456	0.250000	0.435351	0.020002
4.932317	0.992029	1.107435	1.334456	0.250000	0.435351	0.020002
4.942631	0.992029	1.107435	1.334456	0.250000	0.435351	0.020002
4.952257	0.992029	1.107435	1.334456	0.250000	0.435351	0.020002
4.962107	0.992029	1.107435	1.334456	0.250000	0.435351	0.020002
4.974972	0.992029	1.107435	1.334456	0.250000	0.435351	0.020002
4.982482	0.992029	1.107435	1.334456	0.250000	0.435351	0.020002
4.992281	0.992029	1.107435	1.334456	0.250000	0.435351	0.020002
5.002063	0.992029	1.107435	1.334456	0.250000	0.435351	0.020002
5.012824	0.997860	1.128591	1.348063	0.250000	0.469023	0.022794
5.022599	0.997860	1.128591	1.348063	0.250000	0.469023	0.022794
5.032300	0.997860	1.128591	1.348063	0.250000	0.469023	0.022794
5.042061	0.997860	1.128591	1.348063	0.250000	0.469023	0.022794
5.051984	0.997860	1.128591	1.348063	0.250000	0.469023	0.022794
5.062062	1.000478	1.139684	1.370695	0.250000	0.453364	0.022249
5.072387	1.000478	1.139684	1.370695	0.250000	0.453364	0.022249
5.082038	1.000478	1.139684	1.370695	0.250000	0.453364	0.022249
5.091992	1.000478	1.139684	1.370695	0.250000	0.453364	0.022249
5.102076	1.000478	1.139684	1.370695	0.250000	0.453364	0.022249
5.112000	1.000478	1.139684	1.370695	0.250000	0.453364	0.022249
5.122020	1.005652	1.163173	1.406978	0.250000	0.469557	0.023258
5.131971	1.005652	1.163173	1.406978	0.250000	0.469557	0.023258
5.142024	1.005652	1.163173	1.406978	0.250000	0.469557	0.023258
5.152402	1.005652	1.163173	1.406978	0.250000	0.469557	0.023258
5.162231	1.005652	1.163173	1.406978	0.250000	0.469557	0.023258
5.172885	1.005652	1.163173	1.406978	0.250000	0.469557	0.023258
5.182622	1.005652	1.163173	1.406978	0.250000	0.469557	0.023258
5.192367	1.005265	1.173235	1.441727	0.250000	0.407347	0.018835
5.202233	1.005265	1.173235	1.441727	0.250000	0.407347	0.018835
5.212893	1.005265	1.173235	1.441727	0.250000	0.407347	0.018835
5.222650	1.005265	1.173235	1.441727	0.250000	0.407347	0.018835
5.232392	1.005265	1.173235	1.441727	0.250000	0.407347	0.018835
5.243243	1.005265	1.173235	1.441727	0.250000	0.407347	0.018835
5.252022	1.005265	1.173235	1.441727	0.250000	0.407347	0.018835
5.262039	1.005265	1.173235	1.441727	0.250000	0.407347	0.018835
5.272037	1.006819	1.191520	1.488282	0.250000	0.365945	0.015471
5.282151	1.006819	1.191520	1.488282	0.250000	0.365945	0.015471
5.291924	1.006819	1.191520	1.488282	0.250000	0.365945	0.015471
5.302665	1.006819	1.191520	1.488282	0.250000	0.365945	0.015471
5.312391	1.006819	1.191520	1.488282	0.250000	0.365945	0.015471
5.322248	1.005944	1.207145	1.519428	0.250000	0.335730	0.012036
5.332904	1.005944	1.207145	1.519428	0.250000	0.335730	0.012036
5.341980	1.005944	1.207145	1.519428	0.250000	0.335730	0.012036
5.352027	1.005944	1.207145	1.519428	0.250000	0.335730	0.012036
5.362207	1.005944	1.207145	1.519428	0.250000	0.335730	0.012036
5.372048	1.005944	1.207145	1.519428	0.250000	0.335730	0.012036
5.381962	1.008204	1.232996	1.560186	0.250000	0.394507	0.013323
5.392551	1.008204	1.232996	1.560186	0.250000	0.394507	0.013323
5.402394	1.008204	1.232996	1.560186	0.250000	0.394507	0.013323
5.412014	1.008204	1.232996	1.560186	0.250000	0.394507	0.013323
5.422837	1.008204	1.232996	1.560186	0.250000	0.394507	0.013323
5.431967	1.008204	1.232996	1.560186	0.250000	0.394507	0.013323
5.442231	1.008204	1.232996	1.560186	0.250000	0.394507	0.013323
5.451961	1.008204	1.232996	1.560186	0.250000	0.394507	0.013323
5.462013	1.008840	1.257166	1.680880	0.250000	0.294681	0.005399
5.472487	1.008840	1.257166	1.680880	0.250000	0.294681	0.005399
5.482216	1.008840	1.257166	1.680880	0.250000	0.294681	0.005399
5.492101	1.008840	1.257166	1.680880	0.250000	0.294681	0.005399
5.502066	1.008840	1.257166	1.680880	0.250000	0.294681	0.005399
5.513295	1.008840	1.257166	1.680880	0.250000	0.294681	0.005399
5.522223	1.009454	1.275707	1.722789	0.250000	0.352940	0.007101
5.532006	1.009454	1.275707	1.722789	0.250000	0.352940	0.007101
5.541934	1.009454	1.275707	1.722789	0.250000	0.352940	0.007101
5.552055	1.009454	1.275707	1.722789	0.250000	0.352940	0.007101
5.562279	1.009454	1.275707	1.722789	0.250000	0.352940	0.007101
5.572027	1.009454	1.275707	1.722789	0.250000	0.352940	0.007101
5.583244	1.004662	1.278729	1.890059	0.250000	-0.083934	-0.018450
5.592555	1.004662	1.278729	1.890059	0.250000	-0.083934	-0.018450
5.602338	1.004662	1.278729	1.890059	0.250000	-0.083934	-0.018450
5.612053	1.004662	1.278729	1.890059	0.250000	-0.083934	-0.018450
5.622824	1.004662	1.278729	1.890059	0.250000	-0.083934	-0.018450
5.632079	1.004662	1.278729	1.890059	0.250000	-0.083934	-0.018450
5.642308	1.004662	1.278729	1.890059	0.250000	-0.083934	-0.018450
5.652079	1.000623	1.284609	1.950087	0.250000	-0.190673	-0.027209
5.662014	1.000623	1.284609	1.950087	0.250000	-0.190673	-0.027209
5.672002	1.000623	1.284609	1.950087	0.250000	-0.190673	-0.027209
5.682394	1.000623	1.284609	1.950087	0.250000	-0.190673	-0.027209
5.693144	1.000623	1.284609	1.950087	0.250000	-0.190673	-0.027209
5.702060	1.000623	1.284609	1.950087	0.250000	-0.190673	-0.027209
5.711946	0.994840	1.294375	1.977366	0.250000	-0.184272	-0.030533
5.722025	0.994840	1.294375	1.977366	0.250000	-0.184272	-0.030533
5.732043	0.994840	1.294375	1.977366	0.250000	-0.184272	-0.030533
5.741978	0.994840	1.294375	1.977366	0.250000	-0.184272	-0.030533
5.751924	0.994840	1.294375	1.977366	0.250000	-0.184272	-0.030533
5.762067	0.994840	1.294375	1.977366	0.250000	-0.184272	-0.030533
5.772125	0.994840	1.294375	1.977366	0.250000	-0.184272	-0.030533
5.781963	0.993795	1.317163	1.878695	0.250000	0.265815	-0.005806
5.792004	0.993795	1.317163	1.878695	0.250000	0.265815	-0.005806
5.802091	0.993795	1.317163	1.878695	0.250000	0.265815	-0.005806
5.812121	0.993795	1.317163	1.878695	0.250000	0.265815	-0.005806
5.822896	0.993795	1.317163	1.878695	0.250000	0.265815	-0.005806
5.832144	0.993795	1.317163	1.878695	0.250000	0.265815	-0.005806
5.842235	0.993795	1.317163	1.878695	0.250000	0.265815	-0.005806
5.852200	0.993795	1.317163	1.878695	0.250000	0.265815	-0.005806
5.862006	0.993795	1.317163	1.878695	0.250000	0.265815	-0.005806
5.872036	0.993795	1.317163	1.878695	0.250000	0.265815	-0.005806
5.882391	0.993795	1.317163	1.878695	0.250000	0.265815	-0.005806
5.892193	0.993795	1.317163	1.878695	0.250000	0.265815	-0.005806
5.901934	0.989847	1.340920	1.914768	0.250000	0.422985	0.001706
5.912653	0.989847	1.340920	1.914768	0.250000	0.422985	0.001706
5.922529	0.989847	1.340920	1.914768	0.250000	0.422985	0.001706
5.932195	0.989847	1.340920	1.914768	0.250000	0.422985	0.001706
5.941984	0.989847	1.340920	1.914768	0.250000	0.422985	0.001706
5.952660	0.989847	1.340920	1.914768	0.250000	0.422985	0.001706
5.962662	0.989847	1.340920	1.914768	0.250000	0.422985	0.001706
5.972223	0.989847	1.340920	1.914768	0.250000	0.422985	0.001706
5.982135	0.989847	1.340920	1.914768	0.250000	0.422985	0.001706
5.991983	0.989847	1.340920	1.914768	0.250000	0.422985	0.001706
6.002155	0.989847	1.340920	1.914768	0.250000	0.422985	0.001706
6.011983	0.986609	1.365731	2.051008	0.250000	0.359833	-0.000425
6.022150	0.986609	1.365731	2.051008	0.250000	0.359833	-0.000425
6.032456	0.986609	1.365731	2.051008	0.250000	0.359833	-0.000425
6.041998	0.986609	1.365731	2.051008	0.250000	0.359833	-0.000425
6.052173	0.986609	1.365731	2.051008	0.250000	0.359833	-0.000425
6.062056	0.986609	1.365731	2.051008	0.250000	0.359833	-0.000425
6.071975	0.986609	1.365731	2.051008	0.250000	0.359833	-0.000425
6.081945	0.979617	1.386381	2.057760	0.250000	0.527096	0.008940
6.092042	0.979617	1.386381	2.057760	0.250000	0.527096	0.008940
6.102009	0.979617	1.386381	2.057760	0.250000	0.527096	0.008940
6.111975	0.979617	1.386381	2.057760	0.250000	0.527096	0.008940
6.122923	0.979617	1.386381	2.057760	0.250000	0.527096	0.008940
6.131971	0.979617	1.386381	2.057760	0.250000	0.527096	0.008940
6.142132	0.979617	1.386381	2.057760	0.250000	0.527096	0.008940
6.152763	0.979617	1.386381	2.057760	0.250000	0.527096	0.008940
6.162565	0.979617	1.386381	2.057760	0.250000	0.527096	0.008940
6.172051	0.979617	1.386381	2.057760	0.250000	0.527096	0.008940
6.182061	0.979617	1.386381	2.057760	0.250000	0.527096	0.008940
6.191965	0.979617	1.386381	2.057760	0.250000	0.527096	0.008940
6.202189	0.984266	1.404841	2.107478	0.250000	0.628126	0.019329
6.212204	0.984266	1.404841	2.107478	0.250000	0.628126	0.019329
6.222057	0.984266	1.404841	2.107478	0.250000	0.628126	0.019329
6.232392	0.984266	1.404841	2.107478	0.250000	0.628126	0.019329
6.242519	0.984266	1.404841	2.107478	0.250000	0.628126	0.019329
6.252277	0.984266	1.404841	2.107478	0.250000	0.628126	0.019329
6.262082	0.979411	1.431802	2.014339	0.250000	0.960293	0.040505
