t	x(t)	y(t)	theta(t)	v(t)	gamma(t)	efa
0.007781	0.695788	0.152590	1.604920	0.250000	-0.734649	-0.019137
0.009083	0.695788	0.152590	1.604920	0.250000	-0.734649	-0.019137
0.018714	0.695788	0.152590	1.604920	0.250000	-0.734649	-0.019137
0.029201	0.695788	0.152590	1.604920	0.250000	-0.734649	-0.019137
0.038947	0.695788	0.152590	1.604920	0.250000	-0.734649	-0.019137
0.048950	0.695788	0.152590	1.604920	0.250000	-0.734649	-0.019137
0.058572	0.695788	0.152590	1.604920	0.250000	-0.734649	-0.019137
0.069252	0.695788	0.152590	1.604920	0.250000	-0.734649	-0.019137
0.078952	0.695788	0.152590	1.604920	0.250000	-0.734649	-0.019137
0.088374	0.695264	0.153937	1.606093	0.250000	-0.742936	-0.019762
0.098382	0.695264	0.153937	1.606093	0.250000	-0.742936	-0.019762
0.108925	0.695264	0.153937	1.606093	0.250000	-0.742936	-0.019762
0.118414	0.695264	0.153937	1.606093	0.250000	-0.742936	-0.019762
0.128813	0.695264	0.153937	1.606093	0.250000	-0.742936	-0.019762
0.138603	0.695264	0.153937	1.606093	0.250000	-0.742936	-0.019762
0.148507	0.695788	0.152590	1.604920	0.250000	-0.734649	-0.019137
0.158999	0.695788	0.152590	1.604920	0.250000	-0.734649	-0.019137
0.168756	0.695788	0.152590	1.604920	0.250000	-0.734649	-0.019137
0.178472	0.695788	0.152590	1.604920	0.250000	-0.734649	-0.019137
0.188291	0.695788	0.152590	1.604920	0.250000	-0.734649	-0.019137
0.198992	0.695788	0.152590	1.604920	0.250000	-0.734649	-0.019137
0.208353	0.695788	0.152590	1.604920	0.250000	-0.734649	-0.019137
0.218590	0.695788	0.152590	1.604920	0.250000	-0.734649	-0.019137
0.228329	0.695788	0.152590	1.604920	0.250000	-0.734649	-0.019137
0.239080	0.695788	0.152590	1.604920	0.250000	-0.734649	-0.019137
0.253126	0.695788	0.152590	1.604920	0.250000	-0.734649	-0.019137
0.258717	0.695788	0.152590	1.604920	0.250000	-0.734649	-0.019137
0.268336	0.695788	0.152590	1.604920	0.250000	-0.734649	-0.019137
0.279058	0.695788	0.152590	1.604920	0.250000	-0.734649	-0.019137
0.288523	0.695788	0.152590	1.604920	0.250000	-0.734649	-0.019137
0.298390	0.695788	0.152590	1.604920	0.250000	-0.734649	-0.019137
0.308328	0.695788	0.152590	1.604920	0.250000	-0.734649	-0.019137
0.319059	0.696400	0.159443	1.588441	0.250000	-0.750046	-0.019613
0.328866	0.696400	0.159443	1.588441	0.250000	-0.750046	-0.019613
0.338570	0.696400	0.159443	1.588441	0.250000	-0.750046	-0.019613
0.348536	0.696400	0.159443	1.588441	0.250000	-0.750046	-0.019613
0.359079	0.696400	0.159443	1.588441	0.250000	-0.750046	-0.019613
0.368831	0.696400	0.159443	1.588441	0.250000	-0.750046	-0.019613
0.378597	0.696400	0.159443	1.588441	0.250000	-0.750046	-0.019613
0.388350	0.696087	0.172618	1.559487	0.250000	-0.777340	-0.021459
0.399086	0.696087	0.172618	1.559487	0.250000	-0.777340	-0.021459
0.408859	0.696087	0.172618	1.559487	0.250000	-0.777340	-0.021459
0.418510	0.696087	0.172618	1.559487	0.250000	-0.777340	-0.021459
0.428669	0.696087	0.172618	1.559487	0.250000	-0.777340	-0.021459
0.438375	0.696087	0.172618	1.559487	0.250000	-0.777340	-0.021459
0.449121	0.696087	0.172618	1.559487	0.250000	-0.777340	-0.021459
0.458336	0.696087	0.172618	1.559487	0.250000	-0.777340	-0.021459
0.468401	0.696087	0.172618	1.559487	0.250000	-0.777340	-0.021459
0.478320	0.696087	0.172618	1.559487	0.250000	-0.777340	-0.021459
0.488332	0.696696	0.191020	1.506842	0.250000	-0.801372	-0.023993
0.498392	0.696696	0.191020	1.506842	0.250000	-0.801372	-0.023993
0.508418	0.696696	0.191020	1.506842	0.250000	-0.801372	-0.023993
0.518492	0.696696	0.191020	1.506842	0.250000	-0.801372	-0.023993
0.528328	0.696696	0.191020	1.506842	0.250000	-0.801372	-0.023993
0.538711	0.696696	0.191020	1.506842	0.250000	-0.801372	-0.023993
0.548621	0.696696	0.191020	1.506842	0.250000	-0.801372	-0.023993
0.559183	0.696696	0.191020	1.506842	0.250000	-0.801372	-0.023993
0.568915	0.697301	0.207137	1.467865	0.250000	-0.854094	-0.029053
0.578680	0.697301	0.207137	1.467865	0.250000	-0.854094	-0.029053
0.588752	0.697301	0.207137	1.467865	0.250000	-0.854094	-0.029053
0.599177	0.697301	0.207137	1.467865	0.250000	-0.854094	-0.029053
0.608934	0.697301	0.207137	1.467865	0.250000	-0.854094	-0.029053
0.618481	0.699319	0.222096	1.429711	0.250000	-0.863436	-0.031491
0.628506	0.699319	0.222096	1.429711	0.250000	-0.863436	-0.031491
0.639215	0.699319	0.222096	1.429711	0.250000	-0.863436	-0.031491
0.649613	0.699319	0.222096	1.429711	0.250000	-0.863436	-0.031491
0.658709	0.699319	0.222096	1.429711	0.250000	-0.863436	-0.031491
0.668514	0.699319	0.222096	1.429711	0.250000	-0.863436	-0.031491
0.678277	0.699319	0.222096	1.429711	0.250000	-0.863436	-0.031491
0.688956	0.699319	0.222096	1.429711	0.250000	-0.863436	-0.031491
0.698425	0.699319	0.222096	1.429711	0.250000	-0.863436	-0.031491
0.708453	0.699319	0.222096	1.429711	0.250000	-0.863436	-0.031491
0.718724	0.701571	0.237415	1.395868	0.250000	-0.878867	-0.034722
0.728437	0.701571	0.237415	1.395868	0.250000	-0.878867	-0.034722
0.738354	0.701571	0.237415	1.395868	0.250000	-0.878867	-0.034722
0.748665	0.701571	0.237415	1.395868	0.250000	-0.878867	-0.034722
0.758301	0.701571	0.237415	1.395868	0.250000	-0.878867	-0.034722
0.768994	0.701571	0.237415	1.395868	0.250000	-0.878867	-0.034722
0.778682	0.701571	0.237415	1.395868	0.250000	-0.878867	-0.034722
0.788562	0.705280	0.253870	1.359770	0.250000	-0.875445	-0.036845
0.798297	0.705280	0.253870	1.359770	0.250000	-0.875445	-0.036845
0.808995	0.705280	0.253870	1.359770	0.250000	-0.875445	-0.036845
0.818808	0.705280	0.253870	1.359770	0.250000	-0.875445	-0.036845
0.828649	0.705280	0.253870	1.359770	0.250000	-0.875445	-0.036845
0.838303	0.705280	0.253870	1.359770	0.250000	-0.875445	-0.036845
0.848598	0.705280	0.253870	1.359770	0.250000	-0.875445	-0.036845
0.858367	0.705280	0.253870	1.359770	0.250000	-0.875445	-0.036845
0.868567	0.705280	0.253870	1.359770	0.250000	-0.875445	-0.036845
0.878279	0.705280	0.253870	1.359770	0.250000	-0.875445	-0.036845
0.889403	0.705280	0.253870	1.359770	0.250000	-0.875445	-0.036845
0.898803	0.710386	0.273654	1.316002	0.250000	-0.881773	-0.041061
0.908326	0.710386	0.273654	1.316002	0.250000	-0.881773	-0.041061
0.918486	0.710386	0.273654	1.316002	0.250000	-0.881773	-0.041061
0.929095	0.710386	0.273654	1.316002	0.250000	-0.881773	-0.041061
0.938847	0.710386	0.273654	1.316002	0.250000	-0.881773	-0.041061
0.948567	0.710386	0.273654	1.316002	0.250000	-0.881773	-0.041061
0.958295	0.716076	0.291425	1.270529	0.250000	-0.849826	-0.042482
0.969079	0.716076	0.291425	1.270529	0.250000	-0.849826	-0.042482
0.978796	0.716076	0.291425	1.270529	0.250000	-0.849826	-0.042482
0.988917	0.716076	0.291425	1.270529	0.250000	-0.849826	-0.042482
0.998383	0.716076	0.291425	1.270529	0.250000	-0.849826	-0.042482
1.009051	0.716076	0.291425	1.270529	0.250000	-0.849826	-0.042482
1.018876	0.721019	0.308189	1.222088	0.250000	-0.807258	-0.043809
1.028655	0.721019	0.308189	1.222088	0.250000	-0.807258	-0.043809
1.038411	0.721019	0.308189	1.222088	0.250000	-0.807258	-0.043809
1.052436	0.721019	0.308189	1.222088	0.250000	-0.807258	-0.043809
1.059332	0.721019	0.308189	1.222088	0.250000	-0.807258	-0.043809
1.069160	0.721019	0.308189	1.222088	0.250000	-0.807258	-0.043809
1.078860	0.721019	0.308189	1.222088	0.250000	-0.807258	-0.043809
1.088639	0.721019	0.308189	1.222088	0.250000	-0.807258	-0.043809
1.098647	0.721019	0.308189	1.222088	0.250000	-0.807258	-0.043809
1.109158	0.721019	0.308189	1.222088	0.250000	-0.807258	-0.043809
1.118516	0.721019	0.308189	1.222088	0.250000	-0.807258	-0.043809
1.128708	0.726913	0.324402	1.178152	0.250000	-0.753774	-0.044227
1.140826	0.726913	0.324402	1.178152	0.250000	-0.753774	-0.044227
1.148446	0.726913	0.324402	1.178152	0.250000	-0.753774	-0.044227
1.158319	0.726913	0.324402	1.178152	0.250000	-0.753774	-0.044227
1.168656	0.726913	0.324402	1.178152	0.250000	-0.753774	-0.044227
1.178490	0.726913	0.324402	1.178152	0.250000	-0.753774	-0.044227
1.188321	0.726913	0.324402	1.178152	0.250000	-0.753774	-0.044227
1.198998	0.733101	0.339407	1.136964	0.250000	-0.684359	-0.042918
1.208802	0.733101	0.339407	1.136964	0.250000	-0.684359	-0.042918
1.218620	0.733101	0.339407	1.136964	0.250000	-0.684359	-0.042918
1.229206	0.733101	0.339407	1.136964	0.250000	-0.684359	-0.042918
1.238904	0.733101	0.339407	1.136964	0.250000	-0.684359	-0.042918
1.248930	0.733101	0.339407	1.136964	0.250000	-0.684359	-0.042918
1.258516	0.733101	0.339407	1.136964	0.250000	-0.684359	-0.042918
1.269178	0.733101	0.339407	1.136964	0.250000	-0.684359	-0.042918
1.278993	0.733101	0.339407	1.136964	0.250000	-0.684359	-0.042918
1.288750	0.733101	0.339407	1.136964	0.250000	-0.684359	-0.042918
1.298475	0.733101	0.339407	1.136964	0.250000	-0.684359	-0.042918
1.309028	0.744357	0.359259	1.083429	0.250000	-0.554521	-0.038963
1.318361	0.744357	0.359259	1.083429	0.250000	-0.554521	-0.038963
1.328716	0.744357	0.359259	1.083429	0.250000	-0.554521	-0.038963
1.338487	0.744357	0.359259	1.083429	0.250000	-0.554521	-0.038963
1.349311	0.744357	0.359259	1.083429	0.250000	-0.554521	-0.038963
1.358990	0.744357	0.359259	1.083429	0.250000	-0.554521	-0.038963
1.368698	0.744357	0.359259	1.083429	0.250000	-0.554521	-0.038963
1.378472	0.754014	0.375349	1.031099	0.250000	-0.431233	-0.033223
1.388284	0.754014	0.375349	1.031099	0.250000	-0.431233	-0.033223
1.399070	0.754014	0.375349	1.031099	0.250000	-0.431233	-0.033223
1.408797	0.754014	0.375349	1.031099	0.250000	-0.431233	-0.033223
1.418671	0.754014	0.375349	1.031099	0.250000	-0.431233	-0.033223
1.432206	0.754014	0.375349	1.031099	0.250000	-0.431233	-0.033223
1.439007	0.754014	0.375349	1.031099	0.250000	-0.431233	-0.033223
1.449004	0.754014	0.375349	1.031099	0.250000	-0.431233	-0.033223
1.458529	0.754014	0.375349	1.031099	0.250000	-0.431233	-0.033223
1.468321	0.754014	0.375349	1.031099	0.250000	-0.431233	-0.033223
1.479013	0.766190	0.392344	0.969156	0.250000	-0.286523	-0.024199
1.488813	0.766190	0.392344	0.969156	0.250000	-0.286523	-0.024199
1.498614	0.766190	0.392344	0.969156	0.250000	-0.286523	-0.024199
1.508325	0.766190	0.392344	0.969156	0.250000	-0.286523	-0.024199
1.518580	0.766190	0.392344	0.969156	0.250000	-0.286523	-0.024199
1.528781	0.766190	0.392344	0.969156	0.250000	-0.286523	-0.024199
1.538366	0.766190	0.392344	0.969156	0.250000	-0.286523	-0.024199
1.548555	0.766190	0.392344	0.969156	0.250000	-0.286523	-0.024199
1.559081	0.766190	0.392344	0.969156	0.250000	-0.286523	-0.024199
1.568788	0.766190	0.392344	0.969156	0.250000	-0.286523	-0.024199
1.578579	0.766190	0.392344	0.969156	0.250000	-0.286523	-0.024199
1.589611	0.766190	0.392344	0.969156	0.250000	-0.286523	-0.024199
1.599074	0.766190	0.392344	0.969156	0.250000	-0.286523	-0.024199
1.608828	0.777687	0.408053	0.915944	0.250000	-0.172074	-0.016709
1.618505	0.777687	0.408053	0.915944	0.250000	-0.172074	-0.016709
1.628407	0.777687	0.408053	0.915944	0.250000	-0.172074	-0.016709
1.638366	0.777687	0.408053	0.915944	0.250000	-0.172074	-0.016709
1.648511	0.777687	0.408053	0.915944	0.250000	-0.172074	-0.016709
1.658318	0.777687	0.408053	0.915944	0.250000	-0.172074	-0.016709
1.668449	0.789813	0.422556	0.858845	0.250000	-0.026239	-0.007809
1.678336	0.789813	0.422556	0.858845	0.250000	-0.026239	-0.007809
1.688289	0.789813	0.422556	0.858845	0.250000	-0.026239	-0.007809
1.698456	0.789813	0.422556	0.858845	0.250000	-0.026239	-0.007809
1.708391	0.789813	0.422556	0.858845	0.250000	-0.026239	-0.007809
1.718546	0.789813	0.422556	0.858845	0.250000	-0.026239	-0.007809
1.728376	0.789813	0.422556	0.858845	0.250000	-0.026239	-0.007809
1.738674	0.789813	0.422556	0.858845	0.250000	-0.026239	-0.007809
1.748439	0.789813	0.422556	0.858845	0.250000	-0.026239	-0.007809
1.758295	0.801927	0.436060	0.819110	0.250000	0.089128	-0.000785
1.768347	0.801927	0.436060	0.819110	0.250000	0.089128	-0.000785
1.778359	0.801927	0.436060	0.819110	0.250000	0.089128	-0.000785
1.788692	0.801927	0.436060	0.819110	0.250000	0.089128	-0.000785
1.798425	0.801927	0.436060	0.819110	0.250000	0.089128	-0.000785
1.809135	0.801927	0.436060	0.819110	0.250000	0.089128	-0.000785
1.818406	0.801927	0.436060	0.819110	0.250000	0.089128	-0.000785
1.828436	0.801927	0.436060	0.819110	0.250000	0.089128	-0.000785
1.838327	0.813591	0.447210	0.764313	0.250000	0.260912	0.009140
1.849024	0.813591	0.447210	0.764313	0.250000	0.260912	0.009140
1.858708	0.813591	0.447210	0.764313	0.250000	0.260912	0.009140
1.868490	0.813591	0.447210	0.764313	0.250000	0.260912	0.009140
1.878308	0.813591	0.447210	0.764313	0.250000	0.260912	0.009140
1.888338	0.813591	0.447210	0.764313	0.250000	0.260912	0.009140
1.898356	0.813591	0.447210	0.764313	0.250000	0.260912	0.009140
1.908492	0.813591	0.447210	0.764313	0.250000	0.260912	0.009140
1.918847	0.826933	0.460015	0.723210	0.250000	0.396535	0.016986
1.929038	0.826933	0.460015	0.723210	0.250000	0.396535	0.016986
1.938779	0.826933	0.460015	0.723210	0.250000	0.396535	0.016986
1.948970	0.826933	0.460015	0.723210	0.250000	0.396535	0.016986
1.958494	0.826933	0.460015	0.723210	0.250000	0.396535	0.016986
1.969108	0.826933	0.460015	0.723210	0.250000	0.396535	0.016986
1.978440	0.826933	0.460015	0.723210	0.250000	0.396535	0.016986
1.988644	0.826933	0.460015	0.723210	0.250000	0.396535	0.016986
1.999217	0.826933	0.460015	0.723210	0.250000	0.396535	0.016986
2.008966	0.826933	0.460015	0.723210	0.250000	0.396535	0.016986
2.018479	0.826933	0.460015	0.723210	0.250000	0.396535	0.016986
2.028503	0.826933	0.460015	0.723210	0.250000	0.396535	0.016986
2.038299	0.826933	0.460015	0.723210	0.250000	0.396535	0.016986
2.049058	0.844788	0.474876	0.686928	0.250000	0.558675	0.027127
2.058932	0.844788	0.474876	0.686928	0.250000	0.558675	0.027127
2.068571	0.844788	0.474876	0.686928	0.250000	0.558675	0.027127
2.078250	0.844788	0.474876	0.686928	0.250000	0.558675	0.027127
2.088334	0.844788	0.474876	0.686928	0.250000	0.558675	0.027127
2.098323	0.844788	0.474876	0.686928	0.250000	0.558675	0.027127
2.108521	0.864514	0.492115	0.702589	0.250000	0.597733	0.030144
2.118492	0.864514	0.492115	0.702589	0.250000	0.597733	0.030144
2.129244	0.864514	0.492115	0.702589	0.250000	0.597733	0.030144
2.138395	0.864514	0.492115	0.702589	0.250000	0.597733	0.030144
2.148971	0.864514	0.492115	0.702589	0.250000	0.597733	0.030144
2.158349	0.864514	0.492115	0.702589	0.250000	0.597733	0.030144
2.168346	0.864514	0.492115	0.702589	0.250000	0.597733	0.030144
2.178322	0.864514	0.492115	0.702589	0.250000	0.597733	0.030144
2.188425	0.882064	0.508017	0.730383	0.250000	0.621035	0.031848
2.198407	0.882064	0.508017	0.730383	0.250000	0.621035	0.031848
2.208364	0.882064	0.508017	0.730383	0.250000	0.621035	0.031848
2.218807	0.882064	0.508017	0.730383	0.250000	0.621035	0.031848
2.228460	0.882064	0.508017	0.730383	0.250000	0.621035	0.031848
2.238526	0.882064	0.508017	0.730383	0.250000	0.621035	0.031848
2.248432	0.882064	0.508017	0.730383	0.250000	0.621035	0.031848
2.258509	0.882064	0.508017	0.730383	0.250000	0.621035	0.031848
2.268420	0.882064	0.508017	0.730383	0.250000	0.621035	0.031848
2.278334	0.882064	0.508017	0.730383	0.250000	0.621035	0.031848
2.288442	0.882064	0.508017	0.730383	0.250000	0.621035	0.031848
2.298380	0.882064	0.508017	0.730383	0.250000	0.621035	0.031848
2.308599	0.882064	0.508017	0.730383	0.250000	0.621035	0.031848
2.318536	0.899470	0.525820	0.794933	0.250000	0.581420	0.029131
2.328569	0.899470	0.525820	0.794933	0.250000	0.581420	0.029131
2.338480	0.899470	0.525820	0.794933	0.250000	0.581420	0.029131
2.348453	0.899470	0.525820	0.794933	0.250000	0.581420	0.029131
2.358450	0.899470	0.525820	0.794933	0.250000	0.581420	0.029131
2.368337	0.899470	0.525820	0.794933	0.250000	0.581420	0.029131
2.378312	0.913866	0.539806	0.842971	0.250000	0.573775	0.028294
2.388450	0.913866	0.539806	0.842971	0.250000	0.573775	0.028294
2.398380	0.913866	0.539806	0.842971	0.250000	0.573775	0.028294
2.408349	0.913866	0.539806	0.842971	0.250000	0.573775	0.028294
2.418436	0.913866	0.539806	0.842971	0.250000	0.573775	0.028294
2.429691	0.913866	0.539806	0.842971	0.250000	0.573775	0.028294
2.438524	0.928986	0.556843	0.906518	0.250000	0.558694	0.026054
2.448595	0.928986	0.556843	0.906518	0.250000	0.558694	0.026054
2.458376	0.928986	0.556843	0.906518	0.250000	0.558694	0.026054
2.468706	0.928986	0.556843	0.906518	0.250000	0.558694	0.026054
2.478347	0.928986	0.556843	0.906518	0.250000	0.558694	0.026054
2.488354	0.928986	0.556843	0.906518	0.250000	0.558694	0.026054
2.498330	0.928986	0.556843	0.906518	0.250000	0.558694	0.026054
2.508428	0.928986	0.556843	0.906518	0.250000	0.558694	0.026054
2.518496	0.928986	0.556843	0.906518	0.250000	0.558694	0.026054
2.528327	0.928986	0.556843	0.906518	0.250000	0.558694	0.026054
2.538441	0.928986	0.556843	0.906518	0.250000	0.558694	0.026054
2.548502	0.928986	0.556843	0.906518	0.250000	0.558694	0.026054
2.558497	0.940153	0.573877	0.958434	0.250000	0.570467	0.023775
2.568345	0.940153	0.573877	0.958434	0.250000	0.570467	0.023775
2.578327	0.940153	0.573877	0.958434	0.250000	0.570467	0.023775
2.588383	0.940153	0.573877	0.958434	0.250000	0.570467	0.023775
2.598525	0.940153	0.573877	0.958434	0.250000	0.570467	0.023775
2.608380	0.940153	0.573877	0.958434	0.250000	0.570467	0.023775
2.618561	0.951578	0.594210	1.028365	0.250000	0.556226	0.019426
2.629782	0.951578	0.594210	1.028365	0.250000	0.556226	0.019426
2.638503	0.951578	0.594210	1.028365	0.250000	0.556226	0.019426
2.648379	0.951578	0.594210	1.028365	0.250000	0.556226	0.019426
2.658370	0.951578	0.594210	1.028365	0.250000	0.556226	0.019426
2.669591	0.951578	0.594210	1.028365	0.250000	0.556226	0.019426
2.678347	0.951578	0.594210	1.028365	0.250000	0.556226	0.019426
2.688355	0.951578	0.594210	1.028365	0.250000	0.556226	0.019426
2.698395	0.951578	0.594210	1.028365	0.250000	0.556226	0.019426
2.708313	0.951578	0.594210	1.028365	0.250000	0.556226	0.019426
2.718830	0.951578	0.594210	1.028365	0.250000	0.556226	0.019426
2.728396	0.951578	0.594210	1.028365	0.250000	0.556226	0.019426
2.738369	0.961348	0.613180	1.097589	0.250000	0.581448	0.017906
2.748358	0.961348	0.613180	1.097589	0.250000	0.581448	0.017906
2.758557	0.961348	0.613180	1.097589	0.250000	0.581448	0.017906
2.768336	0.961348	0.613180	1.097589	0.250000	0.581448	0.017906
2.778331	0.961348	0.613180	1.097589	0.250000	0.581448	0.017906
2.788431	0.968447	0.629324	1.159990	0.250000	0.554515	0.015433
2.798376	0.968447	0.629324	1.159990	0.250000	0.554515	0.015433
2.808314	0.968447	0.629324	1.159990	0.250000	0.554515	0.015433
2.818704	0.968447	0.629324	1.159990	0.250000	0.554515	0.015433
2.828496	0.968447	0.629324	1.159990	0.250000	0.554515	0.015433
2.838420	0.968447	0.629324	1.159990	0.250000	0.554515	0.015433
2.848393	0.974138	0.644317	1.215199	0.250000	0.533655	0.014084
2.858590	0.974138	0.644317	1.215199	0.250000	0.533655	0.014084
2.868528	0.974138	0.644317	1.215199	0.250000	0.533655	0.014084
2.878402	0.974138	0.644317	1.215199	0.250000	0.533655	0.014084
2.888390	0.974138	0.644317	1.215199	0.250000	0.533655	0.014084
2.898336	0.974138	0.644317	1.215199	0.250000	0.533655	0.014084
2.908333	0.974138	0.644317	1.215199	0.250000	0.533655	0.014084
2.918908	0.980663	0.662059	1.259533	0.250000	0.534234	0.014839
2.930412	0.980663	0.662059	1.259533	0.250000	0.534234	0.014839
2.938375	0.980663	0.662059	1.259533	0.250000	0.534234	0.014839
2.948621	0.980663	0.662059	1.259533	0.250000	0.534234	0.014839
2.958467	0.980663	0.662059	1.259533	0.250000	0.534234	0.014839
2.968383	0.980663	0.662059	1.259533	0.250000	0.534234	0.014839
2.978345	0.980663	0.662059	1.259533	0.250000	0.534234	0.014839
2.988343	0.980663	0.662059	1.259533	0.250000	0.534234	0.014839
2.998376	0.980663	0.662059	1.259533	0.250000	0.534234	0.014839
3.008331	0.980663	0.662059	1.259533	0.250000	0.534234	0.014839
3.018849	0.980663	0.662059	1.259533	0.250000	0.534234	0.014839
3.028670	0.980663	0.662059	1.259533	0.250000	0.534234	0.014839
3.038495	0.980663	0.662059	1.259533	0.250000	0.534234	0.014839
3.048404	0.985935	0.680417	1.308840	0.250000	0.518068	0.015494
3.058599	0.985935	0.680417	1.308840	0.250000	0.518068	0.015494
3.068361	0.985935	0.680417	1.308840	0.250000	0.518068	0.015494
3.078393	0.985935	0.680417	1.308840	0.250000	0.518068	0.015494
3.088415	0.985935	0.680417	1.308840	0.250000	0.518068	0.015494
3.098490	0.985935	0.680417	1.308840	0.250000	0.518068	0.015494
3.108346	0.985935	0.680417	1.308840	0.250000	0.518068	0.015494
3.118770	0.989476	0.698330	1.358802	0.250000	0.454330	0.013709
3.128624	0.989476	0.698330	1.358802	0.250000	0.454330	0.013709
3.138523	0.989476	0.698330	1.358802	0.250000	0.454330	0.013709
3.148476	0.989476	0.698330	1.358802	0.250000	0.454330	0.013709
3.158466	0.989476	0.698330	1.358802	0.250000	0.454330	0.013709
3.168471	0.989476	0.698330	1.358802	0.250000	0.454330	0.013709
3.178503	0.989476	0.698330	1.358802	0.250000	0.454330	0.013709
3.188302	0.991899	0.714440	1.405091	0.250000	0.379472	0.011736
3.198400	0.991899	0.714440	1.405091	0.250000	0.379472	0.011736
3.208507	0.991899	0.714440	1.405091	0.250000	0.379472	0.011736
3.218543	0.991899	0.714440	1.405091	0.250000	0.379472	0.011736
3.228353	0.991899	0.714440	1.405091	0.250000	0.379472	0.011736
3.238351	0.991899	0.714440	1.405091	0.250000	0.379472	0.011736
3.248368	0.991899	0.714440	1.405091	0.250000	0.379472	0.011736
3.259358	0.991899	0.714440	1.405091	0.250000	0.379472	0.011736
3.268486	0.991899	0.714440	1.405091	0.250000	0.379472	0.011736
3.278454	0.993357	0.731376	1.524249	0.250000	0.095533	-0.000968
3.288607	0.993357	0.731376	1.524249	0.250000	0.095533	-0.000968
3.298416	0.993357	0.731376	1.524249	0.250000	0.095533	-0.000968
3.308690	0.993357	0.731376	1.524249	0.250000	0.095533	-0.000968
3.320183	0.993357	0.731376	1.524249	0.250000	0.095533	-0.000968
3.328443	0.993357	0.731376	1.524249	0.250000	0.095533	-0.000968
3.338343	0.993357	0.731376	1.524249	0.250000	0.095533	-0.000968
3.348423	0.993513	0.747162	1.584089	0.250000	-0.059335	-0.008225
3.358402	0.993513	0.747162	1.584089	0.250000	-0.059335	-0.008225
3.368399	0.993513	0.747162	1.584089	0.250000	-0.059335	-0.008225
3.378386	0.993513	0.747162	1.584089	0.250000	-0.059335	-0.008225
3.388397	0.993513	0.747162	1.584089	0.250000	-0.059335	-0.008225
3.398635	0.993513	0.747162	1.584089	0.250000	-0.059335	-0.008225
3.408462	0.993513	0.747162	1.584089	0.250000	-0.059335	-0.008225
3.418478	0.991650	0.761535	1.643981	0.250000	-0.236663	-0.017585
3.428423	0.991650	0.761535	1.643981	0.250000	-0.236663	-0.017585
3.438434	0.991650	0.761535	1.643981	0.250000	-0.236663	-0.017585
3.448551	0.991650	0.761535	1.643981	0.250000	-0.236663	-0.017585
3.458429	0.991650	0.761535	1.643981	0.250000	-0.236663	-0.017585
3.468417	0.991650	0.761535	1.643981	0.250000	-0.236663	-0.017585
3.478369	0.991650	0.761535	1.643981	0.250000	-0.236663	-0.017585
3.488362	0.991650	0.761535	1.643981	0.250000	-0.236663	-0.017585
3.498399	0.991650	0.761535	1.643981	0.250000	-0.236663	-0.017585
3.508490	0.991650	0.761535	1.643981	0.250000	-0.236663	-0.017585
3.518527	0.991650	0.761535	1.643981	0.250000	-0.236663	-0.017585
3.528427	0.991650	0.761535	1.643981	0.250000	-0.236663	-0.017585
3.538457	0.991650	0.761535	1.643981	0.250000	-0.236663	-0.017585
3.548411	0.991650	0.761535	1.643981	0.250000	-0.236663	-0.017585
3.558382	0.991650	0.761535	1.643981	0.250000	-0.236663	-0.017585
3.568459	0.991196	0.787963	1.641943	0.250000	-0.237854	-0.016757
3.578397	0.991196	0.787963	1.641943	0.250000	-0.237854	-0.016757
3.597198	0.991196	0.787963	1.641943	0.250000	-0.237854	-0.016757
3.602139	0.991196	0.787963	1.641943	0.250000	-0.237854	-0.016757
3.608759	0.991196	0.787963	1.641943	0.250000	-0.237854	-0.016757
3.618510	0.991196	0.787963	1.641943	0.250000	-0.237854	-0.016757
3.628497	0.991196	0.787963	1.641943	0.250000	-0.237854	-0.016757
3.639093	0.991196	0.787963	1.641943	0.250000	-0.237854	-0.016757
3.649117	0.991196	0.787963	1.641943	0.250000	-0.237854	-0.016757
3.658504	0.991196	0.787963	1.641943	0.250000	-0.237854	-0.016757
3.669178	0.989890	0.813358	1.671397	0.250000	-0.328231	-0.021217
3.678965	0.989890	0.813358	1.671397	0.250000	-0.328231	-0.021217
3.688796	0.989890	0.813358	1.671397	0.250000	-0.328231	-0.021217
3.698520	0.989890	0.813358	1.671397	0.250000	-0.328231	-0.021217
3.709193	0.989890	0.813358	1.671397	0.250000	-0.328231	-0.021217
3.718649	0.989890	0.813358	1.671397	0.250000	-0.328231	-0.021217
3.728740	0.989890	0.813358	1.671397	0.250000	-0.328231	-0.021217
3.739607	0.988250	0.843801	1.684900	0.250000	-0.387409	-0.024213
3.748588	0.988250	0.843801	1.684900	0.250000	-0.387409	-0.024213
3.759131	0.988250	0.843801	1.684900	0.250000	-0.387409	-0.024213
3.768752	0.988250	0.843801	1.684900	0.250000	-0.387409	-0.024213
3.778512	0.988250	0.843801	1.684900	0.250000	-0.387409	-0.024213
3.789292	0.988250	0.843801	1.684900	0.250000	-0.387409	-0.024213
3.798472	0.988250	0.843801	1.684900	0.250000	-0.387409	-0.024213
3.808748	0.988250	0.843801	1.684900	0.250000	-0.387409	-0.024213
3.818783	0.988250	0.843801	1.684900	0.250000	-0.387409	-0.024213
3.828299	0.988250	0.843801	1.684900	0.250000	-0.387409	-0.024213
3.839071	0.988250	0.843801	1.684900	0.250000	-0.387409	-0.024213
3.848896	0.983655	0.865280	1.658060	0.250000	-0.380125	-0.025230
3.858908	0.983655	0.865280	1.658060	0.250000	-0.380125	-0.025230
3.868365	0.983655	0.865280	1.658060	0.250000	-0.380125	-0.025230
3.879076	0.983655	0.865280	1.658060	0.250000	-0.380125	-0.025230
3.888366	0.983655	0.865280	1.658060	0.250000	-0.380125	-0.025230
3.898469	0.983655	0.865280	1.658060	0.250000	-0.380125	-0.025230
3.908328	0.983655	0.865280	1.658060	0.250000	-0.380125	-0.025230
3.918412	0.980056	0.889524	1.629209	0.250000	-0.355502	-0.024915
3.928375	0.980056	0.889524	1.629209	0.250000	-0.355502	-0.024915
3.938551	0.980056	0.889524	1.629209	0.250000	-0.355502	-0.024915
3.950520	0.980056	0.889524	1.629209	0.250000	-0.355502	-0.024915
3.958467	0.980056	0.889524	1.629209	0.250000	-0.355502	-0.024915
3.968837	0.980056	0.889524	1.629209	0.250000	-0.355502	-0.024915
3.978610	0.980056	0.889524	1.629209	0.250000	-0.355502	-0.024915
3.988396	0.980056	0.889524	1.629209	0.250000	-0.355502	-0.024915
3.999076	0.980056	0.889524	1.629209	0.250000	-0.355502	-0.024915
4.008888	0.980056	0.889524	1.629209	0.250000	-0.355502	-0.024915
4.018493	0.980056	0.889524	1.629209	0.250000	-0.355502	-0.024915
4.029645	0.980056	0.889524	1.629209	0.250000	-0.355502	-0.024915
4.039096	0.980056	0.889524	1.629209	0.250000	-0.355502	-0.024915
4.048863	0.980056	0.889524	1.629209	0.250000	-0.355502	-0.024915
4.058913	0.980361	0.917895	1.587661	0.250000	-0.258715	-0.019256
4.068497	0.980361	0.917895	1.587661	0.250000	-0.258715	-0.019256
4.079173	0.980361	0.917895	1.587661	0.250000	-0.258715	-0.019256
4.088913	0.980361	0.917895	1.587661	0.250000	-0.258715	-0.019256
4.098362	0.980361	0.917895	1.587661	0.250000	-0.258715	-0.019256
4.108390	0.980361	0.917895	1.587661	0.250000	-0.258715	-0.019256
4.119146	0.982137	0.943665	1.614025	0.250000	-0.319067	-0.021604
4.131868	0.982137	0.943665	1.614025	0.250000	-0.319067	-0.021604
4.138626	0.982137	0.943665	1.614025	0.250000	-0.319067	-0.021604
4.148616	0.982137	0.943665	1.614025	0.250000	-0.319067	-0.021604
4.158634	0.982137	0.943665	1.614025	0.250000	-0.319067	-0.021604
4.168349	0.982137	0.943665	1.614025	0.250000	-0.319067	-0.021604
4.178458	0.982137	0.943665	1.614025	0.250000	-0.319067	-0.021604
4.188910	0.982137	0.943665	1.614025	0.250000	-0.319067	-0.021604
4.198464	0.982137	0.943665	1.614025	0.250000	-0.319067	-0.021604
4.208817	0.982137	0.943665	1.614025	0.250000	-0.319067	-0.021604
4.218605	0.982137	0.943665	1.614025	0.250000	-0.319067	-0.021604
4.228491	0.982137	0.943665	1.614025	0.250000	-0.319067	-0.021604
4.239040	0.982137	0.943665	1.614025	0.250000	-0.319067	-0.021604
4.248553	0.982137	0.943665	1.614025	0.250000	-0.319067	-0.021604
4.258873	0.983986	0.967822	1.659117	0.250000	-0.422942	-0.026389
4.268501	0.983986	0.967822	1.659117	0.250000	-0.422942	-0.026389
4.279185	0.983986	0.967822	1.659117	0.250000	-0.422942	-0.026389
4.288964	0.983986	0.967822	1.659117	0.250000	-0.422942	-0.026389
4.298411	0.983986	0.967822	1.659117	0.250000	-0.422942	-0.026389
4.308444	0.983986	0.967822	1.659117	0.250000	-0.422942	-0.026389
4.318480	0.983986	0.967822	1.659117	0.250000	-0.422942	-0.026389
4.328309	0.987256	0.998242	1.623021	0.250000	-0.314424	-0.019282
4.338820	0.987256	0.998242	1.623021	0.250000	-0.314424	-0.019282
4.348762	0.987256	0.998242	1.623021	0.250000	-0.314424	-0.019282
4.358507	0.987256	0.998242	1.623021	0.250000	-0.314424	-0.019282
4.368360	0.987256	0.998242	1.623021	0.250000	-0.314424	-0.019282
4.378759	0.987256	0.998242	1.623021	0.250000	-0.314424	-0.019282
4.388373	0.990702	1.027679	1.519301	0.250000	-0.022352	-0.002754
4.398246	0.990702	1.027679	1.519301	0.250000	-0.022352	-0.002754
4.409031	0.990702	1.027679	1.519301	0.250000	-0.022352	-0.002754
4.418777	0.990702	1.027679	1.519301	0.250000	-0.022352	-0.002754
4.428441	0.990702	1.027679	1.519301	0.250000	-0.022352	-0.002754
4.438996	0.990702	1.027679	1.519301	0.250000	-0.022352	-0.002754
4.449002	0.990702	1.027679	1.519301	0.250000	-0.022352	-0.002754
4.458879	0.994519	1.052630	1.396157	0.250000	0.328431	0.016765
4.468815	0.994519	1.052630	1.396157	0.250000	0.328431	0.016765
4.478418	0.994519	1.052630	1.396157	0.250000	0.328431	0.016765
4.488424	0.994519	1.052630	1.396157	0.250000	0.328431	0.016765
4.498787	0.994519	1.052630	1.396157	0.250000	0.328431	0.016765
4.508527	0.994519	1.052630	1.396157	0.250000	0.328431	0.016765
4.518449	0.994519	1.052630	1.396157	0.250000	0.328431	0.016765
4.529089	0.985827	1.065441	1.368992	0.250000	0.288298	0.011150
4.538917	0.985827	1.065441	1.368992	0.250000	0.288298	0.011150
4.548856	0.985827	1.065441	1.368992	0.250000	0.288298	0.011150
4.558428	0.985827	1.065441	1.368992	0.250000	0.288298	0.011150
4.568982	0.985827	1.065441	1.368992	0.250000	0.288298	0.011150
4.578789	0.985827	1.065441	1.368992	0.250000	0.288298	0.011150
4.588545	0.988367	1.075661	1.332337	0.250000	0.399720	0.017627
4.598452	0.988367	1.075661	1.332337	0.250000	0.399720	0.017627
4.609106	0.988367	1.075661	1.332337	0.250000	0.399720	0.017627
4.618708	0.988367	1.075661	1.332337	0.250000	0.399720	0.017627
4.628793	0.988367	1.075661	1.332337	0.250000	0.399720	0.017627
4.638407	0.988367	1.075661	1.332337	0.250000	0.399720	0.017627
4.648742	0.988367	1.075661	1.332337	0.250000	0.399720	0.017627
4.658342	0.988367	1.075661	1.332337	0.250000	0.399720	0.017627
4.668601	0.988367	1.075661	1.332337	0.250000	0.399720	0.017627
4.678618	0.988367	1.075661	1.332337	0.250000	0.399720	0.017627
4.689103	0.988367	1.075661	1.332337	0.250000	0.399720	0.017627
4.698967	0.988367	1.075661	1.332337	0.250000	0.399720	0.017627
4.708589	0.988367	1.075661	1.332337	0.250000	0.399720	0.017627
4.718549	0.988367	1.075661	1.332337	0.250000	0.399720	0.017627
4.728292	0.993575	1.096747	1.315602	0.250000	0.496290	0.024299
4.738922	0.993575	1.096747	1.315602	0.250000	0.496290	0.024299
4.748884	0.993575	1.096747	1.315602	0.250000	0.496290	0.024299
4.758395	0.993575	1.096747	1.315602	0.250000	0.496290	0.024299
4.769115	0.993575	1.096747	1.315602	0.250000	0.496290	0.024299
4.779053	0.993575	1.096747	1.315602	0.250000	0.496290	0.024299
4.789048	0.993575	1.096747	1.315602	0.250000	0.496290	0.024299
4.798535	0.993575	1.096747	1.315602	0.250000	0.496290	0.024299
4.809091	0.993575	1.096747	1.315602	0.250000	0.496290	0.024299
4.818886	0.993575	1.096747	1.315602	0.250000	0.496290	0.024299
4.828758	1.007274	1.115582	1.317318	0.250000	0.636701	0.036648
4.838544	1.007274	1.115582	1.317318	0.250000	0.636701	0.036648
4.849121	1.007274	1.115582	1.317318	0.250000	0.636701	0.036648
4.858949	1.007274	1.115582	1.317318	0.250000	0.636701	0.036648
4.868642	1.007274	1.115582	1.317318	0.250000	0.636701	0.036648
4.878496	1.013522	1.139485	1.346349	0.250000	0.646498	0.038188
4.889257	1.013522	1.139485	1.346349	0.250000	0.646498	0.038188
4.898337	1.013522	1.139485	1.346349	0.250000	0.646498	0.038188
4.908712	1.013522	1.139485	1.346349	0.250000	0.646498	0.038188
4.918589	1.013522	1.139485	1.346349	0.250000	0.646498	0.038188
4.928348	1.013522	1.139485	1.346349	0.250000	0.646498	0.038188
4.938309	1.013522	1.139485	1.346349	0.250000	0.646498	0.038188
4.948890	1.013522	1.139485	1.346349	0.250000	0.646498	0.038188
4.958467	1.014283	1.150614	1.366736	0.250000	0.623185	0.036316
4.968345	1.014283	1.150614	1.366736	0.250000	0.623185	0.036316
4.978396	1.014283	1.150614	1.366736	0.250000	0.623185	0.036316
4.988718	1.014283	1.150614	1.366736	0.250000	0.623185	0.036316
4.998497	1.014283	1.150614	1.366736	0.250000	0.623185	0.036316
5.008301	1.014283	1.150614	1.366736	0.250000	0.623185	0.036316
5.018479	1.020208	1.171380	1.457959	0.250000	0.518349	0.031112
5.028600	1.020208	1.171380	1.457959	0.250000	0.518349	0.031112
5.038483	1.020208	1.171380	1.457959	0.250000	0.518349	0.031112
5.048476	1.020208	1.171380	1.457959	0.250000	0.518349	0.031112
5.059062	1.020208	1.171380	1.457959	0.250000	0.518349	0.031112
5.068793	1.020208	1.171380	1.457959	0.250000	0.518349	0.031112
5.080492	1.020208	1.171380	1.457959	0.250000	0.518349	0.031112
5.088334	1.020208	1.171380	1.457959	0.250000	0.518349	0.031112
5.098420	1.020208	1.171380	1.457959	0.250000	0.518349	0.031112
5.108465	1.020208	1.171380	1.457959	0.250000	0.518349	0.031112
5.118629	1.020208	1.171380	1.457959	0.250000	0.518349	0.031112
5.128295	1.020208	1.171380	1.457959	0.250000	0.518349	0.031112
5.139037	1.023103	1.195804	1.515642	0.250000	0.493011	0.028378
5.149088	1.023103	1.195804	1.515642	0.250000	0.493011	0.028378
5.158663	1.023103	1.195804	1.515642	0.250000	0.493011	0.028378
5.168350	1.023103	1.195804	1.515642	0.250000	0.493011	0.028378
5.178536	1.023103	1.195804	1.515642	0.250000	0.493011	0.028378
5.188956	1.025288	1.218993	1.582559	0.250000	0.450728	0.024624
5.198709	1.025288	1.218993	1.582559	0.250000	0.450728	0.024624
5.208328	1.025288	1.218993	1.582559	0.250000	0.450728	0.024624
5.219122	1.025288	1.218993	1.582559	0.250000	0.450728	0.024624
5.228339	1.025288	1.218993	1.582559	0.250000	0.450728	0.024624
5.238665	1.025288	1.218993	1.582559	0.250000	0.450728	0.024624
5.248371	1.025288	1.218993	1.582559	0.250000	0.450728	0.024624
5.259181	1.025288	1.218993	1.582559	0.250000	0.450728	0.024624
5.268952	1.025288	1.218993	1.582559	0.250000	0.450728	0.024624
5.278756	1.025288	1.218993	1.582559	0.250000	0.450728	0.024624
5.288718	1.025288	1.218993	1.582559	0.250000	0.450728	0.024624
5.299084	1.025288	1.218993	1.582559	0.250000	0.450728	0.024624
5.309060	1.025288	1.218993	1.582559	0.250000	0.450728	0.024624
5.318691	1.025288	1.218993	1.582559	0.250000	0.450728	0.024624
5.328359	1.022289	1.241621	1.609210	0.250000	0.479115	0.022634
5.338354	1.022289	1.241621	1.609210	0.250000	0.479115	0.022634
5.349270	1.022289	1.241621	1.609210	0.250000	0.479115	0.022634
5.358683	1.022289	1.241621	1.609210	0.250000	0.479115	0.022634
5.368402	1.022289	1.241621	1.609210	0.250000	0.479115	0.022634
5.378885	1.022289	1.241621	1.609210	0.250000	0.479115	0.022634
5.388607	1.022289	1.241621	1.609210	0.250000	0.479115	0.022634
5.398828	1.019527	1.261013	1.813238	0.250000	0.080405	-0.001435
5.408545	1.019527	1.261013	1.813238	0.250000	0.080405	-0.001435
5.419175	1.019527	1.261013	1.813238	0.250000	0.080405	-0.001435
5.428907	1.019527	1.261013	1.813238	0.250000	0.080405	-0.001435
5.438703	1.019527	1.261013	1.813238	0.250000	0.080405	-0.001435
5.448489	1.019527	1.261013	1.813238	0.250000	0.080405	-0.001435
5.460154	1.019527	1.261013	1.813238	0.250000	0.080405	-0.001435
5.468997	1.019527	1.261013	1.813238	0.250000	0.080405	-0.001435
5.478719	1.015554	1.279000	2.034613	0.250000	-0.354318	-0.028264
5.488524	1.015554	1.279000	2.034613	0.250000	-0.354318	-0.028264
5.499157	1.015554	1.279000	2.034613	0.250000	-0.354318	-0.028264
5.508327	1.015554	1.279000	2.034613	0.250000	-0.354318	-0.028264
5.518919	1.015554	1.279000	2.034613	0.250000	-0.354318	-0.028264
5.528609	1.015554	1.279000	2.034613	0.250000	-0.354318	-0.028264
5.539228	1.015554	1.279000	2.034613	0.250000	-0.354318	-0.028264
5.548461	1.012951	1.294535	2.213870	0.250000	-0.641407	-0.047687
5.558824	1.012951	1.294535	2.213870	0.250000	-0.641407	-0.047687
5.568579	1.012951	1.294535	2.213870	0.250000	-0.641407	-0.047687
5.578342	1.012951	1.294535	2.213870	0.250000	-0.641407	-0.047687
5.588946	1.012951	1.294535	2.213870	0.250000	-0.641407	-0.047687
5.598275	1.012951	1.294535	2.213870	0.250000	-0.641407	-0.047687
5.608608	1.012951	1.294535	2.213870	0.250000	-0.641407	-0.047687
5.619345	1.007138	1.306348	2.117574	0.250000	-0.337500	-0.033446
5.628517	1.007138	1.306348	2.117574	0.250000	-0.337500	-0.033446
5.639118	1.007138	1.306348	2.117574	0.250000	-0.337500	-0.033446
5.648857	1.007138	1.306348	2.117574	0.250000	-0.337500	-0.033446
5.658650	1.007138	1.306348	2.117574	0.250000	-0.337500	-0.033446
5.669051	1.007138	1.306348	2.117574	0.250000	-0.337500	-0.033446
5.678761	1.007138	1.306348	2.117574	0.250000	-0.337500	-0.033446
5.691477	1.002452	1.327850	1.994270	0.250000	0.163334	-0.007621
5.698310	1.002452	1.327850	1.994270	0.250000	0.163334	-0.007621
5.709015	1.002452	1.327850	1.994270	0.250000	0.163334	-0.007621
5.718830	1.002452	1.327850	1.994270	0.250000	0.163334	-0.007621
5.730215	1.002452	1.327850	1.994270	0.250000	0.163334	-0.007621
5.738382	1.002452	1.327850	1.994270	0.250000	0.163334	-0.007621
5.749013	1.002452	1.327850	1.994270	0.250000	0.163334	-0.007621
5.758872	1.002452	1.327850	1.994270	0.250000	0.163334	-0.007621
5.768549	1.002452	1.327850	1.994270	0.250000	0.163334	-0.007621
5.778306	1.002452	1.327850	1.994270	0.250000	0.163334	-0.007621
5.789018	1.002452	1.327850	1.994270	0.250000	0.163334	-0.007621
5.799778	0.998527	1.360055	1.868262	0.250000	0.743921	0.023788
5.808593	0.998527	1.360055	1.868262	0.250000	0.743921	0.023788
5.818559	0.998527	1.360055	1.868262	0.250000	0.743921	0.023788
5.829072	0.998527	1.360055	1.868262	0.250000	0.743921	0.023788
5.838830	0.998527	1.360055	1.868262	0.250000	0.743921	0.023788
5.848973	0.998527	1.360055	1.868262	0.250000	0.743921	0.023788
5.858457	0.998527	1.360055	1.868262	0.250000	0.743921	0.023788
5.869102	0.991829	1.380636	1.842868	0.250000	0.949359	0.034479
5.878835	0.991829	1.380636	1.842868	0.250000	0.949359	0.034479
5.888692	0.991829	1.380636	1.842868	0.250000	0.949359	0.034479
5.898396	0.991829	1.380636	1.842868	0.250000	0.949359	0.034479
5.909125	0.991829	1.380636	1.842868	0.250000	0.949359	0.034479
5.918484	0.991829	1.380636	1.842868	0.250000	0.949359	0.034479
5.929723	0.988386	1.406411	1.962752	0.250000	0.934331	0.037125
5.938494	0.988386	1.406411	1.962752	0.250000	0.934331	0.037125
5.949126	0.988386	1.406411	1.962752	0.250000	0.934331	0.037125
5.958431	0.988386	1.406411	1.962752	0.250000	0.934331	0.037125
5.968650	0.988386	1.406411	1.962752	0.250000	0.934331	0.037125
5.978387	0.988386	1.406411	1.962752	0.250000	0.934331	0.037125
5.989106	0.969274	1.417045	1.940846	0.250000	0.959589	0.033114
