t	x(t)	y(t)	theta(t)	v(t)	gamma(t)	efa
0.011199	0.696010	0.153695	1.597209	0.250000	-0.712821	-0.017903
0.011710	0.696010	0.153695	1.597209	0.250000	-0.712821	-0.017903
0.021818	0.696010	0.153695	1.597209	0.250000	-0.712821	-0.017903
0.032163	0.696010	0.153695	1.597209	0.250000	-0.712821	-0.017903
0.042027	0.696010	0.153695	1.597209	0.250000	-0.712821	-0.017903
0.051767	0.696010	0.153695	1.597209	0.250000	-0.712821	-0.017903
0.069026	0.696010	0.153695	1.597209	0.250000	-0.712821	-0.017903
0.071911	0.696010	0.153695	1.597209	0.250000	-0.712821	-0.017903
0.081826	0.696010	0.153695	1.597209	0.250000	-0.712821	-0.017903
0.095482	0.696010	0.153695	1.597209	0.250000	-0.712821	-0.017903
0.103128	0.696010	0.153695	1.597209	0.250000	-0.712821	-0.017903
0.112349	0.696010	0.153695	1.597209	0.250000	-0.712821	-0.017903
0.121980	0.696010	0.153695	1.597209	0.250000	-0.712821	-0.017903
0.131696	0.696010	0.153695	1.597209	0.250000	-0.712821	-0.017903
0.142346	0.696832	0.153887	1.602700	0.250000	-0.716779	-0.017769
0.152275	0.696832	0.153887	1.602700	0.250000	-0.716779	-0.017769
0.161954	0.696832	0.153887	1.602700	0.250000	-0.716779	-0.017769
0.173420	0.696832	0.153887	1.602700	0.250000	-0.716779	-0.017769
0.181915	0.696832	0.153887	1.602700	0.250000	-0.716779	-0.017769
0.192204	0.696549	0.154212	1.607109	0.250000	-0.730671	-0.018597
0.202027	0.696549	0.154212	1.607109	0.250000	-0.730671	-0.018597
0.213745	0.696549	0.154212	1.607109	0.250000	-0.730671	-0.018597
0.222548	0.696549	0.154212	1.607109	0.250000	-0.730671	-0.018597
0.232268	0.696549	0.154212	1.607109	0.250000	-0.730671	-0.018597
0.242049	0.696549	0.154212	1.607109	0.250000	-0.730671	-0.018597
0.251793	0.695745	0.157526	1.595871	0.250000	-0.743891	-0.019555
0.262479	0.695745	0.157526	1.595871	0.250000	-0.743891	-0.019555
0.272252	0.695745	0.157526	1.595871	0.250000	-0.743891	-0.019555
0.281786	0.695745	0.157526	1.595871	0.250000	-0.743891	-0.019555
0.291839	0.695745	0.157526	1.595871	0.250000	-0.743891	-0.019555
0.301695	0.695745	0.157526	1.595871	0.250000	-0.743891	-0.019555
0.312284	0.695439	0.163889	1.584178	0.250000	-0.781607	-0.021689
0.321887	0.695439	0.163889	1.584178	0.250000	-0.781607	-0.021689
0.331785	0.695439	0.163889	1.584178	0.250000	-0.781607	-0.021689
0.341762	0.695439	0.163889	1.584178	0.250000	-0.781607	-0.021689
0.352341	0.695439	0.163889	1.584178	0.250000	-0.781607	-0.021689
0.362559	0.695866	0.174598	1.546127	0.250000	-0.778693	-0.021816
0.371835	0.695866	0.174598	1.546127	0.250000	-0.778693	-0.021816
0.381873	0.695866	0.174598	1.546127	0.250000	-0.778693	-0.021816
0.392331	0.695866	0.174598	1.546127	0.250000	-0.778693	-0.021816
0.401788	0.695866	0.174598	1.546127	0.250000	-0.778693	-0.021816
0.412092	0.695866	0.174598	1.546127	0.250000	-0.778693	-0.021816
0.421761	0.695866	0.174598	1.546127	0.250000	-0.778693	-0.021816
0.432313	0.695866	0.174598	1.546127	0.250000	-0.778693	-0.021816
0.442136	0.695866	0.174598	1.546127	0.250000	-0.778693	-0.021816
0.451901	0.695866	0.174598	1.546127	0.250000	-0.778693	-0.021816
0.463548	0.695866	0.174598	1.546127	0.250000	-0.778693	-0.021816
0.472376	0.695866	0.174598	1.546127	0.250000	-0.778693	-0.021816
0.482157	0.695866	0.174598	1.546127	0.250000	-0.778693	-0.021816
0.491885	0.696682	0.189931	1.506470	0.250000	-0.799877	-0.023891
0.501726	0.696682	0.189931	1.506470	0.250000	-0.799877	-0.023891
0.511713	0.696682	0.189931	1.506470	0.250000	-0.799877	-0.023891
0.521798	0.696682	0.189931	1.506470	0.250000	-0.799877	-0.023891
0.531889	0.696682	0.189931	1.506470	0.250000	-0.799877	-0.023891
0.542621	0.696682	0.189931	1.506470	0.250000	-0.799877	-0.023891
0.552675	0.696682	0.189931	1.506470	0.250000	-0.799877	-0.023891
0.561753	0.696682	0.189931	1.506470	0.250000	-0.799877	-0.023891
0.571872	0.698897	0.212317	1.444620	0.250000	-0.815155	-0.027039
0.582030	0.698897	0.212317	1.444620	0.250000	-0.815155	-0.027039
0.592518	0.698897	0.212317	1.444620	0.250000	-0.815155	-0.027039
0.602161	0.698897	0.212317	1.444620	0.250000	-0.815155	-0.027039
0.611984	0.698897	0.212317	1.444620	0.250000	-0.815155	-0.027039
0.621670	0.698897	0.212317	1.444620	0.250000	-0.815155	-0.027039
0.631899	0.701135	0.232202	1.393790	0.250000	-0.847639	-0.032239
0.643057	0.701135	0.232202	1.393790	0.250000	-0.847639	-0.032239
0.651993	0.701135	0.232202	1.393790	0.250000	-0.847639	-0.032239
0.661694	0.701135	0.232202	1.393790	0.250000	-0.847639	-0.032239
0.671729	0.701135	0.232202	1.393790	0.250000	-0.847639	-0.032239
0.681762	0.701135	0.232202	1.393790	0.250000	-0.847639	-0.032239
0.691961	0.701135	0.232202	1.393790	0.250000	-0.847639	-0.032239
0.701736	0.704615	0.246713	1.351079	0.250000	-0.827756	-0.033253
0.711774	0.704615	0.246713	1.351079	0.250000	-0.827756	-0.033253
0.721747	0.704615	0.246713	1.351079	0.250000	-0.827756	-0.033253
0.731942	0.704615	0.246713	1.351079	0.250000	-0.827756	-0.033253
0.741768	0.704615	0.246713	1.351079	0.250000	-0.827756	-0.033253
0.752630	0.707505	0.258254	1.324882	0.250000	-0.823477	-0.034771
0.762207	0.707505	0.258254	1.324882	0.250000	-0.823477	-0.034771
0.771846	0.707505	0.258254	1.324882	0.250000	-0.823477	-0.034771
0.781750	0.707505	0.258254	1.324882	0.250000	-0.823477	-0.034771
0.792083	0.707505	0.258254	1.324882	0.250000	-0.823477	-0.034771
0.802273	0.707505	0.258254	1.324882	0.250000	-0.823477	-0.034771
0.812022	0.707505	0.258254	1.324882	0.250000	-0.823477	-0.034771
0.821750	0.707505	0.258254	1.324882	0.250000	-0.823477	-0.034771
0.832489	0.707505	0.258254	1.324882	0.250000	-0.823477	-0.034771
0.841777	0.707505	0.258254	1.324882	0.250000	-0.823477	-0.034771
0.852143	0.707505	0.258254	1.324882	0.250000	-0.823477	-0.034771
0.861747	0.712162	0.275001	1.290765	0.250000	-0.828787	-0.038174
0.871706	0.712162	0.275001	1.290765	0.250000	-0.828787	-0.038174
0.881789	0.712162	0.275001	1.290765	0.250000	-0.828787	-0.038174
0.891766	0.712162	0.275001	1.290765	0.250000	-0.828787	-0.038174
0.901782	0.712162	0.275001	1.290765	0.250000	-0.828787	-0.038174
0.911764	0.712162	0.275001	1.290765	0.250000	-0.828787	-0.038174
0.921747	0.712162	0.275001	1.290765	0.250000	-0.828787	-0.038174
0.932121	0.712162	0.275001	1.290765	0.250000	-0.828787	-0.038174
0.941842	0.712162	0.275001	1.290765	0.250000	-0.828787	-0.038174
0.952654	0.712162	0.275001	1.290765	0.250000	-0.828787	-0.038174
0.962294	0.712162	0.275001	1.290765	0.250000	-0.828787	-0.038174
0.972054	0.719216	0.296541	1.247588	0.250000	-0.810843	-0.041005
0.981838	0.719216	0.296541	1.247588	0.250000	-0.810843	-0.041005
0.991732	0.719216	0.296541	1.247588	0.250000	-0.810843	-0.041005
1.002314	0.719216	0.296541	1.247588	0.250000	-0.810843	-0.041005
1.012145	0.719216	0.296541	1.247588	0.250000	-0.810843	-0.041005
1.021796	0.719216	0.296541	1.247588	0.250000	-0.810843	-0.041005
1.031677	0.719216	0.296541	1.247588	0.250000	-0.810843	-0.041005
1.042533	0.726646	0.315165	1.195757	0.250000	-0.740614	-0.040075
1.052113	0.726646	0.315165	1.195757	0.250000	-0.740614	-0.040075
1.061830	0.726646	0.315165	1.195757	0.250000	-0.740614	-0.040075
1.072566	0.726646	0.315165	1.195757	0.250000	-0.740614	-0.040075
1.081919	0.726646	0.315165	1.195757	0.250000	-0.740614	-0.040075
1.092232	0.726646	0.315165	1.195757	0.250000	-0.740614	-0.040075
1.103129	0.733834	0.330830	1.148078	0.250000	-0.660875	-0.038467
1.112043	0.733834	0.330830	1.148078	0.250000	-0.660875	-0.038467
1.122525	0.733834	0.330830	1.148078	0.250000	-0.660875	-0.038467
1.131832	0.733834	0.330830	1.148078	0.250000	-0.660875	-0.038467
1.141809	0.733834	0.330830	1.148078	0.250000	-0.660875	-0.038467
1.151726	0.733834	0.330830	1.148078	0.250000	-0.660875	-0.038467
1.161851	0.740081	0.343696	1.109123	0.250000	-0.583360	-0.036967
1.172811	0.740081	0.343696	1.109123	0.250000	-0.583360	-0.036967
1.181828	0.740081	0.343696	1.109123	0.250000	-0.583360	-0.036967
1.191717	0.740081	0.343696	1.109123	0.250000	-0.583360	-0.036967
1.201807	0.740081	0.343696	1.109123	0.250000	-0.583360	-0.036967
1.212234	0.740081	0.343696	1.109123	0.250000	-0.583360	-0.036967
1.223197	0.740081	0.343696	1.109123	0.250000	-0.583360	-0.036967
1.231721	0.740081	0.343696	1.109123	0.250000	-0.583360	-0.036967
1.241743	0.740081	0.343696	1.109123	0.250000	-0.583360	-0.036967
1.252188	0.740081	0.343696	1.109123	0.250000	-0.583360	-0.036967
1.261826	0.740081	0.343696	1.109123	0.250000	-0.583360	-0.036967
1.271714	0.740081	0.343696	1.109123	0.250000	-0.583360	-0.036967
1.282493	0.748289	0.358670	1.058462	0.250000	-0.457325	-0.032277
1.294000	0.748289	0.358670	1.058462	0.250000	-0.457325	-0.032277
1.301764	0.748289	0.358670	1.058462	0.250000	-0.457325	-0.032277
1.311772	0.748289	0.358670	1.058462	0.250000	-0.457325	-0.032277
1.322437	0.757290	0.373645	1.006078	0.250000	-0.330557	-0.026117
1.332544	0.757290	0.373645	1.006078	0.250000	-0.330557	-0.026117
1.342086	0.757290	0.373645	1.006078	0.250000	-0.330557	-0.026117
1.351785	0.757290	0.373645	1.006078	0.250000	-0.330557	-0.026117
1.361738	0.757290	0.373645	1.006078	0.250000	-0.330557	-0.026117
1.372222	0.757290	0.373645	1.006078	0.250000	-0.330557	-0.026117
1.382066	0.757290	0.373645	1.006078	0.250000	-0.330557	-0.026117
1.391834	0.766222	0.387181	0.950484	0.250000	-0.201380	-0.018696
1.402471	0.766222	0.387181	0.950484	0.250000	-0.201380	-0.018696
1.411968	0.766222	0.387181	0.950484	0.250000	-0.201380	-0.018696
1.422033	0.766222	0.387181	0.950484	0.250000	-0.201380	-0.018696
1.431764	0.766222	0.387181	0.950484	0.250000	-0.201380	-0.018696
1.441741	0.766222	0.387181	0.950484	0.250000	-0.201380	-0.018696
1.452317	0.766222	0.387181	0.950484	0.250000	-0.201380	-0.018696
1.461979	0.766222	0.387181	0.950484	0.250000	-0.201380	-0.018696
1.472284	0.766222	0.387181	0.950484	0.250000	-0.201380	-0.018696
1.482550	0.766222	0.387181	0.950484	0.250000	-0.201380	-0.018696
1.496206	0.778228	0.402971	0.905776	0.250000	-0.101864	-0.011906
1.502020	0.778228	0.402971	0.905776	0.250000	-0.101864	-0.011906
1.515759	0.778228	0.402971	0.905776	0.250000	-0.101864	-0.011906
1.522598	0.778228	0.402971	0.905776	0.250000	-0.101864	-0.011906
1.532271	0.778228	0.402971	0.905776	0.250000	-0.101864	-0.011906
1.542100	0.778228	0.402971	0.905776	0.250000	-0.101864	-0.011906
1.551823	0.778228	0.402971	0.905776	0.250000	-0.101864	-0.011906
1.562572	0.778228	0.402971	0.905776	0.250000	-0.101864	-0.011906
1.572163	0.778228	0.402971	0.905776	0.250000	-0.101864	-0.011906
1.582093	0.778228	0.402971	0.905776	0.250000	-0.101864	-0.011906
1.591956	0.778228	0.402971	0.905776	0.250000	-0.101864	-0.011906
1.602589	0.792062	0.417588	0.846698	0.250000	0.065279	-0.001172
1.612345	0.792062	0.417588	0.846698	0.250000	0.065279	-0.001172
1.622103	0.792062	0.417588	0.846698	0.250000	0.065279	-0.001172
1.631798	0.792062	0.417588	0.846698	0.250000	0.065279	-0.001172
1.641764	0.792062	0.417588	0.846698	0.250000	0.065279	-0.001172
1.652354	0.792062	0.417588	0.846698	0.250000	0.065279	-0.001172
1.662098	0.792062	0.417588	0.846698	0.250000	0.065279	-0.001172
1.672039	0.792062	0.417588	0.846698	0.250000	0.065279	-0.001172
1.681807	0.792062	0.417588	0.846698	0.250000	0.065279	-0.001172
1.692338	0.809252	0.435633	0.783845	0.250000	0.253174	0.010065
1.702215	0.809252	0.435633	0.783845	0.250000	0.253174	0.010065
1.711829	0.809252	0.435633	0.783845	0.250000	0.253174	0.010065
1.721741	0.809252	0.435633	0.783845	0.250000	0.253174	0.010065
1.732376	0.809252	0.435633	0.783845	0.250000	0.253174	0.010065
1.741802	0.809252	0.435633	0.783845	0.250000	0.253174	0.010065
1.751883	0.809252	0.435633	0.783845	0.250000	0.253174	0.010065
1.761718	0.809252	0.435633	0.783845	0.250000	0.253174	0.010065
1.772108	0.809252	0.435633	0.783845	0.250000	0.253174	0.010065
1.782078	0.809252	0.435633	0.783845	0.250000	0.253174	0.010065
1.791911	0.809252	0.435633	0.783845	0.250000	0.253174	0.010065
1.801716	0.809252	0.435633	0.783845	0.250000	0.253174	0.010065
1.811719	0.809252	0.435633	0.783845	0.250000	0.253174	0.010065
1.822184	0.825975	0.450742	0.727920	0.250000	0.437695	0.021175
1.833017	0.825975	0.450742	0.727920	0.250000	0.437695	0.021175
1.841852	0.825975	0.450742	0.727920	0.250000	0.437695	0.021175
1.851817	0.825975	0.450742	0.727920	0.250000	0.437695	0.021175
1.861908	0.825975	0.450742	0.727920	0.250000	0.437695	0.021175
1.872016	0.825975	0.450742	0.727920	0.250000	0.437695	0.021175
1.881808	0.825975	0.450742	0.727920	0.250000	0.437695	0.021175
1.892037	0.825975	0.450742	0.727920	0.250000	0.437695	0.021175
1.902015	0.825975	0.450742	0.727920	0.250000	0.437695	0.021175
1.912089	0.825975	0.450742	0.727920	0.250000	0.437695	0.021175
1.921781	0.825975	0.450742	0.727920	0.250000	0.437695	0.021175
1.931871	0.825975	0.450742	0.727920	0.250000	0.437695	0.021175
1.942304	0.825975	0.450742	0.727920	0.250000	0.437695	0.021175
1.952049	0.848417	0.472204	0.710268	0.250000	0.549428	0.028432
1.961774	0.848417	0.472204	0.710268	0.250000	0.549428	0.028432
1.971761	0.848417	0.472204	0.710268	0.250000	0.549428	0.028432
1.982279	0.848417	0.472204	0.710268	0.250000	0.549428	0.028432
1.992014	0.848417	0.472204	0.710268	0.250000	0.549428	0.028432
2.003442	0.848417	0.472204	0.710268	0.250000	0.549428	0.028432
2.011810	0.848417	0.472204	0.710268	0.250000	0.549428	0.028432
2.022413	0.848417	0.472204	0.710268	0.250000	0.549428	0.028432
2.031968	0.848417	0.472204	0.710268	0.250000	0.549428	0.028432
2.041823	0.866644	0.488304	0.722881	0.250000	0.594818	0.031792
2.051732	0.866644	0.488304	0.722881	0.250000	0.594818	0.031792
2.062264	0.866644	0.488304	0.722881	0.250000	0.594818	0.031792
2.074116	0.866644	0.488304	0.722881	0.250000	0.594818	0.031792
2.081876	0.866644	0.488304	0.722881	0.250000	0.594818	0.031792
2.091822	0.866644	0.488304	0.722881	0.250000	0.594818	0.031792
2.103423	0.887813	0.509320	0.765564	0.250000	0.585752	0.031206
2.112150	0.887813	0.509320	0.765564	0.250000	0.585752	0.031206
2.122153	0.887813	0.509320	0.765564	0.250000	0.585752	0.031206
2.131789	0.887813	0.509320	0.765564	0.250000	0.585752	0.031206
2.143289	0.887813	0.509320	0.765564	0.250000	0.585752	0.031206
2.151937	0.887813	0.509320	0.765564	0.250000	0.585752	0.031206
2.161829	0.887813	0.509320	0.765564	0.250000	0.585752	0.031206
2.171872	0.887813	0.509320	0.765564	0.250000	0.585752	0.031206
2.182139	0.887813	0.509320	0.765564	0.250000	0.585752	0.031206
2.191889	0.887813	0.509320	0.765564	0.250000	0.585752	0.031206
2.202025	0.887813	0.509320	0.765564	0.250000	0.585752	0.031206
2.211825	0.887813	0.509320	0.765564	0.250000	0.585752	0.031206
2.222105	0.899386	0.520947	0.813876	0.250000	0.553552	0.029113
2.231807	0.899386	0.520947	0.813876	0.250000	0.553552	0.029113
2.241899	0.899386	0.520947	0.813876	0.250000	0.553552	0.029113
2.251846	0.899386	0.520947	0.813876	0.250000	0.553552	0.029113
2.261827	0.899386	0.520947	0.813876	0.250000	0.553552	0.029113
2.271922	0.899386	0.520947	0.813876	0.250000	0.553552	0.029113
2.281941	0.899386	0.520947	0.813876	0.250000	0.553552	0.029113
2.291909	0.899386	0.520947	0.813876	0.250000	0.553552	0.029113
2.302884	0.917134	0.541566	0.883328	0.250000	0.510796	0.025197
2.311836	0.917134	0.541566	0.883328	0.250000	0.510796	0.025197
2.321860	0.917134	0.541566	0.883328	0.250000	0.510796	0.025197
2.331741	0.917134	0.541566	0.883328	0.250000	0.510796	0.025197
2.341786	0.917134	0.541566	0.883328	0.250000	0.510796	0.025197
2.351820	0.917134	0.541566	0.883328	0.250000	0.510796	0.025197
2.362199	0.917134	0.541566	0.883328	0.250000	0.510796	0.025197
2.372137	0.926761	0.554797	0.938653	0.250000	0.473524	0.021277
2.381962	0.926761	0.554797	0.938653	0.250000	0.473524	0.021277
2.392558	0.926761	0.554797	0.938653	0.250000	0.473524	0.021277
2.403318	0.926761	0.554797	0.938653	0.250000	0.473524	0.021277
2.412208	0.926761	0.554797	0.938653	0.250000	0.473524	0.021277
2.421818	0.926761	0.554797	0.938653	0.250000	0.473524	0.021277
2.432142	0.926761	0.554797	0.938653	0.250000	0.473524	0.021277
2.441819	0.926761	0.554797	0.938653	0.250000	0.473524	0.021277
2.451847	0.926761	0.554797	0.938653	0.250000	0.473524	0.021277
2.461821	0.926761	0.554797	0.938653	0.250000	0.473524	0.021277
2.471774	0.926761	0.554797	0.938653	0.250000	0.473524	0.021277
2.482465	0.938392	0.571361	0.999475	0.250000	0.441461	0.017406
2.491951	0.938392	0.571361	0.999475	0.250000	0.441461	0.017406
2.501810	0.938392	0.571361	0.999475	0.250000	0.441461	0.017406
2.511817	0.938392	0.571361	0.999475	0.250000	0.441461	0.017406
2.521813	0.938392	0.571361	0.999475	0.250000	0.441461	0.017406
2.531891	0.938392	0.571361	0.999475	0.250000	0.441461	0.017406
2.541858	0.938392	0.571361	0.999475	0.250000	0.441461	0.017406
2.551876	0.945428	0.584608	1.046193	0.250000	0.447144	0.014633
2.561754	0.945428	0.584608	1.046193	0.250000	0.447144	0.014633
2.571761	0.945428	0.584608	1.046193	0.250000	0.447144	0.014633
2.581774	0.945428	0.584608	1.046193	0.250000	0.447144	0.014633
2.591750	0.945428	0.584608	1.046193	0.250000	0.447144	0.014633
2.601858	0.945428	0.584608	1.046193	0.250000	0.447144	0.014633
2.611841	0.955090	0.602081	1.104585	0.250000	0.444040	0.011926
2.621932	0.955090	0.602081	1.104585	0.250000	0.444040	0.011926
2.631757	0.955090	0.602081	1.104585	0.250000	0.444040	0.011926
2.641804	0.955090	0.602081	1.104585	0.250000	0.444040	0.011926
2.651868	0.955090	0.602081	1.104585	0.250000	0.444040	0.011926
2.661797	0.955090	0.602081	1.104585	0.250000	0.444040	0.011926
2.671694	0.962784	0.618383	1.161950	0.250000	0.461492	0.010793
2.681831	0.962784	0.618383	1.161950	0.250000	0.461492	0.010793
2.691776	0.962784	0.618383	1.161950	0.250000	0.461492	0.010793
2.701977	0.962784	0.618383	1.161950	0.250000	0.461492	0.010793
2.711807	0.962784	0.618383	1.161950	0.250000	0.461492	0.010793
2.721830	0.962784	0.618383	1.161950	0.250000	0.461492	0.010793
2.731849	0.962784	0.618383	1.161950	0.250000	0.461492	0.010793
2.741761	0.962784	0.618383	1.161950	0.250000	0.461492	0.010793
2.752083	0.971741	0.637684	1.211925	0.250000	0.496082	0.012161
2.761852	0.971741	0.637684	1.211925	0.250000	0.496082	0.012161
2.771758	0.971741	0.637684	1.211925	0.250000	0.496082	0.012161
2.781778	0.971741	0.637684	1.211925	0.250000	0.496082	0.012161
2.791846	0.971741	0.637684	1.211925	0.250000	0.496082	0.012161
2.801772	0.977495	0.653050	1.257671	0.250000	0.495000	0.012417
2.812835	0.977495	0.653050	1.257671	0.250000	0.495000	0.012417
2.821841	0.977495	0.653050	1.257671	0.250000	0.495000	0.012417
2.831761	0.977495	0.653050	1.257671	0.250000	0.495000	0.012417
2.842130	0.977495	0.653050	1.257671	0.250000	0.495000	0.012417
2.851833	0.977495	0.653050	1.257671	0.250000	0.495000	0.012417
2.861909	0.977495	0.653050	1.257671	0.250000	0.495000	0.012417
2.872024	0.977495	0.653050	1.257671	0.250000	0.495000	0.012417
2.881845	0.977495	0.653050	1.257671	0.250000	0.495000	0.012417
2.891817	0.982032	0.669407	1.297837	0.250000	0.484844	0.012593
2.901853	0.982032	0.669407	1.297837	0.250000	0.484844	0.012593
2.911957	0.982032	0.669407	1.297837	0.250000	0.484844	0.012593
2.921866	0.982032	0.669407	1.297837	0.250000	0.484844	0.012593
2.931898	0.982032	0.669407	1.297837	0.250000	0.484844	0.012593
2.941852	0.982032	0.669407	1.297837	0.250000	0.484844	0.012593
2.951923	0.982032	0.669407	1.297837	0.250000	0.484844	0.012593
2.961895	0.982032	0.669407	1.297837	0.250000	0.484844	0.012593
2.971824	0.981749	0.678686	1.336238	0.250000	0.405136	0.008218
2.981866	0.981749	0.678686	1.336238	0.250000	0.405136	0.008218
2.991842	0.981749	0.678686	1.336238	0.250000	0.405136	0.008218
3.001837	0.981749	0.678686	1.336238	0.250000	0.405136	0.008218
3.011903	0.981749	0.678686	1.336238	0.250000	0.405136	0.008218
3.021829	0.981749	0.678686	1.336238	0.250000	0.405136	0.008218
3.031852	0.981749	0.678686	1.336238	0.250000	0.405136	0.008218
3.041879	0.981749	0.678686	1.336238	0.250000	0.405136	0.008218
3.051937	0.981749	0.678686	1.336238	0.250000	0.405136	0.008218
3.061747	0.981749	0.678686	1.336238	0.250000	0.405136	0.008218
3.073060	0.981749	0.678686	1.336238	0.250000	0.405136	0.008218
3.081890	0.981749	0.678686	1.336238	0.250000	0.405136	0.008218
3.091952	0.981749	0.678686	1.336238	0.250000	0.405136	0.008218
3.101845	0.984961	0.702020	1.410346	0.250000	0.282339	0.003611
3.111824	0.984961	0.702020	1.410346	0.250000	0.282339	0.003611
3.121808	0.984961	0.702020	1.410346	0.250000	0.282339	0.003611
3.131807	0.984961	0.702020	1.410346	0.250000	0.282339	0.003611
3.141790	0.984961	0.702020	1.410346	0.250000	0.282339	0.003611
3.151884	0.984961	0.702020	1.410346	0.250000	0.282339	0.003611
3.161922	0.984961	0.702020	1.410346	0.250000	0.282339	0.003611
3.171895	0.984961	0.702020	1.410346	0.250000	0.282339	0.003611
3.181927	0.987528	0.724869	1.472475	0.250000	0.161299	-0.000160
3.191797	0.987528	0.724869	1.472475	0.250000	0.161299	-0.000160
3.201833	0.987528	0.724869	1.472475	0.250000	0.161299	-0.000160
3.211931	0.987528	0.724869	1.472475	0.250000	0.161299	-0.000160
3.221823	0.987528	0.724869	1.472475	0.250000	0.161299	-0.000160
3.231822	0.987528	0.724869	1.472475	0.250000	0.161299	-0.000160
3.281601	0.987528	0.724869	1.472475	0.250000	0.161299	-0.000160
3.281888	0.987528	0.724869	1.472475	0.250000	0.161299	-0.000160
3.292105	0.987528	0.724869	1.472475	0.250000	0.161299	-0.000160
3.302105	0.987528	0.724869	1.472475	0.250000	0.161299	-0.000160
3.312596	0.987528	0.724869	1.472475	0.250000	0.161299	-0.000160
3.322278	0.987528	0.724869	1.472475	0.250000	0.161299	-0.000160
3.332980	0.987528	0.724869	1.472475	0.250000	0.161299	-0.000160
3.342266	0.987528	0.724869	1.472475	0.250000	0.161299	-0.000160
3.352880	0.987528	0.724869	1.472475	0.250000	0.161299	-0.000160
3.362274	0.987528	0.724869	1.472475	0.250000	0.161299	-0.000160
3.372027	0.987528	0.724869	1.472475	0.250000	0.161299	-0.000160
3.382933	0.987528	0.724869	1.472475	0.250000	0.161299	-0.000160
3.392593	0.987528	0.724869	1.472475	0.250000	0.161299	-0.000160
3.403745	0.991225	0.751713	1.528308	0.250000	0.060358	-0.002706
3.412142	0.991225	0.751713	1.528308	0.250000	0.060358	-0.002706
3.422543	0.991225	0.751713	1.528308	0.250000	0.060358	-0.002706
3.432564	0.991225	0.751713	1.528308	0.250000	0.060358	-0.002706
3.442165	0.991225	0.751713	1.528308	0.250000	0.060358	-0.002706
3.452118	0.991225	0.751713	1.528308	0.250000	0.060358	-0.002706
3.462802	0.991225	0.751713	1.528308	0.250000	0.060358	-0.002706
3.472496	0.991225	0.751713	1.528308	0.250000	0.060358	-0.002706
3.482333	0.991225	0.751713	1.528308	0.250000	0.060358	-0.002706
3.492054	0.991225	0.751713	1.528308	0.250000	0.060358	-0.002706
3.502825	0.991225	0.751713	1.528308	0.250000	0.060358	-0.002706
3.512594	0.991225	0.751713	1.528308	0.250000	0.060358	-0.002706
3.522479	0.991225	0.751713	1.528308	0.250000	0.060358	-0.002706
3.532122	0.991225	0.751713	1.528308	0.250000	0.060358	-0.002706
3.542840	0.991225	0.751713	1.528308	0.250000	0.060358	-0.002706
3.552635	0.991806	0.786145	1.590767	0.250000	-0.096603	-0.009213
3.562486	0.991806	0.786145	1.590767	0.250000	-0.096603	-0.009213
3.572123	0.991806	0.786145	1.590767	0.250000	-0.096603	-0.009213
3.582111	0.991806	0.786145	1.590767	0.250000	-0.096603	-0.009213
3.592637	0.991806	0.786145	1.590767	0.250000	-0.096603	-0.009213
3.602344	0.990359	0.823013	1.660375	0.250000	-0.299309	-0.019220
3.612155	0.990359	0.823013	1.660375	0.250000	-0.299309	-0.019220
3.622890	0.990359	0.823013	1.660375	0.250000	-0.299309	-0.019220
3.632607	0.990359	0.823013	1.660375	0.250000	-0.299309	-0.019220
3.642393	0.990359	0.823013	1.660375	0.250000	-0.299309	-0.019220
3.652168	0.990359	0.823013	1.660375	0.250000	-0.299309	-0.019220
3.662074	0.990359	0.823013	1.660375	0.250000	-0.299309	-0.019220
3.672066	0.987639	0.860483	1.724105	0.250000	-0.492327	-0.029746
3.682125	0.987639	0.860483	1.724105	0.250000	-0.492327	-0.029746
3.692233	0.987639	0.860483	1.724105	0.250000	-0.492327	-0.029746
3.702913	0.987639	0.860483	1.724105	0.250000	-0.492327	-0.029746
3.712722	0.987639	0.860483	1.724105	0.250000	-0.492327	-0.029746
3.722187	0.987639	0.860483	1.724105	0.250000	-0.492327	-0.029746
3.732177	0.983618	0.878179	1.737497	0.250000	-0.574661	-0.035741
3.742376	0.983618	0.878179	1.737497	0.250000	-0.574661	-0.035741
3.752727	0.983618	0.878179	1.737497	0.250000	-0.574661	-0.035741
3.762166	0.983618	0.878179	1.737497	0.250000	-0.574661	-0.035741
3.772208	0.983618	0.878179	1.737497	0.250000	-0.574661	-0.035741
3.782119	0.983618	0.878179	1.737497	0.250000	-0.574661	-0.035741
3.792173	0.983618	0.878179	1.737497	0.250000	-0.574661	-0.035741
3.802145	0.983618	0.878179	1.737497	0.250000	-0.574661	-0.035741
3.812414	0.983618	0.878179	1.737497	0.250000	-0.574661	-0.035741
3.822197	0.983618	0.878179	1.737497	0.250000	-0.574661	-0.035741
3.832575	0.983618	0.878179	1.737497	0.250000	-0.574661	-0.035741
3.842516	0.983618	0.878179	1.737497	0.250000	-0.574661	-0.035741
3.852257	0.979298	0.896591	1.816113	0.250000	-0.789666	-0.049564
3.862975	0.979298	0.896591	1.816113	0.250000	-0.789666	-0.049564
3.872687	0.979298	0.896591	1.816113	0.250000	-0.789666	-0.049564
3.882554	0.979298	0.896591	1.816113	0.250000	-0.789666	-0.049564
3.892310	0.979298	0.896591	1.816113	0.250000	-0.789666	-0.049564
3.902997	0.973686	0.912939	1.812562	0.250000	-0.833815	-0.054544
3.912820	0.973686	0.912939	1.812562	0.250000	-0.833815	-0.054544
3.922550	0.973686	0.912939	1.812562	0.250000	-0.833815	-0.054544
3.932322	0.973686	0.912939	1.812562	0.250000	-0.833815	-0.054544
3.942580	0.973686	0.912939	1.812562	0.250000	-0.833815	-0.054544
3.952854	0.973686	0.912939	1.812562	0.250000	-0.833815	-0.054544
3.962497	0.968532	0.930068	1.795223	0.250000	-0.843891	-0.057319
3.972304	0.968532	0.930068	1.795223	0.250000	-0.843891	-0.057319
3.982159	0.968532	0.930068	1.795223	0.250000	-0.843891	-0.057319
3.992811	0.968532	0.930068	1.795223	0.250000	-0.843891	-0.057319
4.002592	0.968532	0.930068	1.795223	0.250000	-0.843891	-0.057319
4.012320	0.968532	0.930068	1.795223	0.250000	-0.843891	-0.057319
4.022130	0.968532	0.930068	1.795223	0.250000	-0.843891	-0.057319
4.032824	0.968532	0.930068	1.795223	0.250000	-0.843891	-0.057319
4.042560	0.968532	0.930068	1.795223	0.250000	-0.843891	-0.057319
4.052362	0.968532	0.930068	1.795223	0.250000	-0.843891	-0.057319
4.064665	0.968532	0.930068	1.795223	0.250000	-0.843891	-0.057319
4.072168	0.968532	0.930068	1.795223	0.250000	-0.843891	-0.057319
4.082099	0.965633	0.948227	1.687496	0.250000	-0.661808	-0.047928
4.092392	0.965633	0.948227	1.687496	0.250000	-0.661808	-0.047928
4.102093	0.965633	0.948227	1.687496	0.250000	-0.661808	-0.047928
4.112334	0.965633	0.948227	1.687496	0.250000	-0.661808	-0.047928
4.122609	0.965633	0.948227	1.687496	0.250000	-0.661808	-0.047928
4.132434	0.965359	0.969337	1.635019	0.250000	-0.555553	-0.041640
4.142154	0.965359	0.969337	1.635019	0.250000	-0.555553	-0.041640
4.152121	0.965359	0.969337	1.635019	0.250000	-0.555553	-0.041640
4.162120	0.965359	0.969337	1.635019	0.250000	-0.555553	-0.041640
4.172087	0.965359	0.969337	1.635019	0.250000	-0.555553	-0.041640
4.182166	0.965359	0.969337	1.635019	0.250000	-0.555553	-0.041640
4.192903	0.965359	0.969337	1.635019	0.250000	-0.555553	-0.041640
4.202102	0.965359	0.969337	1.635019	0.250000	-0.555553	-0.041640
4.212430	0.965359	0.969337	1.635019	0.250000	-0.555553	-0.041640
4.222137	0.965359	0.969337	1.635019	0.250000	-0.555553	-0.041640
4.233019	0.963986	0.984754	1.582336	0.250000	-0.455501	-0.036464
4.242198	0.963986	0.984754	1.582336	0.250000	-0.455501	-0.036464
4.252505	0.963986	0.984754	1.582336	0.250000	-0.455501	-0.036464
4.262151	0.963986	0.984754	1.582336	0.250000	-0.455501	-0.036464
4.272861	0.963986	0.984754	1.582336	0.250000	-0.455501	-0.036464
4.282655	0.963986	0.984754	1.582336	0.250000	-0.455501	-0.036464
4.292433	0.963772	1.001587	1.537339	0.250000	-0.360053	-0.031167
4.302197	0.963772	1.001587	1.537339	0.250000	-0.360053	-0.031167
4.313149	0.963772	1.001587	1.537339	0.250000	-0.360053	-0.031167
4.322726	0.963772	1.001587	1.537339	0.250000	-0.360053	-0.031167
4.332441	0.963772	1.001587	1.537339	0.250000	-0.360053	-0.031167
4.342212	0.964209	1.015576	1.517615	0.250000	-0.314771	-0.028547
4.352990	0.964209	1.015576	1.517615	0.250000	-0.314771	-0.028547
4.362719	0.964209	1.015576	1.517615	0.250000	-0.314771	-0.028547
4.374421	0.964209	1.015576	1.517615	0.250000	-0.314771	-0.028547
4.382253	0.964209	1.015576	1.517615	0.250000	-0.314771	-0.028547
4.392959	0.964209	1.015576	1.517615	0.250000	-0.314771	-0.028547
4.402686	0.965971	1.032527	1.474786	0.250000	-0.197428	-0.021451
4.412143	0.965971	1.032527	1.474786	0.250000	-0.197428	-0.021451
4.422256	0.965971	1.032527	1.474786	0.250000	-0.197428	-0.021451
4.432968	0.965971	1.032527	1.474786	0.250000	-0.197428	-0.021451
4.442728	0.965971	1.032527	1.474786	0.250000	-0.197428	-0.021451
4.452707	0.965971	1.032527	1.474786	0.250000	-0.197428	-0.021451
4.462251	0.969084	1.049887	1.436727	0.250000	-0.075741	-0.013936
4.473055	0.969084	1.049887	1.436727	0.250000	-0.075741	-0.013936
4.482821	0.969084	1.049887	1.436727	0.250000	-0.075741	-0.013936
4.492521	0.969084	1.049887	1.436727	0.250000	-0.075741	-0.013936
4.502261	0.969084	1.049887	1.436727	0.250000	-0.075741	-0.013936
4.512116	0.969084	1.049887	1.436727	0.250000	-0.075741	-0.013936
4.522167	0.969084	1.049887	1.436727	0.250000	-0.075741	-0.013936
4.532569	0.969084	1.049887	1.436727	0.250000	-0.075741	-0.013936
4.542883	0.969084	1.049887	1.436727	0.250000	-0.075741	-0.013936
4.553095	0.969084	1.049887	1.436727	0.250000	-0.075741	-0.013936
4.562787	0.969084	1.049887	1.436727	0.250000	-0.075741	-0.013936
4.572492	0.971260	1.065820	1.380496	0.250000	0.086399	-0.004787
4.582327	0.971260	1.065820	1.380496	0.250000	0.086399	-0.004787
4.592068	0.971260	1.065820	1.380496	0.250000	0.086399	-0.004787
4.602769	0.971260	1.065820	1.380496	0.250000	0.086399	-0.004787
4.612660	0.971260	1.065820	1.380496	0.250000	0.086399	-0.004787
4.622334	0.971260	1.065820	1.380496	0.250000	0.086399	-0.004787
4.632085	0.974832	1.084302	1.339622	0.250000	0.228250	0.003604
4.642855	0.974832	1.084302	1.339622	0.250000	0.228250	0.003604
4.653088	0.974832	1.084302	1.339622	0.250000	0.228250	0.003604
4.662157	0.974832	1.084302	1.339622	0.250000	0.228250	0.003604
4.672117	0.974832	1.084302	1.339622	0.250000	0.228250	0.003604
4.682118	0.974832	1.084302	1.339622	0.250000	0.228250	0.003604
4.692137	0.974832	1.084302	1.339622	0.250000	0.228250	0.003604
4.702295	0.974832	1.084302	1.339622	0.250000	0.228250	0.003604
4.712141	0.974832	1.084302	1.339622	0.250000	0.228250	0.003604
4.722201	0.974832	1.084302	1.339622	0.250000	0.228250	0.003604
4.732147	0.974832	1.084302	1.339622	0.250000	0.228250	0.003604
4.742372	0.979932	1.104875	1.299502	0.250000	0.385219	0.012833
4.752152	0.979932	1.104875	1.299502	0.250000	0.385219	0.012833
4.762839	0.979932	1.104875	1.299502	0.250000	0.385219	0.012833
4.772074	0.979932	1.104875	1.299502	0.250000	0.385219	0.012833
4.782381	0.979932	1.104875	1.299502	0.250000	0.385219	0.012833
4.792144	0.979932	1.104875	1.299502	0.250000	0.385219	0.012833
4.803847	0.986028	1.126226	1.276859	0.250000	0.509522	0.020397
4.812738	0.986028	1.126226	1.276859	0.250000	0.509522	0.020397
4.822217	0.986028	1.126226	1.276859	0.250000	0.509522	0.020397
4.832167	0.986028	1.126226	1.276859	0.250000	0.509522	0.020397
4.842138	0.986028	1.126226	1.276859	0.250000	0.509522	0.020397
4.852694	0.986028	1.126226	1.276859	0.250000	0.509522	0.020397
4.862413	0.986028	1.126226	1.276859	0.250000	0.509522	0.020397
4.872143	0.986028	1.126226	1.276859	0.250000	0.509522	0.020397
4.883128	0.986028	1.126226	1.276859	0.250000	0.509522	0.020397
4.892706	0.986028	1.126226	1.276859	0.250000	0.509522	0.020397
4.902425	0.991923	1.147920	1.268852	0.250000	0.617782	0.026994
4.912199	0.991923	1.147920	1.268852	0.250000	0.617782	0.026994
4.922929	0.991923	1.147920	1.268852	0.250000	0.617782	0.026994
4.932658	0.991923	1.147920	1.268852	0.250000	0.617782	0.026994
4.942429	0.991923	1.147920	1.268852	0.250000	0.617782	0.026994
4.952259	0.991923	1.147920	1.268852	0.250000	0.617782	0.026994
4.962962	0.991923	1.147920	1.268852	0.250000	0.617782	0.026994
4.972023	0.991923	1.147920	1.268852	0.250000	0.617782	0.026994
4.982242	0.991923	1.147920	1.268852	0.250000	0.617782	0.026994
4.992324	0.991923	1.147920	1.268852	0.250000	0.617782	0.026994
5.002106	0.999607	1.171213	1.282187	0.250000	0.703192	0.032693
5.012798	0.999607	1.171213	1.282187	0.250000	0.703192	0.032693
5.022545	0.999607	1.171213	1.282187	0.250000	0.703192	0.032693
5.032246	0.999607	1.171213	1.282187	0.250000	0.703192	0.032693
5.043021	0.999607	1.171213	1.282187	0.250000	0.703192	0.032693
5.052768	0.999607	1.171213	1.282187	0.250000	0.703192	0.032693
5.062514	0.999607	1.171213	1.282187	0.250000	0.703192	0.032693
5.073150	0.999607	1.171213	1.282187	0.250000	0.703192	0.032693
5.083014	0.999607	1.171213	1.282187	0.250000	0.703192	0.032693
5.092754	0.999607	1.171213	1.282187	0.250000	0.703192	0.032693
5.102513	0.999607	1.171213	1.282187	0.250000	0.703192	0.032693
5.112421	0.999607	1.171213	1.282187	0.250000	0.703192	0.032693
5.123041	1.004016	1.189316	1.316849	0.250000	0.718658	0.033611
5.132767	1.004016	1.189316	1.316849	0.250000	0.718658	0.033611
5.142702	1.004016	1.189316	1.316849	0.250000	0.718658	0.033611
5.152339	1.004016	1.189316	1.316849	0.250000	0.718658	0.033611
5.163013	1.004016	1.189316	1.316849	0.250000	0.718658	0.033611
5.172085	1.004016	1.189316	1.316849	0.250000	0.718658	0.033611
5.182184	1.004016	1.189316	1.316849	0.250000	0.718658	0.033611
5.193135	1.004016	1.189316	1.316849	0.250000	0.718658	0.033611
5.202427	1.004016	1.189316	1.316849	0.250000	0.718658	0.033611
5.212118	1.010502	1.215283	1.377548	0.250000	0.741799	0.034893
5.222633	1.010502	1.215283	1.377548	0.250000	0.741799	0.034893
5.232396	1.010502	1.215283	1.377548	0.250000	0.741799	0.034893
5.242106	1.010502	1.215283	1.377548	0.250000	0.741799	0.034893
5.252823	1.010502	1.215283	1.377548	0.250000	0.741799	0.034893
5.262564	1.010502	1.215283	1.377548	0.250000	0.741799	0.034893
5.272352	1.010502	1.215283	1.377548	0.250000	0.741799	0.034893
5.282405	1.010502	1.215283	1.377548	0.250000	0.741799	0.034893
5.295763	1.010994	1.227732	1.425857	0.250000	0.710999	0.031979
5.302537	1.010994	1.227732	1.425857	0.250000	0.710999	0.031979
5.312166	1.010994	1.227732	1.425857	0.250000	0.710999	0.031979
5.322158	1.010994	1.227732	1.425857	0.250000	0.710999	0.031979
5.334787	1.014505	1.249362	1.473389	0.250000	0.740755	0.033004
5.342498	1.014505	1.249362	1.473389	0.250000	0.740755	0.033004
5.352410	1.014505	1.249362	1.473389	0.250000	0.740755	0.033004
5.362247	1.014505	1.249362	1.473389	0.250000	0.740755	0.033004
5.372842	1.014505	1.249362	1.473389	0.250000	0.740755	0.033004
5.382842	1.014505	1.249362	1.473389	0.250000	0.740755	0.033004
5.392393	1.014505	1.249362	1.473389	0.250000	0.740755	0.033004
5.402119	1.014505	1.249362	1.473389	0.250000	0.740755	0.033004
5.412104	1.014505	1.249362	1.473389	0.250000	0.740755	0.033004
5.422123	1.014505	1.249362	1.473389	0.250000	0.740755	0.033004
5.432380	1.016225	1.266741	1.500028	0.250000	0.795758	0.035254
5.442209	1.016225	1.266741	1.500028	0.250000	0.795758	0.035254
5.452902	1.016225	1.266741	1.500028	0.250000	0.795758	0.035254
5.462622	1.016225	1.266741	1.500028	0.250000	0.795758	0.035254
5.472134	1.016225	1.266741	1.500028	0.250000	0.795758	0.035254
5.482232	1.016225	1.266741	1.500028	0.250000	0.795758	0.035254
5.492993	1.017318	1.289838	1.552659	0.250000	0.862772	0.037686
5.502717	1.017318	1.289838	1.552659	0.250000	0.862772	0.037686
5.512498	1.017318	1.289838	1.552659	0.250000	0.862772	0.037686
5.522293	1.017318	1.289838	1.552659	0.250000	0.862772	0.037686
5.532984	1.016504	1.304328	1.733819	0.250000	0.636719	0.023811
5.542720	1.016504	1.304328	1.733819	0.250000	0.636719	0.023811
5.555510	1.016504	1.304328	1.733819	0.250000	0.636719	0.023811
5.562129	1.016504	1.304328	1.733819	0.250000	0.636719	0.023811
5.572109	1.016504	1.304328	1.733819	0.250000	0.636719	0.023811
5.582140	1.016504	1.304328	1.733819	0.250000	0.636719	0.023811
5.592166	1.016504	1.304328	1.733819	0.250000	0.636719	0.023811
5.602177	1.016504	1.304328	1.733819	0.250000	0.636719	0.023811
5.612273	1.016504	1.304328	1.733819	0.250000	0.636719	0.023811
5.622158	1.016504	1.304328	1.733819	0.250000	0.636719	0.023811
5.632462	1.016504	1.304328	1.733819	0.250000	0.636719	0.023811
5.643293	1.011271	1.311716	1.791597	0.250000	0.514456	0.015092
5.653238	1.011271	1.311716	1.791597	0.250000	0.514456	0.015092
5.662748	1.011271	1.311716	1.791597	0.250000	0.514456	0.015092
5.672096	1.011271	1.311716	1.791597	0.250000	0.514456	0.015092
5.682315	1.011271	1.311716	1.791597	0.250000	0.514456	0.015092
5.693025	1.011271	1.311716	1.791597	0.250000	0.514456	0.015092
5.702843	1.009158	1.325511	1.834222	0.250000	0.551709	0.015965
5.712191	1.009158	1.325511	1.834222	0.250000	0.551709	0.015965
5.722378	1.009158	1.325511	1.834222	0.250000	0.551709	0.015965
5.732078	1.009158	1.325511	1.834222	0.250000	0.551709	0.015965
5.742782	1.009158	1.325511	1.834222	0.250000	0.551709	0.015965
5.752578	1.009158	1.325511	1.834222	0.250000	0.551709	0.015965
5.762270	1.008951	1.351831	1.745729	0.250000	0.959479	0.039145
5.772433	1.008951	1.351831	1.745729	0.250000	0.959479	0.039145
5.783384	1.008951	1.351831	1.745729	0.250000	0.959479	0.039145
5.792588	1.008951	1.351831	1.745729	0.250000	0.959479	0.039145
5.802239	1.008951	1.351831	1.745729	0.250000	0.959479	0.039145
5.812198	1.008951	1.351831	1.745729	0.250000	0.959479	0.039145
5.822798	1.008951	1.351831	1.745729	0.250000	0.959479	0.039145
5.832591	1.008951	1.351831	1.745729	0.250000	0.959479	0.039145
5.842164	1.008951	1.351831	1.745729	0.250000	0.959479	0.039145
5.852135	1.008951	1.351831	1.745729	0.250000	0.959479	0.039145
5.862845	1.008951	1.351831	1.745729	0.250000	0.959479	0.039145
5.872688	1.008355	1.379255	1.783982	0.250000	1.071454	0.047859
5.882436	1.008355	1.379255	1.783982	0.250000	1.071454	0.047859
5.892205	1.008355	1.379255	1.783982	0.250000	1.071454	0.047859
5.902153	1.008355	1.379255	1.783982	0.250000	1.071454	0.047859
5.912649	1.008355	1.379255	1.783982	0.250000	1.071454	0.047859
5.922433	1.008355	1.379255	1.783982	0.250000	1.071454	0.047859
5.932130	1.008355	1.379255	1.783982	0.250000	1.071454	0.047859
5.942875	1.004073	1.397006	1.823357	0.250000	1.140468	0.052699
5.952687	1.004073	1.397006	1.823357	0.250000	1.140468	0.052699
5.962370	1.004073	1.397006	1.823357	0.250000	1.140468	0.052699
5.972181	1.004073	1.397006	1.823357	0.250000	1.140468	0.052699
5.982953	1.004073	1.397006	1.823357	0.250000	1.140468	0.052699
5.992669	1.004073	1.397006	1.823357	0.250000	1.140468	0.052699
6.002439	1.004073	1.397006	1.823357	0.250000	1.140468	0.052699
6.012181	1.004073	1.397006	1.823357	0.250000	1.140468	0.052699
6.022239	1.004073	1.397006	1.823357	0.250000	1.140468	0.052699
6.032759	1.004073	1.397006	1.823357	0.250000	1.140468	0.052699
6.042404	1.004073	1.397006	1.823357	0.250000	1.140468	0.052699
6.052264	1.004073	1.397006	1.823357	0.250000	1.140468	0.052699
6.062596	0.997152	1.411013	1.871306	0.250000	1.135130	0.052136
6.072121	0.997152	1.411013	1.871306	0.250000	1.135130	0.052136
6.082190	0.997152	1.411013	1.871306	0.250000	1.135130	0.052136
6.092299	0.997152	1.411013	1.871306	0.250000	1.135130	0.052136
6.102098	0.997152	1.411013	1.871306	0.250000	1.135130	0.052136
6.112775	0.997152	1.411013	1.871306	0.250000	1.135130	0.052136
6.122476	0.997152	1.411013	1.871306	0.250000	1.135130	0.052136
6.132261	0.997152	1.411013	1.871306	0.250000	1.135130	0.052136
6.142081	0.997152	1.411013	1.871306	0.250000	1.135130	0.052136
6.152842	0.997152	1.411013	1.871306	0.250000	1.135130	0.052136
6.162495	0.997152	1.411013	1.871306	0.250000	1.135130	0.052136
6.172195	0.987179	1.426657	2.093608	0.250000	0.840853	0.036444
