t	x(t)	y(t)	theta(t)	v(t)	gamma(t)	efa
0.006211	0.699549	0.168186	1.623577	0.250000	-0.860399	-0.024164
0.008966	0.699549	0.168186	1.623577	0.250000	-0.860399	-0.024164
0.016985	0.699549	0.168186	1.623577	0.250000	-0.860399	-0.024164
0.026881	0.699549	0.168186	1.623577	0.250000	-0.860399	-0.024164
0.036775	0.699589	0.167839	1.618924	0.250000	-0.849116	-0.023567
0.046811	0.699589	0.167839	1.618924	0.250000	-0.849116	-0.023567
0.056804	0.699589	0.167839	1.618924	0.250000	-0.849116	-0.023567
0.067209	0.699589	0.167839	1.618924	0.250000	-0.849116	-0.023567
0.077009	0.699589	0.167839	1.618924	0.250000	-0.849116	-0.023567
0.086742	0.699589	0.167839	1.618924	0.250000	-0.849116	-0.023567
0.097473	0.699589	0.167839	1.618924	0.250000	-0.849116	-0.023567
0.106747	0.699589	0.167839	1.618924	0.250000	-0.849116	-0.023567
0.117007	0.699589	0.167839	1.618924	0.250000	-0.849116	-0.023567
0.126805	0.699589	0.167839	1.618924	0.250000	-0.849116	-0.023567
0.136880	0.699589	0.167839	1.618924	0.250000	-0.849116	-0.023567
0.146743	0.699589	0.167839	1.618924	0.250000	-0.849116	-0.023567
0.156893	0.699589	0.167839	1.618924	0.250000	-0.849116	-0.023567
0.166741	0.700056	0.167253	1.615368	0.250000	-0.835738	-0.022685
0.177643	0.700056	0.167253	1.615368	0.250000	-0.835738	-0.022685
0.186745	0.700056	0.167253	1.615368	0.250000	-0.835738	-0.022685
0.196998	0.700056	0.167253	1.615368	0.250000	-0.835738	-0.022685
0.206741	0.700056	0.167253	1.615368	0.250000	-0.835738	-0.022685
0.216731	0.700056	0.167253	1.615368	0.250000	-0.835738	-0.022685
0.227273	0.700070	0.167792	1.615144	0.250000	-0.834783	-0.022620
0.236987	0.700070	0.167792	1.615144	0.250000	-0.834783	-0.022620
0.246821	0.700070	0.167792	1.615144	0.250000	-0.834783	-0.022620
0.257592	0.700070	0.167792	1.615144	0.250000	-0.834783	-0.022620
0.267327	0.700070	0.167792	1.615144	0.250000	-0.834783	-0.022620
0.277042	0.700070	0.167792	1.615144	0.250000	-0.834783	-0.022620
0.287007	0.700070	0.167792	1.615144	0.250000	-0.834783	-0.022620
0.297601	0.700070	0.167792	1.615144	0.250000	-0.834783	-0.022620
0.307359	0.700070	0.167792	1.615144	0.250000	-0.834783	-0.022620
0.317103	0.700070	0.167792	1.615144	0.250000	-0.834783	-0.022620
0.326671	0.700070	0.167792	1.615144	0.250000	-0.834783	-0.022620
0.338217	0.700112	0.174493	1.602708	0.250000	-0.834296	-0.022684
0.347320	0.700112	0.174493	1.602708	0.250000	-0.834296	-0.022684
0.357086	0.700112	0.174493	1.602708	0.250000	-0.834296	-0.022684
0.367000	0.700112	0.174493	1.602708	0.250000	-0.834296	-0.022684
0.376821	0.700112	0.174493	1.602708	0.250000	-0.834296	-0.022684
0.387285	0.700112	0.174493	1.602708	0.250000	-0.834296	-0.022684
0.397126	0.700112	0.174493	1.602708	0.250000	-0.834296	-0.022684
0.408690	0.700112	0.174493	1.602708	0.250000	-0.834296	-0.022684
0.416832	0.700112	0.174493	1.602708	0.250000	-0.834296	-0.022684
0.426773	0.700112	0.174493	1.602708	0.250000	-0.834296	-0.022684
0.437665	0.700112	0.174493	1.602708	0.250000	-0.834296	-0.022684
0.446993	0.702449	0.190637	1.569305	0.250000	-0.883468	-0.025775
0.456710	0.702449	0.190637	1.569305	0.250000	-0.883468	-0.025775
0.467366	0.702449	0.190637	1.569305	0.250000	-0.883468	-0.025775
0.477397	0.702449	0.190637	1.569305	0.250000	-0.883468	-0.025775
0.486914	0.702449	0.190637	1.569305	0.250000	-0.883468	-0.025775
0.496770	0.702449	0.190637	1.569305	0.250000	-0.883468	-0.025775
0.506868	0.702449	0.190637	1.569305	0.250000	-0.883468	-0.025775
0.517164	0.703103	0.210384	1.512627	0.250000	-0.897085	-0.028888
0.526910	0.703103	0.210384	1.512627	0.250000	-0.897085	-0.028888
0.537640	0.703103	0.210384	1.512627	0.250000	-0.897085	-0.028888
0.547432	0.703103	0.210384	1.512627	0.250000	-0.897085	-0.028888
0.557182	0.703103	0.210384	1.512627	0.250000	-0.897085	-0.028888
0.566885	0.704280	0.229656	1.457919	0.250000	-0.908919	-0.032721
0.576679	0.704280	0.229656	1.457919	0.250000	-0.908919	-0.032721
0.586760	0.704280	0.229656	1.457919	0.250000	-0.908919	-0.032721
0.596763	0.704280	0.229656	1.457919	0.250000	-0.908919	-0.032721
0.606951	0.704280	0.229656	1.457919	0.250000	-0.908919	-0.032721
0.617329	0.704280	0.229656	1.457919	0.250000	-0.908919	-0.032721
0.626815	0.704280	0.229656	1.457919	0.250000	-0.908919	-0.032721
0.636960	0.704280	0.229656	1.457919	0.250000	-0.908919	-0.032721
0.646777	0.704280	0.229656	1.457919	0.250000	-0.908919	-0.032721
0.656879	0.704280	0.229656	1.457919	0.250000	-0.908919	-0.032721
0.666796	0.704280	0.229656	1.457919	0.250000	-0.908919	-0.032721
0.676894	0.704280	0.229656	1.457919	0.250000	-0.908919	-0.032721
0.686756	0.704630	0.246900	1.400126	0.250000	-0.916395	-0.037406
0.696774	0.704630	0.246900	1.400126	0.250000	-0.916395	-0.037406
0.706748	0.704630	0.246900	1.400126	0.250000	-0.916395	-0.037406
0.716918	0.704630	0.246900	1.400126	0.250000	-0.916395	-0.037406
0.726999	0.704630	0.246900	1.400126	0.250000	-0.916395	-0.037406
0.736702	0.704630	0.246900	1.400126	0.250000	-0.916395	-0.037406
0.747502	0.707962	0.263747	1.362126	0.250000	-0.930760	-0.041679
0.756790	0.707962	0.263747	1.362126	0.250000	-0.930760	-0.041679
0.766988	0.707962	0.263747	1.362126	0.250000	-0.930760	-0.041679
0.776861	0.707962	0.263747	1.362126	0.250000	-0.930760	-0.041679
0.786822	0.707962	0.263747	1.362126	0.250000	-0.930760	-0.041679
0.796804	0.711480	0.279668	1.322723	0.250000	-0.915913	-0.043886
0.807155	0.711480	0.279668	1.322723	0.250000	-0.915913	-0.043886
0.816897	0.711480	0.279668	1.322723	0.250000	-0.915913	-0.043886
0.826733	0.711480	0.279668	1.322723	0.250000	-0.915913	-0.043886
0.838307	0.711480	0.279668	1.322723	0.250000	-0.915913	-0.043886
0.847052	0.711480	0.279668	1.322723	0.250000	-0.915913	-0.043886
0.856899	0.711480	0.279668	1.322723	0.250000	-0.915913	-0.043886
0.868678	0.711480	0.279668	1.322723	0.250000	-0.915913	-0.043886
0.877486	0.711480	0.279668	1.322723	0.250000	-0.915913	-0.043886
0.887065	0.711480	0.279668	1.322723	0.250000	-0.915913	-0.043886
0.896821	0.711480	0.279668	1.322723	0.250000	-0.915913	-0.043886
0.907591	0.711480	0.279668	1.322723	0.250000	-0.915913	-0.043886
0.917343	0.711480	0.279668	1.322723	0.250000	-0.915913	-0.043886
0.927027	0.715229	0.296716	1.285746	0.250000	-0.916168	-0.048088
0.936844	0.715229	0.296716	1.285746	0.250000	-0.916168	-0.048088
0.947592	0.715229	0.296716	1.285746	0.250000	-0.916168	-0.048088
0.957341	0.715229	0.296716	1.285746	0.250000	-0.916168	-0.048088
0.967121	0.715229	0.296716	1.285746	0.250000	-0.916168	-0.048088
0.976939	0.715229	0.296716	1.285746	0.250000	-0.916168	-0.048088
0.987592	0.715229	0.296716	1.285746	0.250000	-0.916168	-0.048088
0.997346	0.715229	0.296716	1.285746	0.250000	-0.916168	-0.048088
1.006799	0.715229	0.296716	1.285746	0.250000	-0.916168	-0.048088
1.017387	0.715229	0.296716	1.285746	0.250000	-0.916168	-0.048088
1.027106	0.715229	0.296716	1.285746	0.250000	-0.916168	-0.048088
1.036773	0.715229	0.296716	1.285746	0.250000	-0.916168	-0.048088
1.047238	0.720707	0.314495	1.225633	0.250000	-0.846302	-0.047896
1.056932	0.720707	0.314495	1.225633	0.250000	-0.846302	-0.047896
1.066733	0.720707	0.314495	1.225633	0.250000	-0.846302	-0.047896
1.076742	0.720707	0.314495	1.225633	0.250000	-0.846302	-0.047896
1.086802	0.720707	0.314495	1.225633	0.250000	-0.846302	-0.047896
1.096849	0.720707	0.314495	1.225633	0.250000	-0.846302	-0.047896
1.106746	0.720707	0.314495	1.225633	0.250000	-0.846302	-0.047896
1.116763	0.720707	0.314495	1.225633	0.250000	-0.846302	-0.047896
1.126751	0.720707	0.314495	1.225633	0.250000	-0.846302	-0.047896
1.136909	0.720707	0.314495	1.225633	0.250000	-0.846302	-0.047896
1.146769	0.720707	0.314495	1.225633	0.250000	-0.846302	-0.047896
1.156759	0.720707	0.314495	1.225633	0.250000	-0.846302	-0.047896
1.167149	0.730772	0.337936	1.161900	0.250000	-0.749276	-0.046740
1.176860	0.730772	0.337936	1.161900	0.250000	-0.749276	-0.046740
1.186742	0.730772	0.337936	1.161900	0.250000	-0.749276	-0.046740
1.196740	0.730772	0.337936	1.161900	0.250000	-0.749276	-0.046740
1.206859	0.730772	0.337936	1.161900	0.250000	-0.749276	-0.046740
1.216786	0.730772	0.337936	1.161900	0.250000	-0.749276	-0.046740
1.226701	0.742978	0.357436	1.096256	0.250000	-0.588215	-0.040559
1.236927	0.742978	0.357436	1.096256	0.250000	-0.588215	-0.040559
1.246844	0.742978	0.357436	1.096256	0.250000	-0.588215	-0.040559
1.256861	0.742978	0.357436	1.096256	0.250000	-0.588215	-0.040559
1.267212	0.742978	0.357436	1.096256	0.250000	-0.588215	-0.040559
1.277451	0.753788	0.376247	1.041163	0.250000	-0.462042	-0.035243
1.287219	0.753788	0.376247	1.041163	0.250000	-0.462042	-0.035243
1.296988	0.753788	0.376247	1.041163	0.250000	-0.462042	-0.035243
1.306735	0.753788	0.376247	1.041163	0.250000	-0.462042	-0.035243
1.316811	0.753788	0.376247	1.041163	0.250000	-0.462042	-0.035243
1.326776	0.753788	0.376247	1.041163	0.250000	-0.462042	-0.035243
1.336878	0.753788	0.376247	1.041163	0.250000	-0.462042	-0.035243
1.348275	0.761575	0.387864	0.990920	0.250000	-0.350277	-0.028466
1.356776	0.761575	0.387864	0.990920	0.250000	-0.350277	-0.028466
1.366713	0.761575	0.387864	0.990920	0.250000	-0.350277	-0.028466
1.377094	0.761575	0.387864	0.990920	0.250000	-0.350277	-0.028466
1.386820	0.761575	0.387864	0.990920	0.250000	-0.350277	-0.028466
1.396781	0.761575	0.387864	0.990920	0.250000	-0.350277	-0.028466
1.406904	0.761575	0.387864	0.990920	0.250000	-0.350277	-0.028466
1.416949	0.761575	0.387864	0.990920	0.250000	-0.350277	-0.028466
1.426807	0.761575	0.387864	0.990920	0.250000	-0.350277	-0.028466
1.436844	0.761575	0.387864	0.990920	0.250000	-0.350277	-0.028466
1.446772	0.761575	0.387864	0.990920	0.250000	-0.350277	-0.028466
1.456954	0.761575	0.387864	0.990920	0.250000	-0.350277	-0.028466
1.466824	0.773937	0.404038	0.932793	0.250000	-0.218637	-0.019659
1.477846	0.773937	0.404038	0.932793	0.250000	-0.218637	-0.019659
1.487320	0.773937	0.404038	0.932793	0.250000	-0.218637	-0.019659
1.497021	0.773937	0.404038	0.932793	0.250000	-0.218637	-0.019659
1.508563	0.773937	0.404038	0.932793	0.250000	-0.218637	-0.019659
1.516765	0.773937	0.404038	0.932793	0.250000	-0.218637	-0.019659
1.527288	0.773937	0.404038	0.932793	0.250000	-0.218637	-0.019659
1.537159	0.773937	0.404038	0.932793	0.250000	-0.218637	-0.019659
1.546848	0.773937	0.404038	0.932793	0.250000	-0.218637	-0.019659
1.556860	0.773937	0.404038	0.932793	0.250000	-0.218637	-0.019659
1.566734	0.773937	0.404038	0.932793	0.250000	-0.218637	-0.019659
1.577013	0.788404	0.421324	0.861391	0.250000	-0.036094	-0.008424
1.586892	0.788404	0.421324	0.861391	0.250000	-0.036094	-0.008424
1.598508	0.788404	0.421324	0.861391	0.250000	-0.036094	-0.008424
1.607354	0.788404	0.421324	0.861391	0.250000	-0.036094	-0.008424
1.616944	0.788404	0.421324	0.861391	0.250000	-0.036094	-0.008424
1.626841	0.788404	0.421324	0.861391	0.250000	-0.036094	-0.008424
1.637757	0.788404	0.421324	0.861391	0.250000	-0.036094	-0.008424
1.646746	0.788404	0.421324	0.861391	0.250000	-0.036094	-0.008424
1.657123	0.803933	0.438935	0.783606	0.250000	0.181231	0.004004
1.666888	0.803933	0.438935	0.783606	0.250000	0.181231	0.004004
1.677043	0.803933	0.438935	0.783606	0.250000	0.181231	0.004004
1.687368	0.803933	0.438935	0.783606	0.250000	0.181231	0.004004
1.697115	0.803933	0.438935	0.783606	0.250000	0.181231	0.004004
1.706903	0.803933	0.438935	0.783606	0.250000	0.181231	0.004004
1.717649	0.816260	0.451166	0.729852	0.250000	0.345861	0.013403
1.727391	0.816260	0.451166	0.729852	0.250000	0.345861	0.013403
1.737010	0.816260	0.451166	0.729852	0.250000	0.345861	0.013403
1.746923	0.816260	0.451166	0.729852	0.250000	0.345861	0.013403
1.756787	0.816260	0.451166	0.729852	0.250000	0.345861	0.013403
1.767463	0.816260	0.451166	0.729852	0.250000	0.345861	0.013403
1.776934	0.826989	0.460179	0.690299	0.250000	0.478265	0.021269
1.786983	0.826989	0.460179	0.690299	0.250000	0.478265	0.021269
1.796728	0.826989	0.460179	0.690299	0.250000	0.478265	0.021269
1.806759	0.826989	0.460179	0.690299	0.250000	0.478265	0.021269
1.817000	0.826989	0.460179	0.690299	0.250000	0.478265	0.021269
1.826886	0.826989	0.460179	0.690299	0.250000	0.478265	0.021269
1.836789	0.837430	0.469986	0.668740	0.250000	0.555213	0.025816
1.846750	0.837430	0.469986	0.668740	0.250000	0.555213	0.025816
1.856752	0.837430	0.469986	0.668740	0.250000	0.555213	0.025816
1.866904	0.837430	0.469986	0.668740	0.250000	0.555213	0.025816
1.877845	0.837430	0.469986	0.668740	0.250000	0.555213	0.025816
1.886745	0.837430	0.469986	0.668740	0.250000	0.555213	0.025816
1.896754	0.837430	0.469986	0.668740	0.250000	0.555213	0.025816
1.907034	0.837430	0.469986	0.668740	0.250000	0.555213	0.025816
1.916848	0.837430	0.469986	0.668740	0.250000	0.555213	0.025816
1.927351	0.837430	0.469986	0.668740	0.250000	0.555213	0.025816
1.937322	0.837430	0.469986	0.668740	0.250000	0.555213	0.025816
1.947006	0.837430	0.469986	0.668740	0.250000	0.555213	0.025816
1.956953	0.837430	0.469986	0.668740	0.250000	0.555213	0.025816
1.966751	0.851575	0.485871	0.665945	0.250000	0.604810	0.028543
1.977278	0.851575	0.485871	0.665945	0.250000	0.604810	0.028543
1.986835	0.851575	0.485871	0.665945	0.250000	0.604810	0.028543
1.996778	0.851575	0.485871	0.665945	0.250000	0.604810	0.028543
2.006746	0.851575	0.485871	0.665945	0.250000	0.604810	0.028543
2.016793	0.851575	0.485871	0.665945	0.250000	0.604810	0.028543
2.026969	0.862484	0.499140	0.682894	0.250000	0.588235	0.026983
2.036742	0.862484	0.499140	0.682894	0.250000	0.588235	0.026983
2.046738	0.862484	0.499140	0.682894	0.250000	0.588235	0.026983
2.056776	0.862484	0.499140	0.682894	0.250000	0.588235	0.026983
2.066997	0.862484	0.499140	0.682894	0.250000	0.588235	0.026983
2.076944	0.877065	0.510328	0.720965	0.250000	0.589757	0.028019
2.086865	0.877065	0.510328	0.720965	0.250000	0.589757	0.028019
2.097020	0.877065	0.510328	0.720965	0.250000	0.589757	0.028019
2.106972	0.877065	0.510328	0.720965	0.250000	0.589757	0.028019
2.116914	0.877065	0.510328	0.720965	0.250000	0.589757	0.028019
2.126735	0.877065	0.510328	0.720965	0.250000	0.589757	0.028019
2.136793	0.884631	0.518647	0.773637	0.250000	0.502671	0.022975
2.147085	0.884631	0.518647	0.773637	0.250000	0.502671	0.022975
2.156846	0.884631	0.518647	0.773637	0.250000	0.502671	0.022975
2.166709	0.884631	0.518647	0.773637	0.250000	0.502671	0.022975
2.176777	0.884631	0.518647	0.773637	0.250000	0.502671	0.022975
2.186777	0.884631	0.518647	0.773637	0.250000	0.502671	0.022975
2.196974	0.884631	0.518647	0.773637	0.250000	0.502671	0.022975
2.206776	0.884631	0.518647	0.773637	0.250000	0.502671	0.022975
2.216907	0.884631	0.518647	0.773637	0.250000	0.502671	0.022975
2.227064	0.884631	0.518647	0.773637	0.250000	0.502671	0.022975
2.236754	0.884631	0.518647	0.773637	0.250000	0.502671	0.022975
2.247773	0.884631	0.518647	0.773637	0.250000	0.502671	0.022975
2.256736	0.884631	0.518647	0.773637	0.250000	0.502671	0.022975
2.267088	0.898222	0.532896	0.841693	0.250000	0.421179	0.018085
2.277010	0.898222	0.532896	0.841693	0.250000	0.421179	0.018085
2.286829	0.898222	0.532896	0.841693	0.250000	0.421179	0.018085
2.297467	0.898222	0.532896	0.841693	0.250000	0.421179	0.018085
2.307171	0.898222	0.532896	0.841693	0.250000	0.421179	0.018085
2.316907	0.898222	0.532896	0.841693	0.250000	0.421179	0.018085
2.327662	0.908601	0.545219	0.893655	0.250000	0.383786	0.014901
2.336832	0.908601	0.545219	0.893655	0.250000	0.383786	0.014901
2.346809	0.908601	0.545219	0.893655	0.250000	0.383786	0.014901
2.356970	0.908601	0.545219	0.893655	0.250000	0.383786	0.014901
2.367678	0.908601	0.545219	0.893655	0.250000	0.383786	0.014901
2.377815	0.908601	0.545219	0.893655	0.250000	0.383786	0.014901
2.386722	0.919928	0.558881	0.944217	0.250000	0.368070	0.012603
2.396936	0.919928	0.558881	0.944217	0.250000	0.368070	0.012603
2.406688	0.919928	0.558881	0.944217	0.250000	0.368070	0.012603
2.417461	0.919928	0.558881	0.944217	0.250000	0.368070	0.012603
2.426752	0.919928	0.558881	0.944217	0.250000	0.368070	0.012603
2.436826	0.926086	0.569708	0.982673	0.250000	0.349775	0.009450
2.446818	0.926086	0.569708	0.982673	0.250000	0.349775	0.009450
2.456746	0.926086	0.569708	0.982673	0.250000	0.349775	0.009450
2.466804	0.926086	0.569708	0.982673	0.250000	0.349775	0.009450
2.477289	0.926086	0.569708	0.982673	0.250000	0.349775	0.009450
2.486770	0.926086	0.569708	0.982673	0.250000	0.349775	0.009450
2.497468	0.926086	0.569708	0.982673	0.250000	0.349775	0.009450
2.507221	0.926086	0.569708	0.982673	0.250000	0.349775	0.009450
2.516888	0.926086	0.569708	0.982673	0.250000	0.349775	0.009450
2.527324	0.926086	0.569708	0.982673	0.250000	0.349775	0.009450
2.537253	0.926086	0.569708	0.982673	0.250000	0.349775	0.009450
2.547244	0.926086	0.569708	0.982673	0.250000	0.349775	0.009450
2.557006	0.932366	0.587888	1.034825	0.250000	0.294643	0.002317
2.566750	0.932366	0.587888	1.034825	0.250000	0.294643	0.002317
2.576799	0.932366	0.587888	1.034825	0.250000	0.294643	0.002317
2.586842	0.932366	0.587888	1.034825	0.250000	0.294643	0.002317
2.597021	0.932366	0.587888	1.034825	0.250000	0.294643	0.002317
2.606852	0.932366	0.587888	1.034825	0.250000	0.294643	0.002317
2.617673	0.932366	0.587888	1.034825	0.250000	0.294643	0.002317
2.627561	0.939555	0.602801	1.076405	0.250000	0.349419	0.001613
2.637022	0.939555	0.602801	1.076405	0.250000	0.349419	0.001613
2.646949	0.939555	0.602801	1.076405	0.250000	0.349419	0.001613
2.657515	0.939555	0.602801	1.076405	0.250000	0.349419	0.001613
2.667269	0.939555	0.602801	1.076405	0.250000	0.349419	0.001613
2.677253	0.939555	0.602801	1.076405	0.250000	0.349419	0.001613
2.686807	0.939555	0.602801	1.076405	0.250000	0.349419	0.001613
2.697537	0.939555	0.602801	1.076405	0.250000	0.349419	0.001613
2.707272	0.939555	0.602801	1.076405	0.250000	0.349419	0.001613
2.716887	0.939555	0.602801	1.076405	0.250000	0.349419	0.001613
2.726808	0.939555	0.602801	1.076405	0.250000	0.349419	0.001613
2.736737	0.949621	0.623671	1.131368	0.250000	0.399459	0.001949
2.746818	0.949621	0.623671	1.131368	0.250000	0.399459	0.001949
2.757093	0.949621	0.623671	1.131368	0.250000	0.399459	0.001949
2.766833	0.949621	0.623671	1.131368	0.250000	0.399459	0.001949
2.777951	0.949621	0.623671	1.131368	0.250000	0.399459	0.001949
2.787579	0.949621	0.623671	1.131368	0.250000	0.399459	0.001949
2.798246	0.949621	0.623671	1.131368	0.250000	0.399459	0.001949
2.808473	0.949621	0.623671	1.131368	0.250000	0.399459	0.001949
2.816808	0.949621	0.623671	1.131368	0.250000	0.399459	0.001949
2.827320	0.949621	0.623671	1.131368	0.250000	0.399459	0.001949
2.837071	0.949621	0.623671	1.131368	0.250000	0.399459	0.001949
2.846864	0.958366	0.644348	1.183764	0.250000	0.440880	0.003604
2.857145	0.958366	0.644348	1.183764	0.250000	0.440880	0.003604
2.867337	0.958366	0.644348	1.183764	0.250000	0.440880	0.003604
2.876957	0.958366	0.644348	1.183764	0.250000	0.440880	0.003604
2.886868	0.958366	0.644348	1.183764	0.250000	0.440880	0.003604
2.896730	0.958366	0.644348	1.183764	0.250000	0.440880	0.003604
2.907366	0.970827	0.664543	1.225545	0.250000	0.522911	0.010498
2.917221	0.970827	0.664543	1.225545	0.250000	0.522911	0.010498
2.926937	0.970827	0.664543	1.225545	0.250000	0.522911	0.010498
2.936740	0.970827	0.664543	1.225545	0.250000	0.522911	0.010498
2.946925	0.970827	0.664543	1.225545	0.250000	0.522911	0.010498
2.956900	0.970827	0.664543	1.225545	0.250000	0.522911	0.010498
2.966963	0.970827	0.664543	1.225545	0.250000	0.522911	0.010498
2.976803	0.970827	0.664543	1.225545	0.250000	0.522911	0.010498
2.986744	0.970827	0.664543	1.225545	0.250000	0.522911	0.010498
2.996722	0.970827	0.664543	1.225545	0.250000	0.522911	0.010498
3.006940	0.970827	0.664543	1.225545	0.250000	0.522911	0.010498
3.016715	0.970827	0.664543	1.225545	0.250000	0.522911	0.010498
3.027394	0.977267	0.685663	1.259046	0.250000	0.547058	0.013500
3.037297	0.977267	0.685663	1.259046	0.250000	0.547058	0.013500
3.046808	0.977267	0.685663	1.259046	0.250000	0.547058	0.013500
3.056916	0.977267	0.685663	1.259046	0.250000	0.547058	0.013500
3.066772	0.977267	0.685663	1.259046	0.250000	0.547058	0.013500
3.077522	0.977267	0.685663	1.259046	0.250000	0.547058	0.013500
3.086768	0.984188	0.698030	1.287838	0.250000	0.574635	0.017969
3.096735	0.984188	0.698030	1.287838	0.250000	0.574635	0.017969
3.106799	0.984188	0.698030	1.287838	0.250000	0.574635	0.017969
3.116760	0.984188	0.698030	1.287838	0.250000	0.574635	0.017969
3.127495	0.984188	0.698030	1.287838	0.250000	0.574635	0.017969
3.136754	0.984188	0.698030	1.287838	0.250000	0.574635	0.017969
3.147520	0.986526	0.711575	1.320797	0.250000	0.529651	0.017217
3.157239	0.986526	0.711575	1.320797	0.250000	0.529651	0.017217
3.166992	0.986526	0.711575	1.320797	0.250000	0.529651	0.017217
3.177039	0.986526	0.711575	1.320797	0.250000	0.529651	0.017217
3.187498	0.986526	0.711575	1.320797	0.250000	0.529651	0.017217
3.197352	0.986526	0.711575	1.320797	0.250000	0.529651	0.017217
3.207027	0.994396	0.722450	1.353175	0.250000	0.538399	0.021408
3.216881	0.994396	0.722450	1.353175	0.250000	0.538399	0.021408
3.227514	0.994396	0.722450	1.353175	0.250000	0.538399	0.021408
3.237260	0.994396	0.722450	1.353175	0.250000	0.538399	0.021408
3.247140	0.994396	0.722450	1.353175	0.250000	0.538399	0.021408
3.256798	0.994396	0.722450	1.353175	0.250000	0.538399	0.021408
3.266665	0.997662	0.737243	1.389159	0.250000	0.487163	0.020829
3.276806	0.997662	0.737243	1.389159	0.250000	0.487163	0.020829
3.286893	0.997662	0.737243	1.389159	0.250000	0.487163	0.020829
3.296769	0.997662	0.737243	1.389159	0.250000	0.487163	0.020829
3.307576	0.997662	0.737243	1.389159	0.250000	0.487163	0.020829
3.316769	0.997662	0.737243	1.389159	0.250000	0.487163	0.020829
3.326803	0.997662	0.737243	1.389159	0.250000	0.487163	0.020829
3.336921	0.997662	0.737243	1.389159	0.250000	0.487163	0.020829
3.346752	0.997662	0.737243	1.389159	0.250000	0.487163	0.020829
3.357450	0.997662	0.737243	1.389159	0.250000	0.487163	0.020829
3.366802	0.997662	0.737243	1.389159	0.250000	0.487163	0.020829
3.377312	1.001138	0.755144	1.440316	0.250000	0.406973	0.019348
3.386742	1.001138	0.755144	1.440316	0.250000	0.406973	0.019348
3.397339	1.001138	0.755144	1.440316	0.250000	0.406973	0.019348
3.407117	1.001138	0.755144	1.440316	0.250000	0.406973	0.019348
3.416870	1.001138	0.755144	1.440316	0.250000	0.406973	0.019348
3.426759	1.001138	0.755144	1.440316	0.250000	0.406973	0.019348
3.436722	0.996771	0.774431	1.497026	0.250000	0.209294	0.008079
3.446810	0.996771	0.774431	1.497026	0.250000	0.209294	0.008079
3.456892	0.996771	0.774431	1.497026	0.250000	0.209294	0.008079
3.466768	0.996771	0.774431	1.497026	0.250000	0.209294	0.008079
3.477035	0.996771	0.774431	1.497026	0.250000	0.209294	0.008079
3.487315	0.996771	0.774431	1.497026	0.250000	0.209294	0.008079
3.496976	0.996771	0.774431	1.497026	0.250000	0.209294	0.008079
3.507632	0.996771	0.774431	1.497026	0.250000	0.209294	0.008079
3.517088	0.996771	0.774431	1.497026	0.250000	0.209294	0.008079
3.526885	0.996771	0.774431	1.497026	0.250000	0.209294	0.008079
3.536969	0.996771	0.774431	1.497026	0.250000	0.209294	0.008079
3.546852	0.996771	0.774431	1.497026	0.250000	0.209294	0.008079
3.556791	1.000212	0.797067	1.557311	0.250000	0.090786	0.004087
3.566782	1.000212	0.797067	1.557311	0.250000	0.090786	0.004087
3.576942	1.000212	0.797067	1.557311	0.250000	0.090786	0.004087
3.586850	1.000212	0.797067	1.557311	0.250000	0.090786	0.004087
3.596740	1.000212	0.797067	1.557311	0.250000	0.090786	0.004087
3.607102	1.000212	0.797067	1.557311	0.250000	0.090786	0.004087
3.616816	1.000212	0.797067	1.557311	0.250000	0.090786	0.004087
3.626792	1.000212	0.797067	1.557311	0.250000	0.090786	0.004087
3.636925	1.000212	0.797067	1.557311	0.250000	0.090786	0.004087
3.646809	1.000212	0.797067	1.557311	0.250000	0.090786	0.004087
3.656887	1.000212	0.797067	1.557311	0.250000	0.090786	0.004087
3.666714	1.000212	0.797067	1.557311	0.250000	0.090786	0.004087
3.677595	1.000212	0.797067	1.557311	0.250000	0.090786	0.004087
3.686755	1.000212	0.797067	1.557311	0.250000	0.090786	0.004087
3.696903	1.000212	0.797067	1.557311	0.250000	0.090786	0.004087
3.706804	1.000212	0.797067	1.557311	0.250000	0.090786	0.004087
3.717443	1.000951	0.820293	1.614037	0.250000	-0.052905	-0.002348
3.727216	1.000951	0.820293	1.614037	0.250000	-0.052905	-0.002348
3.737098	1.000951	0.820293	1.614037	0.250000	-0.052905	-0.002348
3.746735	1.000951	0.820293	1.614037	0.250000	-0.052905	-0.002348
3.756933	1.000951	0.820293	1.614037	0.250000	-0.052905	-0.002348
3.767685	1.000951	0.820293	1.614037	0.250000	-0.052905	-0.002348
3.779866	1.000951	0.820293	1.614037	0.250000	-0.052905	-0.002348
3.786847	0.999166	0.845675	1.668196	0.250000	-0.223855	-0.011275
3.796812	0.999166	0.845675	1.668196	0.250000	-0.223855	-0.011275
3.806783	0.999166	0.845675	1.668196	0.250000	-0.223855	-0.011275
3.816937	0.999166	0.845675	1.668196	0.250000	-0.223855	-0.011275
3.826779	0.999166	0.845675	1.668196	0.250000	-0.223855	-0.011275
3.836738	0.999166	0.845675	1.668196	0.250000	-0.223855	-0.011275
3.846702	0.995579	0.868408	1.704846	0.250000	-0.360556	-0.019304
3.856782	0.995579	0.868408	1.704846	0.250000	-0.360556	-0.019304
3.866802	0.995579	0.868408	1.704846	0.250000	-0.360556	-0.019304
3.876845	0.995579	0.868408	1.704846	0.250000	-0.360556	-0.019304
3.886772	0.995579	0.868408	1.704846	0.250000	-0.360556	-0.019304
3.896931	0.995579	0.868408	1.704846	0.250000	-0.360556	-0.019304
3.907842	0.995579	0.868408	1.704846	0.250000	-0.360556	-0.019304
3.916827	0.995579	0.868408	1.704846	0.250000	-0.360556	-0.019304
3.926764	0.991697	0.885898	1.721254	0.250000	-0.454363	-0.025648
3.936945	0.991697	0.885898	1.721254	0.250000	-0.454363	-0.025648
3.946895	0.991697	0.885898	1.721254	0.250000	-0.454363	-0.025648
3.956788	0.991697	0.885898	1.721254	0.250000	-0.454363	-0.025648
3.966801	0.991697	0.885898	1.721254	0.250000	-0.454363	-0.025648
3.977759	0.993401	0.898577	1.798528	0.250000	-0.624997	-0.034087
3.986922	0.993401	0.898577	1.798528	0.250000	-0.624997	-0.034087
3.996944	0.993401	0.898577	1.798528	0.250000	-0.624997	-0.034087
4.007343	0.993401	0.898577	1.798528	0.250000	-0.624997	-0.034087
4.016936	0.993401	0.898577	1.798528	0.250000	-0.624997	-0.034087
4.026866	0.993401	0.898577	1.798528	0.250000	-0.624997	-0.034087
4.037110	0.993401	0.898577	1.798528	0.250000	-0.624997	-0.034087
4.046761	0.993401	0.898577	1.798528	0.250000	-0.624997	-0.034087
4.056887	0.993401	0.898577	1.798528	0.250000	-0.624997	-0.034087
4.066850	0.993401	0.898577	1.798528	0.250000	-0.624997	-0.034087
4.076791	0.993401	0.898577	1.798528	0.250000	-0.624997	-0.034087
4.086754	0.993401	0.898577	1.798528	0.250000	-0.624997	-0.034087
4.096897	0.993401	0.898577	1.798528	0.250000	-0.624997	-0.034087
4.108600	0.987246	0.915495	1.784530	0.250000	-0.656827	-0.038163
4.116812	0.987246	0.915495	1.784530	0.250000	-0.656827	-0.038163
4.127410	0.987246	0.915495	1.784530	0.250000	-0.656827	-0.038163
4.137127	0.987246	0.915495	1.784530	0.250000	-0.656827	-0.038163
4.146760	0.987246	0.915495	1.784530	0.250000	-0.656827	-0.038163
4.156861	0.987246	0.915495	1.784530	0.250000	-0.656827	-0.038163
4.167417	0.978194	0.939040	1.834098	0.250000	-0.844464	-0.052487
4.180246	0.978194	0.939040	1.834098	0.250000	-0.844464	-0.052487
4.187024	0.978194	0.939040	1.834098	0.250000	-0.844464	-0.052487
4.197637	0.978194	0.939040	1.834098	0.250000	-0.844464	-0.052487
4.207411	0.978194	0.939040	1.834098	0.250000	-0.844464	-0.052487
4.216865	0.978194	0.939040	1.834098	0.250000	-0.844464	-0.052487
4.226743	0.978194	0.939040	1.834098	0.250000	-0.844464	-0.052487
4.236674	0.978194	0.939040	1.834098	0.250000	-0.844464	-0.052487
4.247466	0.978194	0.939040	1.834098	0.250000	-0.844464	-0.052487
4.257173	0.978194	0.939040	1.834098	0.250000	-0.844464	-0.052487
4.266947	0.978194	0.939040	1.834098	0.250000	-0.844464	-0.052487
4.276852	0.974718	0.961242	1.699598	0.250000	-0.608469	-0.040624
4.286860	0.974718	0.961242	1.699598	0.250000	-0.608469	-0.040624
4.296752	0.974718	0.961242	1.699598	0.250000	-0.608469	-0.040624
4.306998	0.974718	0.961242	1.699598	0.250000	-0.608469	-0.040624
4.316840	0.974718	0.961242	1.699598	0.250000	-0.608469	-0.040624
4.328001	0.974718	0.961242	1.699598	0.250000	-0.608469	-0.040624
4.337265	0.976177	0.984580	1.657493	0.250000	-0.508786	-0.034313
4.347558	0.976177	0.984580	1.657493	0.250000	-0.508786	-0.034313
4.356830	0.976177	0.984580	1.657493	0.250000	-0.508786	-0.034313
4.366769	0.976177	0.984580	1.657493	0.250000	-0.508786	-0.034313
4.376939	0.976177	0.984580	1.657493	0.250000	-0.508786	-0.034313
4.387114	0.976177	0.984580	1.657493	0.250000	-0.508786	-0.034313
4.396899	0.976177	0.984580	1.657493	0.250000	-0.508786	-0.034313
4.406884	0.976177	0.984580	1.657493	0.250000	-0.508786	-0.034313
4.416781	0.976177	0.984580	1.657493	0.250000	-0.508786	-0.034313
4.427065	0.976177	0.984580	1.657493	0.250000	-0.508786	-0.034313
4.436800	0.976177	0.984580	1.657493	0.250000	-0.508786	-0.034313
4.447551	0.976177	0.984580	1.657493	0.250000	-0.508786	-0.034313
4.456813	0.976177	0.984580	1.657493	0.250000	-0.508786	-0.034313
4.467075	0.976177	0.984580	1.657493	0.250000	-0.508786	-0.034313
4.477042	0.976177	0.984580	1.657493	0.250000	-0.508786	-0.034313
4.486791	0.976177	0.984580	1.657493	0.250000	-0.508786	-0.034313
4.497305	0.983390	1.010342	1.518111	0.250000	-0.094946	-0.009243
4.507049	0.983390	1.010342	1.518111	0.250000	-0.094946	-0.009243
4.516815	0.983390	1.010342	1.518111	0.250000	-0.094946	-0.009243
4.527544	0.983390	1.010342	1.518111	0.250000	-0.094946	-0.009243
4.537308	0.983390	1.010342	1.518111	0.250000	-0.094946	-0.009243
4.547071	0.983390	1.010342	1.518111	0.250000	-0.094946	-0.009243
4.556830	0.985294	1.029877	1.474355	0.250000	0.030255	-0.002116
4.566756	0.985294	1.029877	1.474355	0.250000	0.030255	-0.002116
4.577646	0.985294	1.029877	1.474355	0.250000	0.030255	-0.002116
4.587090	0.985294	1.029877	1.474355	0.250000	0.030255	-0.002116
4.596942	0.985294	1.029877	1.474355	0.250000	0.030255	-0.002116
4.607594	0.985294	1.029877	1.474355	0.250000	0.030255	-0.002116
4.617434	0.985294	1.029877	1.474355	0.250000	0.030255	-0.002116
4.627113	0.988442	1.052850	1.416798	0.250000	0.204052	0.007923
4.636899	0.988442	1.052850	1.416798	0.250000	0.204052	0.007923
4.647646	0.988442	1.052850	1.416798	0.250000	0.204052	0.007923
4.656770	0.988442	1.052850	1.416798	0.250000	0.204052	0.007923
4.666829	0.988442	1.052850	1.416798	0.250000	0.204052	0.007923
4.677044	0.988442	1.052850	1.416798	0.250000	0.204052	0.007923
4.686920	0.983865	1.069058	1.384576	0.250000	0.222659	0.006969
4.696733	0.983865	1.069058	1.384576	0.250000	0.222659	0.006969
4.706814	0.983865	1.069058	1.384576	0.250000	0.222659	0.006969
4.716876	0.983865	1.069058	1.384576	0.250000	0.222659	0.006969
4.726755	0.983865	1.069058	1.384576	0.250000	0.222659	0.006969
4.737344	0.986634	1.086847	1.345519	0.250000	0.342351	0.013724
4.747010	0.986634	1.086847	1.345519	0.250000	0.342351	0.013724
4.757018	0.986634	1.086847	1.345519	0.250000	0.342351	0.013724
4.767697	0.986634	1.086847	1.345519	0.250000	0.342351	0.013724
4.777495	0.986634	1.086847	1.345519	0.250000	0.342351	0.013724
4.787225	0.986634	1.086847	1.345519	0.250000	0.342351	0.013724
4.796919	0.986634	1.086847	1.345519	0.250000	0.342351	0.013724
4.807032	0.986634	1.086847	1.345519	0.250000	0.342351	0.013724
4.816790	0.986634	1.086847	1.345519	0.250000	0.342351	0.013724
4.826855	0.986634	1.086847	1.345519	0.250000	0.342351	0.013724
4.836950	0.986634	1.086847	1.345519	0.250000	0.342351	0.013724
4.847701	0.986634	1.086847	1.345519	0.250000	0.342351	0.013724
4.856730	0.986634	1.086847	1.345519	0.250000	0.342351	0.013724
4.866835	0.986634	1.086847	1.345519	0.250000	0.342351	0.013724
4.876900	0.991197	1.105918	1.326652	0.250000	0.438949	0.019835
4.886703	0.991197	1.105918	1.326652	0.250000	0.438949	0.019835
4.897547	0.991197	1.105918	1.326652	0.250000	0.438949	0.019835
4.907028	0.991197	1.105918	1.326652	0.250000	0.438949	0.019835
4.916970	0.991197	1.105918	1.326652	0.250000	0.438949	0.019835
4.926737	0.991197	1.105918	1.326652	0.250000	0.438949	0.019835
4.936875	0.991197	1.105918	1.326652	0.250000	0.438949	0.019835
4.948603	1.000602	1.118359	1.310794	0.250000	0.577952	0.030329
4.957565	1.000602	1.118359	1.310794	0.250000	0.577952	0.030329
4.966855	1.000602	1.118359	1.310794	0.250000	0.577952	0.030329
4.976806	1.000602	1.118359	1.310794	0.250000	0.577952	0.030329
4.986833	1.000602	1.118359	1.310794	0.250000	0.577952	0.030329
4.996986	1.000602	1.118359	1.310794	0.250000	0.577952	0.030329
5.006728	1.000602	1.118359	1.310794	0.250000	0.577952	0.030329
5.017508	1.000602	1.118359	1.310794	0.250000	0.577952	0.030329
5.027230	1.004607	1.136131	1.318542	0.250000	0.617336	0.033031
5.037009	1.004607	1.136131	1.318542	0.250000	0.617336	0.033031
5.046788	1.004607	1.136131	1.318542	0.250000	0.617336	0.033031
5.057522	1.004607	1.136131	1.318542	0.250000	0.617336	0.033031
5.066752	1.004607	1.136131	1.318542	0.250000	0.617336	0.033031
5.077439	1.007844	1.153421	1.340217	0.250000	0.628579	0.033668
5.087163	1.007844	1.153421	1.340217	0.250000	0.628579	0.033668
5.096810	1.007844	1.153421	1.340217	0.250000	0.628579	0.033668
5.108463	1.007844	1.153421	1.340217	0.250000	0.628579	0.033668
5.117054	1.007844	1.153421	1.340217	0.250000	0.628579	0.033668
5.126756	1.007844	1.153421	1.340217	0.250000	0.628579	0.033668
5.137497	1.007844	1.153421	1.340217	0.250000	0.628579	0.033668
5.146754	1.013617	1.175772	1.374709	0.250000	0.654683	0.035489
5.157081	1.013617	1.175772	1.374709	0.250000	0.654683	0.035489
5.166769	1.013617	1.175772	1.374709	0.250000	0.654683	0.035489
5.177200	1.013617	1.175772	1.374709	0.250000	0.654683	0.035489
5.187377	1.013617	1.175772	1.374709	0.250000	0.654683	0.035489
5.197047	1.013617	1.175772	1.374709	0.250000	0.654683	0.035489
5.206858	1.011426	1.202380	1.425120	0.250000	0.597366	0.028726
5.217617	1.011426	1.202380	1.425120	0.250000	0.597366	0.028726
5.227329	1.011426	1.202380	1.425120	0.250000	0.597366	0.028726
5.237228	1.011426	1.202380	1.425120	0.250000	0.597366	0.028726
5.246943	1.011426	1.202380	1.425120	0.250000	0.597366	0.028726
5.256835	1.011426	1.202380	1.425120	0.250000	0.597366	0.028726
5.266825	1.011426	1.202380	1.425120	0.250000	0.597366	0.028726
5.277304	1.011426	1.202380	1.425120	0.250000	0.597366	0.028726
5.286909	1.011426	1.202380	1.425120	0.250000	0.597366	0.028726
5.297032	1.011426	1.202380	1.425120	0.250000	0.597366	0.028726
5.307380	1.011426	1.202380	1.425120	0.250000	0.597366	0.028726
5.317111	1.015207	1.224035	1.480878	0.250000	0.606157	0.028450
5.326878	1.015207	1.224035	1.480878	0.250000	0.606157	0.028450
5.337603	1.015207	1.224035	1.480878	0.250000	0.606157	0.028450
5.347363	1.015207	1.224035	1.480878	0.250000	0.606157	0.028450
5.357132	1.015207	1.224035	1.480878	0.250000	0.606157	0.028450
5.366861	1.015207	1.224035	1.480878	0.250000	0.606157	0.028450
5.376835	1.009199	1.247458	1.541718	0.250000	0.548225	0.020276
5.386827	1.009199	1.247458	1.541718	0.250000	0.548225	0.020276
5.396921	1.009199	1.247458	1.541718	0.250000	0.548225	0.020276
5.406832	1.009199	1.247458	1.541718	0.250000	0.548225	0.020276
5.416862	1.009199	1.247458	1.541718	0.250000	0.548225	0.020276
5.426752	1.009199	1.247458	1.541718	0.250000	0.548225	0.020276
5.437151	1.013704	1.255533	1.596924	0.250000	0.514612	0.019600
5.448852	1.013704	1.255533	1.596924	0.250000	0.514612	0.019600
5.456811	1.013704	1.255533	1.596924	0.250000	0.514612	0.019600
5.466793	1.013704	1.255533	1.596924	0.250000	0.514612	0.019600
5.476966	1.013704	1.255533	1.596924	0.250000	0.514612	0.019600
5.486931	1.013704	1.255533	1.596924	0.250000	0.514612	0.019600
5.496758	1.013704	1.255533	1.596924	0.250000	0.514612	0.019600
5.506737	1.013704	1.255533	1.596924	0.250000	0.514612	0.019600
5.517219	1.013704	1.255533	1.596924	0.250000	0.514612	0.019600
5.526745	1.013704	1.255533	1.596924	0.250000	0.514612	0.019600
5.536714	1.013704	1.255533	1.596924	0.250000	0.514612	0.019600
5.546748	1.013704	1.255533	1.596924	0.250000	0.514612	0.019600
5.556824	1.012488	1.267939	1.640078	0.250000	0.507726	0.017382
5.569935	1.012488	1.267939	1.640078	0.250000	0.507726	0.017382
5.576799	1.012488	1.267939	1.640078	0.250000	0.507726	0.017382
5.586772	1.012488	1.267939	1.640078	0.250000	0.507726	0.017382
5.596778	1.012488	1.267939	1.640078	0.250000	0.507726	0.017382
5.606817	1.012488	1.267939	1.640078	0.250000	0.507726	0.017382
5.616778	1.012488	1.267939	1.640078	0.250000	0.507726	0.017382
5.627481	1.018167	1.281478	1.688833	0.250000	0.549399	0.021057
5.637195	1.018167	1.281478	1.688833	0.250000	0.549399	0.021057
5.647120	1.018167	1.281478	1.688833	0.250000	0.549399	0.021057
5.656762	1.018167	1.281478	1.688833	0.250000	0.549399	0.021057
5.670232	1.018167	1.281478	1.688833	0.250000	0.549399	0.021057
5.679509	1.016565	1.301318	1.877382	0.250000	0.263994	0.004099
5.686884	1.016565	1.301318	1.877382	0.250000	0.263994	0.004099
5.696804	1.016565	1.301318	1.877382	0.250000	0.263994	0.004099
5.707520	1.016565	1.301318	1.877382	0.250000	0.263994	0.004099
5.717741	1.016565	1.301318	1.877382	0.250000	0.263994	0.004099
5.727028	1.016565	1.301318	1.877382	0.250000	0.263994	0.004099
5.736791	1.016565	1.301318	1.877382	0.250000	0.263994	0.004099
5.747541	1.012113	1.320476	2.054925	0.250000	-0.010938	-0.012821
5.757044	1.012113	1.320476	2.054925	0.250000	-0.010938	-0.012821
5.767045	1.012113	1.320476	2.054925	0.250000	-0.010938	-0.012821
5.777932	1.012113	1.320476	2.054925	0.250000	-0.010938	-0.012821
5.787564	1.012113	1.320476	2.054925	0.250000	-0.010938	-0.012821
5.797286	1.012113	1.320476	2.054925	0.250000	-0.010938	-0.012821
5.807121	1.012113	1.320476	2.054925	0.250000	-0.010938	-0.012821
5.816859	1.012113	1.320476	2.054925	0.250000	-0.010938	-0.012821
5.827578	1.012113	1.320476	2.054925	0.250000	-0.010938	-0.012821
5.837447	1.012113	1.320476	2.054925	0.250000	-0.010938	-0.012821
5.847082	1.012113	1.320476	2.054925	0.250000	-0.010938	-0.012821
5.857009	1.012113	1.320476	2.054925	0.250000	-0.010938	-0.012821
5.867552	1.004605	1.331566	2.254542	0.250000	-0.407522	-0.038848
5.877479	1.004605	1.331566	2.254542	0.250000	-0.407522	-0.038848
5.887101	1.004605	1.331566	2.254542	0.250000	-0.407522	-0.038848
5.896847	1.004605	1.331566	2.254542	0.250000	-0.407522	-0.038848
5.907343	1.004605	1.331566	2.254542	0.250000	-0.407522	-0.038848
5.917407	1.004605	1.331566	2.254542	0.250000	-0.407522	-0.038848
5.927069	0.992753	1.358150	2.162693	0.250000	0.049746	-0.015810
5.936869	0.992753	1.358150	2.162693	0.250000	0.049746	-0.015810
5.946779	0.992753	1.358150	2.162693	0.250000	0.049746	-0.015810
5.956804	0.992753	1.358150	2.162693	0.250000	0.049746	-0.015810
5.966822	0.992753	1.358150	2.162693	0.250000	0.049746	-0.015810
5.976974	0.992753	1.358150	2.162693	0.250000	0.049746	-0.015810
5.987702	0.992753	1.358150	2.162693	0.250000	0.049746	-0.015810
5.997504	0.992753	1.358150	2.162693	0.250000	0.049746	-0.015810
6.006824	0.992753	1.358150	2.162693	0.250000	0.049746	-0.015810
6.016974	0.992753	1.358150	2.162693	0.250000	0.049746	-0.015810
6.026785	0.992753	1.358150	2.162693	0.250000	0.049746	-0.015810
6.036710	0.992753	1.358150	2.162693	0.250000	0.049746	-0.015810
6.046925	0.974972	1.373718	2.078199	0.250000	0.352295	-0.003960
6.056823	0.974972	1.373718	2.078199	0.250000	0.352295	-0.003960
6.066729	0.974972	1.373718	2.078199	0.250000	0.352295	-0.003960
6.076795	0.974972	1.373718	2.078199	0.250000	0.352295	-0.003960
6.087178	0.974972	1.373718	2.078199	0.250000	0.352295	-0.003960
6.096956	0.974972	1.373718	2.078199	0.250000	0.352295	-0.003960
6.106690	0.974972	1.373718	2.078199	0.250000	0.352295	-0.003960
6.116759	0.974972	1.373718	2.078199	0.250000	0.352295	-0.003960
6.126820	0.974972	1.373718	2.078199	0.250000	0.352295	-0.003960
6.136839	0.974972	1.373718	2.078199	0.250000	0.352295	-0.003960
6.146762	0.968015	1.401942	1.925351	0.250000	0.881901	0.025738
6.156849	0.968015	1.401942	1.925351	0.250000	0.881901	0.025738
6.166803	0.968015	1.401942	1.925351	0.250000	0.881901	0.025738
6.176915	0.968015	1.401942	1.925351	0.250000	0.881901	0.025738
6.186787	0.968015	1.401942	1.925351	0.250000	0.881901	0.025738
6.196757	0.968015	1.401942	1.925351	0.250000	0.881901	0.025738
6.207228	0.968015	1.401942	1.925351	0.250000	0.881901	0.025738
6.217043	0.968015	1.401942	1.925351	0.250000	0.881901	0.025738
6.226755	0.968015	1.401942	1.925351	0.250000	0.881901	0.025738
6.237480	0.968015	1.401942	1.925351	0.250000	0.881901	0.025738
6.247245	0.968015	1.401942	1.925351	0.250000	0.881901	0.025738
6.256994	0.968015	1.401942	1.925351	0.250000	0.881901	0.025738
6.266758	0.955826	1.420040	1.918478	0.250000	0.883277	0.023923
