t	x(t)	y(t)	theta(t)	v(t)	gamma(t)	efa
0.003740	0.692372	0.154999	1.592946	0.250000	-0.743485	-0.020972
0.005770	0.692374	0.155337	1.592744	0.250000	-0.743485	-0.020972
0.016629	0.692374	0.155337	1.592744	0.250000	-0.742886	-0.020937
0.024478	0.692374	0.155337	1.592744	0.250000	-0.742886	-0.020937
0.035189	0.692374	0.155337	1.592744	0.250000	-0.742886	-0.020937
0.044991	0.692374	0.155337	1.592744	0.250000	-0.742886	-0.020937
0.054734	0.692374	0.155337	1.592744	0.250000	-0.742886	-0.020937
0.064436	0.692374	0.155337	1.592744	0.250000	-0.742886	-0.020937
0.074280	0.692374	0.155337	1.592744	0.250000	-0.742886	-0.020937
0.084232	0.692959	0.153888	1.593140	0.250000	-0.737604	-0.020434
0.094370	0.692959	0.153888	1.593140	0.250000	-0.737604	-0.020434
0.104284	0.692959	0.153888	1.593140	0.250000	-0.737604	-0.020434
0.115289	0.692959	0.153888	1.593140	0.250000	-0.737604	-0.020434
0.124290	0.692959	0.153888	1.593140	0.250000	-0.737604	-0.020434
0.137362	0.692959	0.153888	1.593140	0.250000	-0.737604	-0.020434
0.144501	0.692959	0.153888	1.593140	0.250000	-0.737604	-0.020434
0.154221	0.692959	0.153888	1.593140	0.250000	-0.737604	-0.020434
0.164282	0.692959	0.153888	1.593140	0.250000	-0.737604	-0.020434
0.174739	0.692959	0.153888	1.593140	0.250000	-0.737604	-0.020434
0.184504	0.692959	0.153888	1.593140	0.250000	-0.737604	-0.020434
0.194298	0.690967	0.155914	1.599658	0.250000	-0.775059	-0.023189
0.205235	0.690967	0.155914	1.599658	0.250000	-0.775059	-0.023189
0.214794	0.690967	0.155914	1.599658	0.250000	-0.775059	-0.023189
0.224519	0.690967	0.155914	1.599658	0.250000	-0.775059	-0.023189
0.234233	0.690967	0.155914	1.599658	0.250000	-0.775059	-0.023189
0.244997	0.690967	0.155914	1.599658	0.250000	-0.775059	-0.023189
0.254781	0.690967	0.155914	1.599658	0.250000	-0.775059	-0.023189
0.264502	0.690967	0.155914	1.599658	0.250000	-0.775059	-0.023189
0.274309	0.690967	0.155914	1.599658	0.250000	-0.775059	-0.023189
0.284309	0.690967	0.155914	1.599658	0.250000	-0.775059	-0.023189
0.294263	0.690967	0.155914	1.599658	0.250000	-0.775059	-0.023189
0.304648	0.694247	0.158735	1.582286	0.250000	-0.727744	-0.019330
0.314390	0.694247	0.158735	1.582286	0.250000	-0.727744	-0.019330
0.324348	0.694247	0.158735	1.582286	0.250000	-0.727744	-0.019330
0.334954	0.694247	0.158735	1.582286	0.250000	-0.727744	-0.019330
0.344358	0.694247	0.158735	1.582286	0.250000	-0.727744	-0.019330
0.354398	0.694247	0.158735	1.582286	0.250000	-0.727744	-0.019330
0.365085	0.694247	0.158735	1.582286	0.250000	-0.727744	-0.019330
0.374862	0.694608	0.169605	1.559580	0.250000	-0.763076	-0.021181
0.384587	0.694608	0.169605	1.559580	0.250000	-0.763076	-0.021181
0.394361	0.694608	0.169605	1.559580	0.250000	-0.763076	-0.021181
0.404228	0.694608	0.169605	1.559580	0.250000	-0.763076	-0.021181
0.414815	0.694608	0.169605	1.559580	0.250000	-0.763076	-0.021181
0.424692	0.694608	0.169605	1.559580	0.250000	-0.763076	-0.021181
0.434325	0.694608	0.169605	1.559580	0.250000	-0.763076	-0.021181
0.445121	0.694881	0.184081	1.522500	0.250000	-0.796610	-0.023761
0.454901	0.694881	0.184081	1.522500	0.250000	-0.796610	-0.023761
0.464599	0.694881	0.184081	1.522500	0.250000	-0.796610	-0.023761
0.474480	0.694881	0.184081	1.522500	0.250000	-0.796610	-0.023761
0.484313	0.694881	0.184081	1.522500	0.250000	-0.796610	-0.023761
0.494850	0.694881	0.184081	1.522500	0.250000	-0.796610	-0.023761
0.505678	0.694881	0.184081	1.522500	0.250000	-0.796610	-0.023761
0.514322	0.694881	0.184081	1.522500	0.250000	-0.796610	-0.023761
0.524281	0.694881	0.184081	1.522500	0.250000	-0.796610	-0.023761
0.534858	0.694881	0.184081	1.522500	0.250000	-0.796610	-0.023761
0.544650	0.694881	0.184081	1.522500	0.250000	-0.796610	-0.023761
0.555642	0.696175	0.199950	1.478294	0.250000	-0.830388	-0.027120
0.565202	0.696175	0.199950	1.478294	0.250000	-0.830388	-0.027120
0.574945	0.696175	0.199950	1.478294	0.250000	-0.830388	-0.027120
0.584679	0.696175	0.199950	1.478294	0.250000	-0.830388	-0.027120
0.594297	0.696175	0.199950	1.478294	0.250000	-0.830388	-0.027120
0.604270	0.696175	0.199950	1.478294	0.250000	-0.830388	-0.027120
0.614933	0.696175	0.199950	1.478294	0.250000	-0.830388	-0.027120
0.624666	0.695026	0.219237	1.437192	0.250000	-0.873177	-0.032667
0.634466	0.695026	0.219237	1.437192	0.250000	-0.873177	-0.032667
0.644904	0.695026	0.219237	1.437192	0.250000	-0.873177	-0.032667
0.655029	0.695026	0.219237	1.437192	0.250000	-0.873177	-0.032667
0.664840	0.695026	0.219237	1.437192	0.250000	-0.873177	-0.032667
0.674519	0.700908	0.233965	1.386137	0.250000	-0.835924	-0.031850
0.685267	0.700908	0.233965	1.386137	0.250000	-0.835924	-0.031850
0.694353	0.700908	0.233965	1.386137	0.250000	-0.835924	-0.031850
0.704692	0.700908	0.233965	1.386137	0.250000	-0.835924	-0.031850
0.714493	0.700908	0.233965	1.386137	0.250000	-0.835924	-0.031850
0.724242	0.700908	0.233965	1.386137	0.250000	-0.835924	-0.031850
0.734432	0.700908	0.233965	1.386137	0.250000	-0.835924	-0.031850
0.744737	0.700908	0.233965	1.386137	0.250000	-0.835924	-0.031850
0.754491	0.700908	0.233965	1.386137	0.250000	-0.835924	-0.031850
0.764211	0.700908	0.233965	1.386137	0.250000	-0.835924	-0.031850
0.774998	0.700908	0.233965	1.386137	0.250000	-0.835924	-0.031850
0.784420	0.704236	0.251860	1.346067	0.250000	-0.851135	-0.035793
0.794448	0.704236	0.251860	1.346067	0.250000	-0.851135	-0.035793
0.804373	0.704236	0.251860	1.346067	0.250000	-0.851135	-0.035793
0.814330	0.704236	0.251860	1.346067	0.250000	-0.851135	-0.035793
0.824278	0.704236	0.251860	1.346067	0.250000	-0.851135	-0.035793
0.834314	0.704236	0.251860	1.346067	0.250000	-0.851135	-0.035793
0.844412	0.704236	0.251860	1.346067	0.250000	-0.851135	-0.035793
0.854285	0.708753	0.269607	1.302252	0.250000	-0.841028	-0.038378
0.864831	0.708753	0.269607	1.302252	0.250000	-0.841028	-0.038378
0.874688	0.708753	0.269607	1.302252	0.250000	-0.841028	-0.038378
0.884289	0.708753	0.269607	1.302252	0.250000	-0.841028	-0.038378
0.894261	0.708753	0.269607	1.302252	0.250000	-0.841028	-0.038378
0.904276	0.708753	0.269607	1.302252	0.250000	-0.841028	-0.038378
0.914659	0.713112	0.287055	1.251801	0.250000	-0.810642	-0.040300
0.924346	0.713112	0.287055	1.251801	0.250000	-0.810642	-0.040300
0.934328	0.713112	0.287055	1.251801	0.250000	-0.810642	-0.040300
0.944364	0.713112	0.287055	1.251801	0.250000	-0.810642	-0.040300
0.954362	0.713112	0.287055	1.251801	0.250000	-0.810642	-0.040300
0.964344	0.713112	0.287055	1.251801	0.250000	-0.810642	-0.040300
0.975051	0.718567	0.302987	1.209860	0.250000	-0.765884	-0.040397
0.985187	0.718567	0.302987	1.209860	0.250000	-0.765884	-0.040397
0.994577	0.718567	0.302987	1.209860	0.250000	-0.765884	-0.040397
1.004396	0.718567	0.302987	1.209860	0.250000	-0.765884	-0.040397
1.014397	0.718567	0.302987	1.209860	0.250000	-0.765884	-0.040397
1.024375	0.718567	0.302987	1.209860	0.250000	-0.765884	-0.040397
1.034330	0.718567	0.302987	1.209860	0.250000	-0.765884	-0.040397
1.044461	0.718567	0.302987	1.209860	0.250000	-0.765884	-0.040397
1.054256	0.718567	0.302987	1.209860	0.250000	-0.765884	-0.040397
1.064273	0.718567	0.302987	1.209860	0.250000	-0.765884	-0.040397
1.074688	0.718567	0.302987	1.209860	0.250000	-0.765884	-0.040397
1.084343	0.728082	0.314816	1.159510	0.250000	-0.651847	-0.035078
1.094550	0.728082	0.314816	1.159510	0.250000	-0.651847	-0.035078
1.105174	0.728082	0.314816	1.159510	0.250000	-0.651847	-0.035078
1.114681	0.728082	0.314816	1.159510	0.250000	-0.651847	-0.035078
1.124401	0.728082	0.314816	1.159510	0.250000	-0.651847	-0.035078
1.135136	0.728082	0.314816	1.159510	0.250000	-0.651847	-0.035078
1.144886	0.728082	0.314816	1.159510	0.250000	-0.651847	-0.035078
1.154644	0.737655	0.332483	1.115871	0.250000	-0.565803	-0.033104
1.164431	0.737655	0.332483	1.115871	0.250000	-0.565803	-0.033104
1.174291	0.737655	0.332483	1.115871	0.250000	-0.565803	-0.033104
1.184857	0.737655	0.332483	1.115871	0.250000	-0.565803	-0.033104
1.194674	0.737655	0.332483	1.115871	0.250000	-0.565803	-0.033104
1.204397	0.737655	0.332483	1.115871	0.250000	-0.565803	-0.033104
1.214244	0.744369	0.345984	1.070082	0.250000	-0.462283	-0.029586
1.224371	0.744369	0.345984	1.070082	0.250000	-0.462283	-0.029586
1.234323	0.744369	0.345984	1.070082	0.250000	-0.462283	-0.029586
1.244474	0.744369	0.345984	1.070082	0.250000	-0.462283	-0.029586
1.254282	0.744369	0.345984	1.070082	0.250000	-0.462283	-0.029586
1.264940	0.744369	0.345984	1.070082	0.250000	-0.462283	-0.029586
1.274900	0.744369	0.345984	1.070082	0.250000	-0.462283	-0.029586
1.285414	0.744369	0.345984	1.070082	0.250000	-0.462283	-0.029586
1.294263	0.744369	0.345984	1.070082	0.250000	-0.462283	-0.029586
1.304312	0.744369	0.345984	1.070082	0.250000	-0.462283	-0.029586
1.314327	0.744369	0.345984	1.070082	0.250000	-0.462283	-0.029586
1.324320	0.744369	0.345984	1.070082	0.250000	-0.462283	-0.029586
1.334263	0.744369	0.345984	1.070082	0.250000	-0.462283	-0.029586
1.344345	0.753484	0.362109	1.016037	0.250000	-0.322207	-0.024232
1.354256	0.753484	0.362109	1.016037	0.250000	-0.322207	-0.024232
1.364483	0.753484	0.362109	1.016037	0.250000	-0.322207	-0.024232
1.374365	0.753484	0.362109	1.016037	0.250000	-0.322207	-0.024232
1.384980	0.753484	0.362109	1.016037	0.250000	-0.322207	-0.024232
1.394831	0.753484	0.362109	1.016037	0.250000	-0.322207	-0.024232
1.404539	0.761224	0.373237	0.973229	0.250000	-0.208123	-0.018121
1.414364	0.761224	0.373237	0.973229	0.250000	-0.208123	-0.018121
1.424314	0.761224	0.373237	0.973229	0.250000	-0.208123	-0.018121
1.434333	0.761224	0.373237	0.973229	0.250000	-0.208123	-0.018121
1.444360	0.761224	0.373237	0.973229	0.250000	-0.208123	-0.018121
1.454302	0.761224	0.373237	0.973229	0.250000	-0.208123	-0.018121
1.465029	0.761224	0.373237	0.973229	0.250000	-0.208123	-0.018121
1.474919	0.761224	0.373237	0.973229	0.250000	-0.208123	-0.018121
1.484655	0.761224	0.373237	0.973229	0.250000	-0.208123	-0.018121
1.494298	0.761224	0.373237	0.973229	0.250000	-0.208123	-0.018121
1.505200	0.761224	0.373237	0.973229	0.250000	-0.208123	-0.018121
1.514766	0.761224	0.373237	0.973229	0.250000	-0.208123	-0.018121
1.524538	0.774790	0.391795	0.915944	0.250000	-0.070864	-0.009618
1.534333	0.774790	0.391795	0.915944	0.250000	-0.070864	-0.009618
1.544771	0.774790	0.391795	0.915944	0.250000	-0.070864	-0.009618
1.554901	0.774790	0.391795	0.915944	0.250000	-0.070864	-0.009618
1.564600	0.774790	0.391795	0.915944	0.250000	-0.070864	-0.009618
1.574440	0.774790	0.391795	0.915944	0.250000	-0.070864	-0.009618
1.584270	0.774790	0.391795	0.915944	0.250000	-0.070864	-0.009618
1.595022	0.774790	0.391795	0.915944	0.250000	-0.070864	-0.009618
1.604652	0.774790	0.391795	0.915944	0.250000	-0.070864	-0.009618
1.614350	0.774790	0.391795	0.915944	0.250000	-0.070864	-0.009618
1.624294	0.774790	0.391795	0.915944	0.250000	-0.070864	-0.009618
1.634967	0.788103	0.408552	0.865238	0.250000	0.049609	-0.001643
1.644649	0.788103	0.408552	0.865238	0.250000	0.049609	-0.001643
1.654261	0.788103	0.408552	0.865238	0.250000	0.049609	-0.001643
1.664294	0.788103	0.408552	0.865238	0.250000	0.049609	-0.001643
1.674383	0.788103	0.408552	0.865238	0.250000	0.049609	-0.001643
1.684578	0.788103	0.408552	0.865238	0.250000	0.049609	-0.001643
1.694380	0.788103	0.408552	0.865238	0.250000	0.049609	-0.001643
1.704255	0.788103	0.408552	0.865238	0.250000	0.049609	-0.001643
1.714258	0.788103	0.408552	0.865238	0.250000	0.049609	-0.001643
1.724318	0.788103	0.408552	0.865238	0.250000	0.049609	-0.001643
1.734439	0.788103	0.408552	0.865238	0.250000	0.049609	-0.001643
1.744318	0.788103	0.408552	0.865238	0.250000	0.049609	-0.001643
1.754521	0.808798	0.430269	0.791846	0.250000	0.268024	0.011932
1.764696	0.808798	0.430269	0.791846	0.250000	0.268024	0.011932
1.774332	0.808798	0.430269	0.791846	0.250000	0.268024	0.011932
1.784225	0.808798	0.430269	0.791846	0.250000	0.268024	0.011932
1.795014	0.808798	0.430269	0.791846	0.250000	0.268024	0.011932
1.804365	0.808798	0.430269	0.791846	0.250000	0.268024	0.011932
1.814360	0.808798	0.430269	0.791846	0.250000	0.268024	0.011932
1.824280	0.808798	0.430269	0.791846	0.250000	0.268024	0.011932
1.834406	0.826456	0.447602	0.739920	0.250000	0.437507	0.022226
1.844761	0.826456	0.447602	0.739920	0.250000	0.437507	0.022226
1.854492	0.826456	0.447602	0.739920	0.250000	0.437507	0.022226
1.864210	0.826456	0.447602	0.739920	0.250000	0.437507	0.022226
1.874972	0.826456	0.447602	0.739920	0.250000	0.437507	0.022226
1.884791	0.826456	0.447602	0.739920	0.250000	0.437507	0.022226
1.894491	0.826456	0.447602	0.739920	0.250000	0.437507	0.022226
1.904234	0.826456	0.447602	0.739920	0.250000	0.437507	0.022226
1.914378	0.826456	0.447602	0.739920	0.250000	0.437507	0.022226
1.924327	0.826456	0.447602	0.739920	0.250000	0.437507	0.022226
1.935067	0.826456	0.447602	0.739920	0.250000	0.437507	0.022226
1.944246	0.842795	0.469454	0.691489	0.250000	0.554119	0.027606
1.955164	0.842795	0.469454	0.691489	0.250000	0.554119	0.027606
1.964777	0.842795	0.469454	0.691489	0.250000	0.554119	0.027606
1.975001	0.842795	0.469454	0.691489	0.250000	0.554119	0.027606
1.984288	0.842795	0.469454	0.691489	0.250000	0.554119	0.027606
1.994962	0.858296	0.484316	0.685105	0.250000	0.617000	0.031494
2.005128	0.858296	0.484316	0.685105	0.250000	0.617000	0.031494
2.014530	0.858296	0.484316	0.685105	0.250000	0.617000	0.031494
2.024322	0.858296	0.484316	0.685105	0.250000	0.617000	0.031494
2.034395	0.858296	0.484316	0.685105	0.250000	0.617000	0.031494
2.044804	0.858296	0.484316	0.685105	0.250000	0.617000	0.031494
2.054536	0.858296	0.484316	0.685105	0.250000	0.617000	0.031494
2.064245	0.871658	0.494869	0.689536	0.250000	0.684180	0.036286
2.075105	0.871658	0.494869	0.689536	0.250000	0.684180	0.036286
2.084764	0.871658	0.494869	0.689536	0.250000	0.684180	0.036286
2.094581	0.871658	0.494869	0.689536	0.250000	0.684180	0.036286
2.104373	0.871658	0.494869	0.689536	0.250000	0.684180	0.036286
2.115158	0.871658	0.494869	0.689536	0.250000	0.684180	0.036286
2.124373	0.885774	0.500486	0.742429	0.250000	0.659982	0.037450
2.134344	0.885774	0.500486	0.742429	0.250000	0.659982	0.037450
2.144312	0.885774	0.500486	0.742429	0.250000	0.659982	0.037450
2.155072	0.885774	0.500486	0.742429	0.250000	0.659982	0.037450
2.164843	0.885774	0.500486	0.742429	0.250000	0.659982	0.037450
2.174568	0.885774	0.500486	0.742429	0.250000	0.659982	0.037450
2.184307	0.892378	0.505321	0.786298	0.250000	0.600280	0.034602
2.194311	0.892378	0.505321	0.786298	0.250000	0.600280	0.034602
2.205073	0.892378	0.505321	0.786298	0.250000	0.600280	0.034602
2.214728	0.892378	0.505321	0.786298	0.250000	0.600280	0.034602
2.224390	0.892378	0.505321	0.786298	0.250000	0.600280	0.034602
2.235088	0.892378	0.505321	0.786298	0.250000	0.600280	0.034602
2.244855	0.902576	0.515118	0.842693	0.250000	0.535245	0.030890
2.254612	0.902576	0.515118	0.842693	0.250000	0.535245	0.030890
2.264352	0.902576	0.515118	0.842693	0.250000	0.535245	0.030890
2.275125	0.902576	0.515118	0.842693	0.250000	0.535245	0.030890
2.284155	0.902576	0.515118	0.842693	0.250000	0.535245	0.030890
2.295419	0.902576	0.515118	0.842693	0.250000	0.535245	0.030890
2.305402	0.902576	0.515118	0.842693	0.250000	0.535245	0.030890
2.314359	0.914950	0.530076	0.889266	0.250000	0.501610	0.027835
2.324942	0.914950	0.530076	0.889266	0.250000	0.501610	0.027835
2.334672	0.914950	0.530076	0.889266	0.250000	0.501610	0.027835
2.344426	0.914950	0.530076	0.889266	0.250000	0.501610	0.027835
2.355133	0.925357	0.544768	0.948737	0.250000	0.439516	0.022559
2.364872	0.925357	0.544768	0.948737	0.250000	0.439516	0.022559
2.374704	0.925357	0.544768	0.948737	0.250000	0.439516	0.022559
2.385446	0.925357	0.544768	0.948737	0.250000	0.439516	0.022559
2.395171	0.925357	0.544768	0.948737	0.250000	0.439516	0.022559
2.405174	0.925357	0.544768	0.948737	0.250000	0.439516	0.022559
2.414826	0.925357	0.544768	0.948737	0.250000	0.439516	0.022559
2.424471	0.925357	0.544768	0.948737	0.250000	0.439516	0.022559
2.435198	0.925357	0.544768	0.948737	0.250000	0.439516	0.022559
2.444377	0.925357	0.544768	0.948737	0.250000	0.439516	0.022559
2.454336	0.925357	0.544768	0.948737	0.250000	0.439516	0.022559
2.464423	0.925357	0.544768	0.948737	0.250000	0.439516	0.022559
2.474164	0.936343	0.562452	1.001166	0.250000	0.424570	0.018742
2.485236	0.936343	0.562452	1.001166	0.250000	0.424570	0.018742
2.494675	0.936343	0.562452	1.001166	0.250000	0.424570	0.018742
2.504403	0.936343	0.562452	1.001166	0.250000	0.424570	0.018742
2.514485	0.936343	0.562452	1.001166	0.250000	0.424570	0.018742
2.524335	0.936343	0.562452	1.001166	0.250000	0.424570	0.018742
2.534425	0.936343	0.562452	1.001166	0.250000	0.424570	0.018742
2.545317	0.936343	0.562452	1.001166	0.250000	0.424570	0.018742
2.554338	0.936343	0.562452	1.001166	0.250000	0.424570	0.018742
2.564231	0.936343	0.562452	1.001166	0.250000	0.424570	0.018742
2.574749	0.936343	0.562452	1.001166	0.250000	0.424570	0.018742
2.584284	0.944137	0.578554	1.060960	0.250000	0.376108	0.012830
2.594571	0.944137	0.578554	1.060960	0.250000	0.376108	0.012830
2.604342	0.944137	0.578554	1.060960	0.250000	0.376108	0.012830
2.614459	0.944137	0.578554	1.060960	0.250000	0.376108	0.012830
2.624351	0.944137	0.578554	1.060960	0.250000	0.376108	0.012830
2.634243	0.944137	0.578554	1.060960	0.250000	0.376108	0.012830
2.645129	0.944137	0.578554	1.060960	0.250000	0.376108	0.012830
2.654785	0.954250	0.599383	1.120181	0.250000	0.409167	0.010291
2.664506	0.954250	0.599383	1.120181	0.250000	0.409167	0.010291
2.674959	0.954250	0.599383	1.120181	0.250000	0.409167	0.010291
2.684283	0.954250	0.599383	1.120181	0.250000	0.409167	0.010291
2.694388	0.954250	0.599383	1.120181	0.250000	0.409167	0.010291
2.704505	0.964462	0.620515	1.179870	0.250000	0.449552	0.010216
2.715149	0.964462	0.620515	1.179870	0.250000	0.449552	0.010216
2.726076	0.964462	0.620515	1.179870	0.250000	0.449552	0.010216
2.734808	0.964462	0.620515	1.179870	0.250000	0.449552	0.010216
2.744577	0.964462	0.620515	1.179870	0.250000	0.449552	0.010216
2.754320	0.964462	0.620515	1.179870	0.250000	0.449552	0.010216
2.764229	0.964462	0.620515	1.179870	0.250000	0.449552	0.010216
2.774330	0.964462	0.620515	1.179870	0.250000	0.449552	0.010216
2.784402	0.964462	0.620515	1.179870	0.250000	0.449552	0.010216
2.794343	0.964462	0.620515	1.179870	0.250000	0.449552	0.010216
2.804279	0.964462	0.620515	1.179870	0.250000	0.449552	0.010216
2.814973	0.964462	0.620515	1.179870	0.250000	0.449552	0.010216
2.824570	0.970679	0.636211	1.230334	0.250000	0.442871	0.009213
2.834491	0.970679	0.636211	1.230334	0.250000	0.442871	0.009213
2.844350	0.970679	0.636211	1.230334	0.250000	0.442871	0.009213
2.854293	0.970679	0.636211	1.230334	0.250000	0.442871	0.009213
2.864606	0.970679	0.636211	1.230334	0.250000	0.442871	0.009213
2.875052	0.970679	0.636211	1.230334	0.250000	0.442871	0.009213
2.884268	0.970679	0.636211	1.230334	0.250000	0.442871	0.009213
2.894958	0.975992	0.652935	1.273887	0.250000	0.436761	0.008858
2.904382	0.975992	0.652935	1.273887	0.250000	0.436761	0.008858
2.914524	0.975992	0.652935	1.273887	0.250000	0.436761	0.008858
2.925262	0.975992	0.652935	1.273887	0.250000	0.436761	0.008858
2.934854	0.975992	0.652935	1.273887	0.250000	0.436761	0.008858
2.944479	0.975992	0.652935	1.273887	0.250000	0.436761	0.008858
2.954324	0.970412	0.667545	1.320285	0.250000	0.298146	-0.001189
2.965159	0.970412	0.667545	1.320285	0.250000	0.298146	-0.001189
2.975054	0.970412	0.667545	1.320285	0.250000	0.298146	-0.001189
2.984648	0.970412	0.667545	1.320285	0.250000	0.298146	-0.001189
2.994464	0.970412	0.667545	1.320285	0.250000	0.298146	-0.001189
3.005204	0.972502	0.681352	1.358676	0.250000	0.246069	-0.003398
3.014916	0.972502	0.681352	1.358676	0.250000	0.246069	-0.003398
3.024644	0.972502	0.681352	1.358676	0.250000	0.246069	-0.003398
3.034451	0.972502	0.681352	1.358676	0.250000	0.246069	-0.003398
3.045205	0.972502	0.681352	1.358676	0.250000	0.246069	-0.003398
3.054982	0.972502	0.681352	1.358676	0.250000	0.246069	-0.003398
3.064607	0.974493	0.694274	1.397662	0.250000	0.187106	-0.005451
3.074456	0.974493	0.694274	1.397662	0.250000	0.187106	-0.005451
3.084264	0.974493	0.694274	1.397662	0.250000	0.187106	-0.005451
3.094989	0.974493	0.694274	1.397662	0.250000	0.187106	-0.005451
3.104546	0.974493	0.694274	1.397662	0.250000	0.187106	-0.005451
3.114440	0.974493	0.694274	1.397662	0.250000	0.187106	-0.005451
3.124289	0.974493	0.694274	1.397662	0.250000	0.187106	-0.005451
3.134849	0.985900	0.712122	1.431336	0.250000	0.244833	0.002628
3.144744	0.985900	0.712122	1.431336	0.250000	0.244833	0.002628
3.154396	0.985900	0.712122	1.431336	0.250000	0.244833	0.002628
3.164514	0.985900	0.712122	1.431336	0.250000	0.244833	0.002628
3.175209	0.985900	0.712122	1.431336	0.250000	0.244833	0.002628
3.184791	0.985900	0.712122	1.431336	0.250000	0.244833	0.002628
3.194516	0.985900	0.712122	1.431336	0.250000	0.244833	0.002628
3.204245	0.988183	0.726144	1.464262	0.250000	0.189282	0.001487
3.214310	0.988183	0.726144	1.464262	0.250000	0.189282	0.001487
3.224355	0.988183	0.726144	1.464262	0.250000	0.189282	0.001487
3.234413	0.988183	0.726144	1.464262	0.250000	0.189282	0.001487
3.244266	0.988183	0.726144	1.464262	0.250000	0.189282	0.001487
3.255153	0.988183	0.726144	1.464262	0.250000	0.189282	0.001487
3.264343	0.988183	0.726144	1.464262	0.250000	0.189282	0.001487
3.274341	0.990363	0.744614	1.505980	0.250000	0.108015	-0.000930
3.284371	0.990363	0.744614	1.505980	0.250000	0.108015	-0.000930
3.294309	0.990363	0.744614	1.505980	0.250000	0.108015	-0.000930
3.304657	0.990363	0.744614	1.505980	0.250000	0.108015	-0.000930
3.314426	0.990363	0.744614	1.505980	0.250000	0.108015	-0.000930
3.324304	0.990363	0.744614	1.505980	0.250000	0.108015	-0.000930
3.334327	0.990363	0.744614	1.505980	0.250000	0.108015	-0.000930
3.344483	0.990363	0.744614	1.505980	0.250000	0.108015	-0.000930
3.354314	0.990363	0.744614	1.505980	0.250000	0.108015	-0.000930
3.364256	0.989526	0.756961	1.530216	0.250000	0.036497	-0.004212
3.375672	0.989526	0.756961	1.530216	0.250000	0.036497	-0.004212
3.384291	0.989526	0.756961	1.530216	0.250000	0.036497	-0.004212
3.394367	0.989526	0.756961	1.530216	0.250000	0.036497	-0.004212
3.404314	0.989526	0.756961	1.530216	0.250000	0.036497	-0.004212
3.414540	0.989526	0.756961	1.530216	0.250000	0.036497	-0.004212
3.424808	0.989526	0.756961	1.530216	0.250000	0.036497	-0.004212
3.434674	0.989526	0.756961	1.530216	0.250000	0.036497	-0.004212
3.444364	0.990273	0.776031	1.554648	0.250000	-0.019552	-0.006074
3.455118	0.990273	0.776031	1.554648	0.250000	-0.019552	-0.006074
3.464856	0.990273	0.776031	1.554648	0.250000	-0.019552	-0.006074
3.474558	0.990273	0.776031	1.554648	0.250000	-0.019552	-0.006074
3.484653	0.990273	0.776031	1.554648	0.250000	-0.019552	-0.006074
3.494599	0.990273	0.776031	1.554648	0.250000	-0.019552	-0.006074
3.504895	0.990273	0.776031	1.554648	0.250000	-0.019552	-0.006074
3.514500	0.990273	0.776031	1.554648	0.250000	-0.019552	-0.006074
3.524461	0.990273	0.776031	1.554648	0.250000	-0.019552	-0.006074
3.534666	0.990273	0.776031	1.554648	0.250000	-0.019552	-0.006074
3.544899	0.990273	0.776031	1.554648	0.250000	-0.019552	-0.006074
3.554380	0.990273	0.776031	1.554648	0.250000	-0.019552	-0.006074
3.564361	0.990273	0.776031	1.554648	0.250000	-0.019552	-0.006074
3.574465	0.990273	0.776031	1.554648	0.250000	-0.019552	-0.006074
3.584312	0.990273	0.776031	1.554648	0.250000	-0.019552	-0.006074
3.594604	0.990273	0.776031	1.554648	0.250000	-0.019552	-0.006074
3.604418	0.989524	0.800574	1.575939	0.250000	-0.086514	-0.009033
3.614404	0.989524	0.800574	1.575939	0.250000	-0.086514	-0.009033
3.624311	0.989524	0.800574	1.575939	0.250000	-0.086514	-0.009033
3.634716	0.989524	0.800574	1.575939	0.250000	-0.086514	-0.009033
3.644442	0.989524	0.800574	1.575939	0.250000	-0.086514	-0.009033
3.655190	0.989524	0.800574	1.575939	0.250000	-0.086514	-0.009033
3.664334	0.989524	0.800574	1.575939	0.250000	-0.086514	-0.009033
3.674690	0.989524	0.800574	1.575939	0.250000	-0.086514	-0.009033
3.684399	0.987482	0.828087	1.606645	0.250000	-0.194695	-0.014670
3.694312	0.987482	0.828087	1.606645	0.250000	-0.194695	-0.014670
3.705112	0.987482	0.828087	1.606645	0.250000	-0.194695	-0.014670
3.714418	0.987482	0.828087	1.606645	0.250000	-0.194695	-0.014670
3.724436	0.987482	0.828087	1.606645	0.250000	-0.194695	-0.014670
3.734334	0.987482	0.828087	1.606645	0.250000	-0.194695	-0.014670
3.744237	0.987482	0.828087	1.606645	0.250000	-0.194695	-0.014670
3.754711	0.985038	0.855183	1.697071	0.250000	-0.455587	-0.028966
3.764487	0.985038	0.855183	1.697071	0.250000	-0.455587	-0.028966
3.775328	0.985038	0.855183	1.697071	0.250000	-0.455587	-0.028966
3.784979	0.985038	0.855183	1.697071	0.250000	-0.455587	-0.028966
3.794741	0.985038	0.855183	1.697071	0.250000	-0.455587	-0.028966
3.804342	0.985038	0.855183	1.697071	0.250000	-0.455587	-0.028966
3.814322	0.985038	0.855183	1.697071	0.250000	-0.455587	-0.028966
3.824978	0.985038	0.855183	1.697071	0.250000	-0.455587	-0.028966
3.834820	0.985038	0.855183	1.697071	0.250000	-0.455587	-0.028966
3.844599	0.985038	0.855183	1.697071	0.250000	-0.455587	-0.028966
3.854271	0.985038	0.855183	1.697071	0.250000	-0.455587	-0.028966
3.864260	0.985038	0.855183	1.697071	0.250000	-0.455587	-0.028966
3.874799	0.982321	0.880005	1.702090	0.250000	-0.501763	-0.032099
3.884521	0.982321	0.880005	1.702090	0.250000	-0.501763	-0.032099
3.894305	0.982321	0.880005	1.702090	0.250000	-0.501763	-0.032099
3.904960	0.982321	0.880005	1.702090	0.250000	-0.501763	-0.032099
3.914804	0.982321	0.880005	1.702090	0.250000	-0.501763	-0.032099
3.924542	0.982321	0.880005	1.702090	0.250000	-0.501763	-0.032099
3.934606	0.982321	0.880005	1.702090	0.250000	-0.501763	-0.032099
3.947132	0.982321	0.880005	1.702090	0.250000	-0.501763	-0.032099
3.954422	0.982321	0.880005	1.702090	0.250000	-0.501763	-0.032099
3.964585	0.982321	0.880005	1.702090	0.250000	-0.501763	-0.032099
3.974301	0.982321	0.880005	1.702090	0.250000	-0.501763	-0.032099
3.984284	0.982321	0.880005	1.702090	0.250000	-0.501763	-0.032099
3.994231	0.981296	0.907854	1.690776	0.250000	-0.501934	-0.032269
4.004530	0.981296	0.907854	1.690776	0.250000	-0.501934	-0.032269
4.014450	0.981296	0.907854	1.690776	0.250000	-0.501934	-0.032269
4.024302	0.981296	0.907854	1.690776	0.250000	-0.501934	-0.032269
4.034276	0.981296	0.907854	1.690776	0.250000	-0.501934	-0.032269
4.044602	0.980414	0.932052	1.591795	0.250000	-0.276270	-0.020056
4.054340	0.980414	0.932052	1.591795	0.250000	-0.276270	-0.020056
4.064299	0.980414	0.932052	1.591795	0.250000	-0.276270	-0.020056
4.074856	0.980414	0.932052	1.591795	0.250000	-0.276270	-0.020056
4.084591	0.980414	0.932052	1.591795	0.250000	-0.276270	-0.020056
4.094508	0.980414	0.932052	1.591795	0.250000	-0.276270	-0.020056
4.105249	0.980414	0.932052	1.591795	0.250000	-0.276270	-0.020056
4.114374	0.980414	0.932052	1.591795	0.250000	-0.276270	-0.020056
4.124349	0.980040	0.949550	1.554491	0.250000	-0.193032	-0.015695
4.134438	0.980040	0.949550	1.554491	0.250000	-0.193032	-0.015695
4.144353	0.980040	0.949550	1.554491	0.250000	-0.193032	-0.015695
4.154881	0.980040	0.949550	1.554491	0.250000	-0.193032	-0.015695
4.164684	0.980040	0.949550	1.554491	0.250000	-0.193032	-0.015695
4.174374	0.980040	0.949550	1.554491	0.250000	-0.193032	-0.015695
4.184841	0.980365	0.962438	1.591288	0.250000	-0.291838	-0.020776
4.194290	0.980365	0.962438	1.591288	0.250000	-0.291838	-0.020776
4.204967	0.980365	0.962438	1.591288	0.250000	-0.291838	-0.020776
4.214368	0.980365	0.962438	1.591288	0.250000	-0.291838	-0.020776
4.224356	0.980365	0.962438	1.591288	0.250000	-0.291838	-0.020776
4.234308	0.980365	0.962438	1.591288	0.250000	-0.291838	-0.020776
4.244630	0.980365	0.962438	1.591288	0.250000	-0.291838	-0.020776
4.254426	0.980365	0.962438	1.591288	0.250000	-0.291838	-0.020776
4.264265	0.980365	0.962438	1.591288	0.250000	-0.291838	-0.020776
4.274435	0.983724	0.983040	1.558771	0.250000	-0.180455	-0.013533
4.284682	0.983724	0.983040	1.558771	0.250000	-0.180455	-0.013533
4.294461	0.983724	0.983040	1.558771	0.250000	-0.180455	-0.013533
4.305317	0.983724	0.983040	1.558771	0.250000	-0.180455	-0.013533
4.314399	0.983724	0.983040	1.558771	0.250000	-0.180455	-0.013533
4.324728	0.983724	0.983040	1.558771	0.250000	-0.180455	-0.013533
4.334452	0.985589	1.000561	1.524785	0.250000	-0.080376	-0.007585
4.344362	0.985589	1.000561	1.524785	0.250000	-0.080376	-0.007585
4.354311	0.985589	1.000561	1.524785	0.250000	-0.080376	-0.007585
4.364358	0.985589	1.000561	1.524785	0.250000	-0.080376	-0.007585
4.374464	0.985589	1.000561	1.524785	0.250000	-0.080376	-0.007585
4.385212	0.985589	1.000561	1.524785	0.250000	-0.080376	-0.007585
4.394284	0.985589	1.000561	1.524785	0.250000	-0.080376	-0.007585
4.404471	0.985589	1.000561	1.524785	0.250000	-0.080376	-0.007585
4.414471	0.985665	1.012631	1.427890	0.250000	0.166423	0.005063
4.424264	0.985665	1.012631	1.427890	0.250000	0.166423	0.005063
4.434475	0.985665	1.012631	1.427890	0.250000	0.166423	0.005063
4.444362	0.985665	1.012631	1.427890	0.250000	0.166423	0.005063
4.454592	0.985665	1.012631	1.427890	0.250000	0.166423	0.005063
4.464319	0.985665	1.012631	1.427890	0.250000	0.166423	0.005063
4.474375	0.985665	1.012631	1.427890	0.250000	0.166423	0.005063
4.484242	0.978279	1.032532	1.404431	0.250000	0.126791	0.000103
4.494288	0.978279	1.032532	1.404431	0.250000	0.126791	0.000103
4.504321	0.978279	1.032532	1.404431	0.250000	0.126791	0.000103
4.515043	0.978279	1.032532	1.404431	0.250000	0.126791	0.000103
4.524758	0.978279	1.032532	1.404431	0.250000	0.126791	0.000103
4.534418	0.978279	1.032532	1.404431	0.250000	0.126791	0.000103
4.544302	0.981892	1.052004	1.378364	0.250000	0.224184	0.006334
4.554420	0.981892	1.052004	1.378364	0.250000	0.224184	0.006334
4.564801	0.981892	1.052004	1.378364	0.250000	0.224184	0.006334
4.574631	0.981892	1.052004	1.378364	0.250000	0.224184	0.006334
4.584313	0.981892	1.052004	1.378364	0.250000	0.224184	0.006334
4.594495	0.981892	1.052004	1.378364	0.250000	0.224184	0.006334
4.604542	0.981892	1.052004	1.378364	0.250000	0.224184	0.006334
4.614318	0.987878	1.077078	1.361291	0.250000	0.324585	0.013636
4.624349	0.987878	1.077078	1.361291	0.250000	0.324585	0.013636
4.635084	0.987878	1.077078	1.361291	0.250000	0.324585	0.013636
4.644826	0.987878	1.077078	1.361291	0.250000	0.324585	0.013636
4.654609	0.987878	1.077078	1.361291	0.250000	0.324585	0.013636
4.664339	0.987878	1.077078	1.361291	0.250000	0.324585	0.013636
4.674300	0.997570	1.082328	1.347877	0.250000	0.461057	0.024407
4.684886	0.997570	1.082328	1.347877	0.250000	0.461057	0.024407
4.694734	0.997570	1.082328	1.347877	0.250000	0.461057	0.024407
4.705486	0.997570	1.082328	1.347877	0.250000	0.461057	0.024407
4.714313	0.997570	1.082328	1.347877	0.250000	0.461057	0.024407
4.724312	0.997570	1.082328	1.347877	0.250000	0.461057	0.024407
4.734647	0.997570	1.082328	1.347877	0.250000	0.461057	0.024407
4.744481	0.991675	1.103718	1.353312	0.250000	0.382796	0.017255
4.754878	0.991675	1.103718	1.353312	0.250000	0.382796	0.017255
4.765021	0.991675	1.103718	1.353312	0.250000	0.382796	0.017255
4.774332	0.991675	1.103718	1.353312	0.250000	0.382796	0.017255
4.784367	0.991675	1.103718	1.353312	0.250000	0.382796	0.017255
4.799649	0.991675	1.103718	1.353312	0.250000	0.382796	0.017255
4.804533	0.991675	1.103718	1.353312	0.250000	0.382796	0.017255
4.814501	0.991675	1.103718	1.353312	0.250000	0.382796	0.017255
4.824371	0.995541	1.117491	1.354520	0.250000	0.431159	0.020641
4.834341	0.995541	1.117491	1.354520	0.250000	0.431159	0.020641
4.844815	0.995541	1.117491	1.354520	0.250000	0.431159	0.020641
4.854357	0.995541	1.117491	1.354520	0.250000	0.431159	0.020641
4.864542	0.995541	1.117491	1.354520	0.250000	0.431159	0.020641
4.875190	0.995541	1.117491	1.354520	0.250000	0.431159	0.020641
4.884881	0.995541	1.117491	1.354520	0.250000	0.431159	0.020641
4.894629	1.001959	1.141417	1.366328	0.250000	0.489397	0.024651
4.905446	1.001959	1.141417	1.366328	0.250000	0.489397	0.024651
4.915187	1.001959	1.141417	1.366328	0.250000	0.489397	0.024651
4.924306	1.001959	1.141417	1.366328	0.250000	0.489397	0.024651
4.935357	1.001959	1.141417	1.366328	0.250000	0.489397	0.024651
4.945571	1.001959	1.141417	1.366328	0.250000	0.489397	0.024651
4.954252	1.001959	1.141417	1.366328	0.250000	0.489397	0.024651
4.964705	1.001959	1.141417	1.366328	0.250000	0.489397	0.024651
4.974834	1.013292	1.150489	1.386320	0.250000	0.568125	0.032850
4.984521	1.013292	1.150489	1.386320	0.250000	0.568125	0.032850
4.994340	1.013292	1.150489	1.386320	0.250000	0.568125	0.032850
5.004586	1.013292	1.150489	1.386320	0.250000	0.568125	0.032850
5.014252	1.013292	1.150489	1.386320	0.250000	0.568125	0.032850
5.024423	1.013292	1.150489	1.386320	0.250000	0.568125	0.032850
5.034254	1.013292	1.150489	1.386320	0.250000	0.568125	0.032850
5.044358	1.013947	1.163514	1.429675	0.250000	0.503167	0.028402
5.054306	1.013947	1.163514	1.429675	0.250000	0.503167	0.028402
5.064491	1.013947	1.163514	1.429675	0.250000	0.503167	0.028402
5.074359	1.013947	1.163514	1.429675	0.250000	0.503167	0.028402
5.084971	1.013947	1.163514	1.429675	0.250000	0.503167	0.028402
5.094347	1.013947	1.163514	1.429675	0.250000	0.503167	0.028402
5.104638	1.013947	1.163514	1.429675	0.250000	0.503167	0.028402
5.114404	1.013947	1.163514	1.429675	0.250000	0.503167	0.028402
5.124777	1.015657	1.185078	1.485931	0.250000	0.445328	0.023884
5.134466	1.015657	1.185078	1.485931	0.250000	0.445328	0.023884
5.144516	1.015657	1.185078	1.485931	0.250000	0.445328	0.023884
5.154297	1.015657	1.185078	1.485931	0.250000	0.445328	0.023884
5.164355	1.015657	1.185078	1.485931	0.250000	0.445328	0.023884
5.175020	1.017739	1.202473	1.529882	0.250000	0.429079	0.021990
5.184695	1.017739	1.202473	1.529882	0.250000	0.429079	0.021990
5.194346	1.017739	1.202473	1.529882	0.250000	0.429079	0.021990
5.204484	1.017739	1.202473	1.529882	0.250000	0.429079	0.021990
5.214590	1.017739	1.202473	1.529882	0.250000	0.429079	0.021990
5.224552	1.017739	1.202473	1.529882	0.250000	0.429079	0.021990
5.234391	1.017739	1.202473	1.529882	0.250000	0.429079	0.021990
5.244283	1.017739	1.202473	1.529882	0.250000	0.429079	0.021990
5.254315	1.017739	1.202473	1.529882	0.250000	0.429079	0.021990
5.264596	1.021078	1.228777	1.678052	0.250000	0.219936	0.009613
5.274329	1.021078	1.228777	1.678052	0.250000	0.219936	0.009613
5.285056	1.021078	1.228777	1.678052	0.250000	0.219936	0.009613
5.294827	1.021078	1.228777	1.678052	0.250000	0.219936	0.009613
5.304832	1.021078	1.228777	1.678052	0.250000	0.219936	0.009613
5.314407	1.021078	1.228777	1.678052	0.250000	0.219936	0.009613
5.324193	1.021078	1.228777	1.678052	0.250000	0.219936	0.009613
5.334970	1.018918	1.237383	1.849020	0.250000	-0.189055	-0.013718
5.345743	1.018918	1.237383	1.849020	0.250000	-0.189055	-0.013718
5.354414	1.018918	1.237383	1.849020	0.250000	-0.189055	-0.013718
5.365137	1.018918	1.237383	1.849020	0.250000	-0.189055	-0.013718
5.374798	1.018918	1.237383	1.849020	0.250000	-0.189055	-0.013718
5.384632	1.018918	1.237383	1.849020	0.250000	-0.189055	-0.013718
5.394493	1.018918	1.237383	1.849020	0.250000	-0.189055	-0.013718
5.405240	1.018918	1.237383	1.849020	0.250000	-0.189055	-0.013718
5.414575	1.018918	1.237383	1.849020	0.250000	-0.189055	-0.013718
5.424677	1.018918	1.237383	1.849020	0.250000	-0.189055	-0.013718
5.434386	1.018918	1.237383	1.849020	0.250000	-0.189055	-0.013718
5.444289	1.018561	1.263935	1.917078	0.250000	-0.156609	-0.015310
5.454979	1.018561	1.263935	1.917078	0.250000	-0.156609	-0.015310
5.464738	1.018561	1.263935	1.917078	0.250000	-0.156609	-0.015310
5.474514	1.018561	1.263935	1.917078	0.250000	-0.156609	-0.015310
5.484468	1.018561	1.263935	1.917078	0.250000	-0.156609	-0.015310
5.495087	1.018561	1.263935	1.917078	0.250000	-0.156609	-0.015310
5.504998	1.018561	1.263935	1.917078	0.250000	-0.156609	-0.015310
5.514555	1.018561	1.263935	1.917078	0.250000	-0.156609	-0.015310
5.525298	1.018561	1.263935	1.917078	0.250000	-0.156609	-0.015310
5.534308	1.002764	1.280412	1.857037	0.250000	0.010617	-0.014582
5.544277	1.002764	1.280412	1.857037	0.250000	0.010617	-0.014582
5.554359	1.002764	1.280412	1.857037	0.250000	0.010617	-0.014582
5.564248	1.002764	1.280412	1.857037	0.250000	0.010617	-0.014582
5.575042	1.002764	1.280412	1.857037	0.250000	0.010617	-0.014582
5.584667	1.000154	1.301953	1.764864	0.250000	0.398375	0.004481
5.594385	1.000154	1.301953	1.764864	0.250000	0.398375	0.004481
5.604289	1.000154	1.301953	1.764864	0.250000	0.398375	0.004481
5.614284	1.000154	1.301953	1.764864	0.250000	0.398375	0.004481
5.624301	1.000154	1.301953	1.764864	0.250000	0.398375	0.004481
5.634356	1.000154	1.301953	1.764864	0.250000	0.398375	0.004481
5.644303	1.000154	1.301953	1.764864	0.250000	0.398375	0.004481
5.654377	1.000154	1.301953	1.764864	0.250000	0.398375	0.004481
5.664448	1.000154	1.301953	1.764864	0.250000	0.398375	0.004481
5.674402	1.000154	1.301953	1.764864	0.250000	0.398375	0.004481
5.684323	1.000154	1.301953	1.764864	0.250000	0.398375	0.004481
5.694266	1.000154	1.301953	1.764864	0.250000	0.398375	0.004481
5.704236	0.995948	1.317277	1.763190	0.250000	0.524797	0.009102
5.714351	0.995948	1.317277	1.763190	0.250000	0.524797	0.009102
5.724259	0.995948	1.317277	1.763190	0.250000	0.524797	0.009102
5.734248	0.995948	1.317277	1.763190	0.250000	0.524797	0.009102
5.744294	0.995948	1.317277	1.763190	0.250000	0.524797	0.009102
5.754727	0.995948	1.317277	1.763190	0.250000	0.524797	0.009102
5.764294	0.995948	1.317277	1.763190	0.250000	0.524797	0.009102
5.774315	0.995948	1.317277	1.763190	0.250000	0.524797	0.009102
5.784754	0.995948	1.317277	1.763190	0.250000	0.524797	0.009102
5.794559	0.995948	1.317277	1.763190	0.250000	0.524797	0.009102
5.804407	0.995948	1.317277	1.763190	0.250000	0.524797	0.009102
5.815258	0.995948	1.317277	1.763190	0.250000	0.524797	0.009102
5.824412	0.995948	1.317277	1.763190	0.250000	0.524797	0.009102
5.834642	1.000316	1.336913	1.748661	0.250000	0.761976	0.023888
5.844417	1.000316	1.336913	1.748661	0.250000	0.761976	0.023888
5.854295	1.000316	1.336913	1.748661	0.250000	0.761976	0.023888
5.864862	1.000316	1.336913	1.748661	0.250000	0.761976	0.023888
5.874384	1.000316	1.336913	1.748661	0.250000	0.761976	0.023888
5.884316	1.000316	1.336913	1.748661	0.250000	0.761976	0.023888
5.895108	1.000316	1.336913	1.748661	0.250000	0.761976	0.023888
5.904893	0.983440	1.370641	1.884653	0.250000	0.733724	0.018499
5.914610	0.983440	1.370641	1.884653	0.250000	0.733724	0.018499
5.924349	0.983440	1.370641	1.884653	0.250000	0.733724	0.018499
5.935107	0.983440	1.370641	1.884653	0.250000	0.733724	0.018499
5.944256	0.983440	1.370641	1.884653	0.250000	0.733724	0.018499
5.954457	0.983440	1.370641	1.884653	0.250000	0.733724	0.018499
5.964353	0.979863	1.393186	1.906930	0.250000	0.886778	0.028629
5.977788	0.979863	1.393186	1.906930	0.250000	0.886778	0.028629
5.984872	0.979863	1.393186	1.906930	0.250000	0.886778	0.028629
5.994630	0.979863	1.393186	1.906930	0.250000	0.886778	0.028629
6.004431	0.979863	1.393186	1.906930	0.250000	0.886778	0.028629
6.014279	0.979863	1.393186	1.906930	0.250000	0.886778	0.028629
6.024308	0.977182	1.409112	1.947248	0.250000	0.950930	0.034302
6.034703	0.977182	1.409112	1.947248	0.250000	0.950930	0.034302
6.044416	0.977182	1.409112	1.947248	0.250000	0.950930	0.034302
6.054296	0.977182	1.409112	1.947248	0.250000	0.950930	0.034302
6.065071	0.977182	1.409112	1.947248	0.250000	0.950930	0.034302
6.074696	0.977182	1.409112	1.947248	0.250000	0.950930	0.034302
6.084421	0.977182	1.409112	1.947248	0.250000	0.950930	0.034302
6.094243	0.986734	1.418977	1.847508	0.250000	1.217427	0.051927
6.104638	0.986734	1.418977	1.847508	0.250000	1.217427	0.051927
6.114743	0.986734	1.418977	1.847508	0.250000	1.217427	0.051927
6.124438	0.986734	1.418977	1.847508	0.250000	1.217427	0.051927
6.134376	0.986734	1.418977	1.847508	0.250000	1.217427	0.051927
6.146037	0.986734	1.418977	1.847508	0.250000	1.217427	0.051927
6.154804	0.986734	1.418977	1.847508	0.250000	1.217427	0.051927
6.164571	0.986734	1.418977	1.847508	0.250000	1.217427	0.051927
6.174347	0.986734	1.418977	1.847508	0.250000	1.217427	0.051927
6.184280	0.986734	1.418977	1.847508	0.250000	1.217427	0.051927
6.195574	0.986734	1.418977	1.847508	0.250000	1.217427	0.051927
6.204485	0.979083	1.435711	2.058675	0.250000	0.886146	0.037477
