t	x(t)	y(t)	theta(t)	v(t)	gamma(t)	efa
0.000401	0.701674	0.168866	1.606104	0.250000	-0.794610	-0.019856
0.004312	0.701674	0.168866	1.606104	0.250000	-0.794610	-0.019856
0.013661	0.701674	0.168866	1.606104	0.250000	-0.794610	-0.019856
0.021269	0.701674	0.168866	1.606104	0.250000	-0.794610	-0.019856
0.030928	0.701674	0.168866	1.606104	0.250000	-0.794610	-0.019856
0.041061	0.701674	0.168866	1.606104	0.250000	-0.794610	-0.019856
0.051791	0.701674	0.168866	1.606104	0.250000	-0.794610	-0.019856
0.061607	0.701674	0.168866	1.606104	0.250000	-0.794610	-0.019856
0.071495	0.701674	0.168866	1.606104	0.250000	-0.794610	-0.019856
0.081036	0.701674	0.168866	1.606104	0.250000	-0.794610	-0.019856
0.090942	0.701674	0.168866	1.606104	0.250000	-0.794610	-0.019856
0.100945	0.701674	0.168866	1.606104	0.250000	-0.794610	-0.019856
0.114299	0.701674	0.168866	1.606104	0.250000	-0.794610	-0.019856
0.121119	0.701674	0.168866	1.606104	0.250000	-0.794610	-0.019856
0.130908	0.701674	0.168866	1.606104	0.250000	-0.794610	-0.019856
0.141626	0.701674	0.168866	1.606104	0.250000	-0.794610	-0.019856
0.151391	0.701674	0.168866	1.606104	0.250000	-0.794610	-0.019856
0.161206	0.701674	0.168866	1.606104	0.250000	-0.794610	-0.019856
0.171008	0.701674	0.168866	1.606104	0.250000	-0.794610	-0.019856
0.180918	0.701674	0.168866	1.606104	0.250000	-0.794610	-0.019856
0.191530	0.701674	0.168866	1.606104	0.250000	-0.794610	-0.019856
0.201272	0.701674	0.168866	1.606104	0.250000	-0.794610	-0.019856
0.210966	0.701674	0.168866	1.606104	0.250000	-0.794610	-0.019856
0.220973	0.701674	0.168866	1.606104	0.250000	-0.794610	-0.019856
0.231358	0.701674	0.168866	1.606104	0.250000	-0.794610	-0.019856
0.240898	0.701674	0.168866	1.606104	0.250000	-0.794610	-0.019856
0.251066	0.701674	0.168866	1.606104	0.250000	-0.794610	-0.019856
0.261707	0.701674	0.168866	1.606104	0.250000	-0.794610	-0.019856
0.271527	0.702980	0.171578	1.608196	0.250000	-0.816224	-0.020588
0.281163	0.702980	0.171578	1.608196	0.250000	-0.816224	-0.020588
0.290925	0.702980	0.171578	1.608196	0.250000	-0.816224	-0.020588
0.301686	0.702980	0.171578	1.608196	0.250000	-0.816224	-0.020588
0.311454	0.702980	0.171578	1.608196	0.250000	-0.816224	-0.020588
0.321191	0.702980	0.171578	1.608196	0.250000	-0.816224	-0.020588
0.330931	0.703656	0.178310	1.602328	0.250000	-0.856408	-0.022829
0.341757	0.703656	0.178310	1.602328	0.250000	-0.856408	-0.022829
0.351464	0.703656	0.178310	1.602328	0.250000	-0.856408	-0.022829
0.361202	0.703656	0.178310	1.602328	0.250000	-0.856408	-0.022829
0.371199	0.703656	0.178310	1.602328	0.250000	-0.856408	-0.022829
0.380882	0.703724	0.190050	1.572714	0.250000	-0.877383	-0.024910
0.391503	0.703724	0.190050	1.572714	0.250000	-0.877383	-0.024910
0.401241	0.703724	0.190050	1.572714	0.250000	-0.877383	-0.024910
0.411024	0.703724	0.190050	1.572714	0.250000	-0.877383	-0.024910
0.420922	0.703724	0.190050	1.572714	0.250000	-0.877383	-0.024910
0.431402	0.703724	0.190050	1.572714	0.250000	-0.877383	-0.024910
0.440954	0.703724	0.190050	1.572714	0.250000	-0.877383	-0.024910
0.450967	0.703724	0.190050	1.572714	0.250000	-0.877383	-0.024910
0.460935	0.703724	0.190050	1.572714	0.250000	-0.877383	-0.024910
0.470992	0.703724	0.190050	1.572714	0.250000	-0.877383	-0.024910
0.481256	0.703724	0.190050	1.572714	0.250000	-0.877383	-0.024910
0.490994	0.703116	0.206051	1.526948	0.250000	-0.899325	-0.028362
0.501750	0.703116	0.206051	1.526948	0.250000	-0.899325	-0.028362
0.511591	0.703116	0.206051	1.526948	0.250000	-0.899325	-0.028362
0.521279	0.703116	0.206051	1.526948	0.250000	-0.899325	-0.028362
0.531064	0.703116	0.206051	1.526948	0.250000	-0.899325	-0.028362
0.540993	0.703116	0.206051	1.526948	0.250000	-0.899325	-0.028362
0.550956	0.703116	0.206051	1.526948	0.250000	-0.899325	-0.028362
0.561291	0.703116	0.206051	1.526948	0.250000	-0.899325	-0.028362
0.571110	0.703116	0.206051	1.526948	0.250000	-0.899325	-0.028362
0.580992	0.703116	0.206051	1.526948	0.250000	-0.899325	-0.028362
0.591535	0.703116	0.206051	1.526948	0.250000	-0.899325	-0.028362
0.600840	0.704564	0.228712	1.452381	0.250000	-0.892594	-0.031687
0.611118	0.704564	0.228712	1.452381	0.250000	-0.892594	-0.031687
0.620872	0.704564	0.228712	1.452381	0.250000	-0.892594	-0.031687
0.630905	0.704564	0.228712	1.452381	0.250000	-0.892594	-0.031687
0.641361	0.704564	0.228712	1.452381	0.250000	-0.892594	-0.031687
0.651204	0.704564	0.228712	1.452381	0.250000	-0.892594	-0.031687
0.661869	0.704564	0.228712	1.452381	0.250000	-0.892594	-0.031687
0.671043	0.704564	0.228712	1.452381	0.250000	-0.892594	-0.031687
0.681360	0.704564	0.228712	1.452381	0.250000	-0.892594	-0.031687
0.691095	0.704564	0.228712	1.452381	0.250000	-0.892594	-0.031687
0.702519	0.704564	0.228712	1.452381	0.250000	-0.892594	-0.031687
0.711073	0.708609	0.252222	1.394454	0.250000	-0.915192	-0.037351
0.721393	0.708609	0.252222	1.394454	0.250000	-0.915192	-0.037351
0.731056	0.708609	0.252222	1.394454	0.250000	-0.915192	-0.037351
0.740860	0.708609	0.252222	1.394454	0.250000	-0.915192	-0.037351
0.751626	0.708609	0.252222	1.394454	0.250000	-0.915192	-0.037351
0.761316	0.714163	0.276390	1.331111	0.250000	-0.901454	-0.041483
0.771428	0.714163	0.276390	1.331111	0.250000	-0.901454	-0.041483
0.780846	0.714163	0.276390	1.331111	0.250000	-0.901454	-0.041483
0.791696	0.714163	0.276390	1.331111	0.250000	-0.901454	-0.041483
0.801381	0.714163	0.276390	1.331111	0.250000	-0.901454	-0.041483
0.810959	0.714163	0.276390	1.331111	0.250000	-0.901454	-0.041483
0.820938	0.714163	0.276390	1.331111	0.250000	-0.901454	-0.041483
0.831030	0.714163	0.276390	1.331111	0.250000	-0.901454	-0.041483
0.840954	0.714163	0.276390	1.331111	0.250000	-0.901454	-0.041483
0.850972	0.714163	0.276390	1.331111	0.250000	-0.901454	-0.041483
0.860878	0.714163	0.276390	1.331111	0.250000	-0.901454	-0.041483
0.871114	0.714163	0.276390	1.331111	0.250000	-0.901454	-0.041483
0.881414	0.714163	0.276390	1.331111	0.250000	-0.901454	-0.041483
0.891263	0.720187	0.296105	1.282659	0.250000	-0.864105	-0.042793
0.900919	0.720187	0.296105	1.282659	0.250000	-0.864105	-0.042793
0.911690	0.720187	0.296105	1.282659	0.250000	-0.864105	-0.042793
0.921443	0.720187	0.296105	1.282659	0.250000	-0.864105	-0.042793
0.931043	0.720187	0.296105	1.282659	0.250000	-0.864105	-0.042793
0.940994	0.720187	0.296105	1.282659	0.250000	-0.864105	-0.042793
0.951005	0.726098	0.314927	1.236572	0.250000	-0.833116	-0.045518
0.960977	0.726098	0.314927	1.236572	0.250000	-0.833116	-0.045518
0.971014	0.726098	0.314927	1.236572	0.250000	-0.833116	-0.045518
0.980955	0.726098	0.314927	1.236572	0.250000	-0.833116	-0.045518
0.990918	0.726098	0.314927	1.236572	0.250000	-0.833116	-0.045518
1.001587	0.726098	0.314927	1.236572	0.250000	-0.833116	-0.045518
1.011288	0.731503	0.330362	1.195157	0.250000	-0.783268	-0.046370
1.021110	0.731503	0.330362	1.195157	0.250000	-0.783268	-0.046370
1.031727	0.731503	0.330362	1.195157	0.250000	-0.783268	-0.046370
1.041482	0.731503	0.330362	1.195157	0.250000	-0.783268	-0.046370
1.051251	0.731503	0.330362	1.195157	0.250000	-0.783268	-0.046370
1.060977	0.731503	0.330362	1.195157	0.250000	-0.783268	-0.046370
1.071151	0.737223	0.344543	1.152444	0.250000	-0.707954	-0.044820
1.081486	0.737223	0.344543	1.152444	0.250000	-0.707954	-0.044820
1.091263	0.737223	0.344543	1.152444	0.250000	-0.707954	-0.044820
1.100982	0.737223	0.344543	1.152444	0.250000	-0.707954	-0.044820
1.111131	0.737223	0.344543	1.152444	0.250000	-0.707954	-0.044820
1.121551	0.737223	0.344543	1.152444	0.250000	-0.707954	-0.044820
1.131281	0.737223	0.344543	1.152444	0.250000	-0.707954	-0.044820
1.141005	0.737223	0.344543	1.152444	0.250000	-0.707954	-0.044820
1.151792	0.737223	0.344543	1.152444	0.250000	-0.707954	-0.044820
1.161538	0.737223	0.344543	1.152444	0.250000	-0.707954	-0.044820
1.171492	0.737223	0.344543	1.152444	0.250000	-0.707954	-0.044820
1.180969	0.744729	0.360709	1.103819	0.250000	-0.604311	-0.042452
1.191564	0.744729	0.360709	1.103819	0.250000	-0.604311	-0.042452
1.200984	0.744729	0.360709	1.103819	0.250000	-0.604311	-0.042452
1.210942	0.744729	0.360709	1.103819	0.250000	-0.604311	-0.042452
1.221011	0.744729	0.360709	1.103819	0.250000	-0.604311	-0.042452
1.230887	0.744729	0.360709	1.103819	0.250000	-0.604311	-0.042452
1.240887	0.752515	0.374471	1.046170	0.250000	-0.473525	-0.035892
1.250989	0.752515	0.374471	1.046170	0.250000	-0.473525	-0.035892
1.261088	0.752515	0.374471	1.046170	0.250000	-0.473525	-0.035892
1.271285	0.752515	0.374471	1.046170	0.250000	-0.473525	-0.035892
1.280934	0.752515	0.374471	1.046170	0.250000	-0.473525	-0.035892
1.291315	0.752515	0.374471	1.046170	0.250000	-0.473525	-0.035892
1.301068	0.761097	0.387944	0.997604	0.250000	-0.371556	-0.029831
1.310867	0.761097	0.387944	0.997604	0.250000	-0.371556	-0.029831
1.320943	0.761097	0.387944	0.997604	0.250000	-0.371556	-0.029831
1.332765	0.761097	0.387944	0.997604	0.250000	-0.371556	-0.029831
1.341139	0.761097	0.387944	0.997604	0.250000	-0.371556	-0.029831
1.350941	0.761097	0.387944	0.997604	0.250000	-0.371556	-0.029831
1.360946	0.761097	0.387944	0.997604	0.250000	-0.371556	-0.029831
1.371580	0.761097	0.387944	0.997604	0.250000	-0.371556	-0.029831
1.381157	0.761097	0.387944	0.997604	0.250000	-0.371556	-0.029831
1.390942	0.761097	0.387944	0.997604	0.250000	-0.371556	-0.029831
1.400910	0.761097	0.387944	0.997604	0.250000	-0.371556	-0.029831
1.412584	0.771402	0.401295	0.942344	0.250000	-0.243817	-0.021429
1.421157	0.771402	0.401295	0.942344	0.250000	-0.243817	-0.021429
1.430988	0.771402	0.401295	0.942344	0.250000	-0.243817	-0.021429
1.440954	0.771402	0.401295	0.942344	0.250000	-0.243817	-0.021429
1.451080	0.771402	0.401295	0.942344	0.250000	-0.243817	-0.021429
1.461005	0.771402	0.401295	0.942344	0.250000	-0.243817	-0.021429
1.471154	0.771402	0.401295	0.942344	0.250000	-0.243817	-0.021429
1.480920	0.771402	0.401295	0.942344	0.250000	-0.243817	-0.021429
1.493397	0.771402	0.401295	0.942344	0.250000	-0.243817	-0.021429
1.501137	0.771402	0.401295	0.942344	0.250000	-0.243817	-0.021429
1.510956	0.771402	0.401295	0.942344	0.250000	-0.243817	-0.021429
1.521680	0.771402	0.401295	0.942344	0.250000	-0.243817	-0.021429
1.531375	0.785530	0.419056	0.884930	0.250000	-0.106768	-0.012630
1.540969	0.785530	0.419056	0.884930	0.250000	-0.106768	-0.012630
1.550964	0.785530	0.419056	0.884930	0.250000	-0.106768	-0.012630
1.560908	0.785530	0.419056	0.884930	0.250000	-0.106768	-0.012630
1.571395	0.785530	0.419056	0.884930	0.250000	-0.106768	-0.012630
1.582268	0.785530	0.419056	0.884930	0.250000	-0.106768	-0.012630
1.591014	0.785530	0.419056	0.884930	0.250000	-0.106768	-0.012630
1.600963	0.785530	0.419056	0.884930	0.250000	-0.106768	-0.012630
1.611455	0.785530	0.419056	0.884930	0.250000	-0.106768	-0.012630
1.621243	0.785530	0.419056	0.884930	0.250000	-0.106768	-0.012630
1.630951	0.785530	0.419056	0.884930	0.250000	-0.106768	-0.012630
1.641729	0.803161	0.438396	0.804359	0.250000	0.119511	0.000518
1.651514	0.803161	0.438396	0.804359	0.250000	0.119511	0.000518
1.661240	0.803161	0.438396	0.804359	0.250000	0.119511	0.000518
1.671203	0.803161	0.438396	0.804359	0.250000	0.119511	0.000518
1.680964	0.803161	0.438396	0.804359	0.250000	0.119511	0.000518
1.691566	0.803161	0.438396	0.804359	0.250000	0.119511	0.000518
1.701636	0.819659	0.454853	0.738646	0.250000	0.326550	0.012460
1.711011	0.819659	0.454853	0.738646	0.250000	0.326550	0.012460
1.720943	0.819659	0.454853	0.738646	0.250000	0.326550	0.012460
1.730864	0.819659	0.454853	0.738646	0.250000	0.326550	0.012460
1.741304	0.819659	0.454853	0.738646	0.250000	0.326550	0.012460
1.751043	0.819659	0.454853	0.738646	0.250000	0.326550	0.012460
1.760936	0.819659	0.454853	0.738646	0.250000	0.326550	0.012460
1.771108	0.819659	0.454853	0.738646	0.250000	0.326550	0.012460
1.781058	0.819659	0.454853	0.738646	0.250000	0.326550	0.012460
1.790959	0.819659	0.454853	0.738646	0.250000	0.326550	0.012460
1.800919	0.819659	0.454853	0.738646	0.250000	0.326550	0.012460
1.812711	0.819659	0.454853	0.738646	0.250000	0.326550	0.012460
1.820987	0.819659	0.454853	0.738646	0.250000	0.326550	0.012460
1.831041	0.838447	0.471797	0.682807	0.250000	0.525180	0.024168
1.840908	0.838447	0.471797	0.682807	0.250000	0.525180	0.024168
1.850918	0.838447	0.471797	0.682807	0.250000	0.525180	0.024168
1.860904	0.838447	0.471797	0.682807	0.250000	0.525180	0.024168
1.871411	0.838447	0.471797	0.682807	0.250000	0.525180	0.024168
1.883018	0.854950	0.486071	0.664579	0.250000	0.628578	0.030645
1.891007	0.854950	0.486071	0.664579	0.250000	0.628578	0.030645
1.901348	0.854950	0.486071	0.664579	0.250000	0.628578	0.030645
1.911092	0.854950	0.486071	0.664579	0.250000	0.628578	0.030645
1.920851	0.854950	0.486071	0.664579	0.250000	0.628578	0.030645
1.930830	0.854950	0.486071	0.664579	0.250000	0.628578	0.030645
1.941349	0.871837	0.499264	0.658783	0.250000	0.720675	0.036857
1.951162	0.871837	0.499264	0.658783	0.250000	0.720675	0.036857
1.960898	0.871837	0.499264	0.658783	0.250000	0.720675	0.036857
1.971222	0.871837	0.499264	0.658783	0.250000	0.720675	0.036857
1.981037	0.871837	0.499264	0.658783	0.250000	0.720675	0.036857
1.990988	0.871837	0.499264	0.658783	0.250000	0.720675	0.036857
2.000948	0.871837	0.499264	0.658783	0.250000	0.720675	0.036857
2.010922	0.871837	0.499264	0.658783	0.250000	0.720675	0.036857
2.021083	0.871837	0.499264	0.658783	0.250000	0.720675	0.036857
2.031219	0.871837	0.499264	0.658783	0.250000	0.720675	0.036857
2.041909	0.871837	0.499264	0.658783	0.250000	0.720675	0.036857
2.051040	0.871837	0.499264	0.658783	0.250000	0.720675	0.036857
2.061404	0.884424	0.509167	0.691693	0.250000	0.716589	0.037405
2.071355	0.884424	0.509167	0.691693	0.250000	0.716589	0.037405
2.080929	0.884424	0.509167	0.691693	0.250000	0.716589	0.037405
2.091697	0.884424	0.509167	0.691693	0.250000	0.716589	0.037405
2.101427	0.884424	0.509167	0.691693	0.250000	0.716589	0.037405
2.111271	0.884424	0.509167	0.691693	0.250000	0.716589	0.037405
2.120944	0.884424	0.509167	0.691693	0.250000	0.716589	0.037405
2.131649	0.884424	0.509167	0.691693	0.250000	0.716589	0.037405
2.140946	0.884424	0.509167	0.691693	0.250000	0.716589	0.037405
2.151076	0.884424	0.509167	0.691693	0.250000	0.716589	0.037405
2.161092	0.884424	0.509167	0.691693	0.250000	0.716589	0.037405
2.171072	0.884424	0.509167	0.691693	0.250000	0.716589	0.037405
2.181571	0.884424	0.509167	0.691693	0.250000	0.716589	0.037405
2.191199	0.884424	0.509167	0.691693	0.250000	0.716589	0.037405
2.200987	0.902613	0.526550	0.761527	0.250000	0.677458	0.035127
2.210940	0.902613	0.526550	0.761527	0.250000	0.677458	0.035127
2.220947	0.902613	0.526550	0.761527	0.250000	0.677458	0.035127
2.230961	0.902613	0.526550	0.761527	0.250000	0.677458	0.035127
2.240995	0.902613	0.526550	0.761527	0.250000	0.677458	0.035127
2.250994	0.902613	0.526550	0.761527	0.250000	0.677458	0.035127
2.261436	0.902613	0.526550	0.761527	0.250000	0.677458	0.035127
2.271432	0.918493	0.543502	0.843256	0.250000	0.604513	0.030161
2.280958	0.918493	0.543502	0.843256	0.250000	0.604513	0.030161
2.291725	0.918493	0.543502	0.843256	0.250000	0.604513	0.030161
2.301425	0.918493	0.543502	0.843256	0.250000	0.604513	0.030161
2.311349	0.918493	0.543502	0.843256	0.250000	0.604513	0.030161
2.320995	0.918493	0.543502	0.843256	0.250000	0.604513	0.030161
2.331761	0.918493	0.543502	0.843256	0.250000	0.604513	0.030161
2.341520	0.918493	0.543502	0.843256	0.250000	0.604513	0.030161
2.351267	0.918493	0.543502	0.843256	0.250000	0.604513	0.030161
2.361026	0.918493	0.543502	0.843256	0.250000	0.604513	0.030161
2.371264	0.918493	0.543502	0.843256	0.250000	0.604513	0.030161
2.381572	0.918493	0.543502	0.843256	0.250000	0.604513	0.030161
2.391371	0.933626	0.562557	0.926486	0.250000	0.560222	0.025482
2.401030	0.933626	0.562557	0.926486	0.250000	0.560222	0.025482
2.410960	0.933626	0.562557	0.926486	0.250000	0.560222	0.025482
2.420928	0.933626	0.562557	0.926486	0.250000	0.560222	0.025482
2.430933	0.933626	0.562557	0.926486	0.250000	0.560222	0.025482
2.441010	0.933626	0.562557	0.926486	0.250000	0.560222	0.025482
2.450961	0.933626	0.562557	0.926486	0.250000	0.560222	0.025482
2.460888	0.942435	0.576152	0.982146	0.250000	0.546076	0.022241
2.471330	0.942435	0.576152	0.982146	0.250000	0.546076	0.022241
2.481195	0.942435	0.576152	0.982146	0.250000	0.546076	0.022241
2.490990	0.942435	0.576152	0.982146	0.250000	0.546076	0.022241
2.500975	0.942435	0.576152	0.982146	0.250000	0.546076	0.022241
2.511473	0.942435	0.576152	0.982146	0.250000	0.546076	0.022241
2.521060	0.942435	0.576152	0.982146	0.250000	0.546076	0.022241
2.531789	0.942435	0.576152	0.982146	0.250000	0.546076	0.022241
2.540967	0.942435	0.576152	0.982146	0.250000	0.546076	0.022241
2.550981	0.942435	0.576152	0.982146	0.250000	0.546076	0.022241
2.561119	0.942435	0.576152	0.982146	0.250000	0.546076	0.022241
2.571292	0.942435	0.576152	0.982146	0.250000	0.546076	0.022241
2.581148	0.942435	0.576152	0.982146	0.250000	0.546076	0.022241
2.591173	0.942435	0.576152	0.982146	0.250000	0.546076	0.022241
2.601068	0.942435	0.576152	0.982146	0.250000	0.546076	0.022241
2.611106	0.953424	0.594953	1.044553	0.250000	0.559790	0.019629
2.621080	0.953424	0.594953	1.044553	0.250000	0.559790	0.019629
2.631066	0.953424	0.594953	1.044553	0.250000	0.559790	0.019629
2.641224	0.953424	0.594953	1.044553	0.250000	0.559790	0.019629
2.650935	0.953424	0.594953	1.044553	0.250000	0.559790	0.019629
2.661098	0.953424	0.594953	1.044553	0.250000	0.559790	0.019629
2.671612	0.953424	0.594953	1.044553	0.250000	0.559790	0.019629
2.682174	0.953424	0.594953	1.044553	0.250000	0.559790	0.019629
2.690977	0.965052	0.615760	1.107162	0.250000	0.609990	0.020029
2.702294	0.965052	0.615760	1.107162	0.250000	0.609990	0.020029
2.712384	0.965052	0.615760	1.107162	0.250000	0.609990	0.020029
2.721680	0.965052	0.615760	1.107162	0.250000	0.609990	0.020029
2.731022	0.965052	0.615760	1.107162	0.250000	0.609990	0.020029
2.741535	0.965052	0.615760	1.107162	0.250000	0.609990	0.020029
2.750925	0.965052	0.615760	1.107162	0.250000	0.609990	0.020029
2.760978	0.973963	0.634251	1.173769	0.250000	0.606745	0.019286
2.771144	0.973963	0.634251	1.173769	0.250000	0.606745	0.019286
2.781780	0.973963	0.634251	1.173769	0.250000	0.606745	0.019286
2.790904	0.973963	0.634251	1.173769	0.250000	0.606745	0.019286
2.801171	0.973963	0.634251	1.173769	0.250000	0.606745	0.019286
2.810957	0.976837	0.654800	1.220242	0.250000	0.576046	0.016160
2.821684	0.976837	0.654800	1.220242	0.250000	0.576046	0.016160
2.831419	0.976837	0.654800	1.220242	0.250000	0.576046	0.016160
2.841012	0.976837	0.654800	1.220242	0.250000	0.576046	0.016160
2.851070	0.976837	0.654800	1.220242	0.250000	0.576046	0.016160
2.860899	0.981093	0.667101	1.291130	0.250000	0.480573	0.012043
2.870957	0.981093	0.667101	1.291130	0.250000	0.480573	0.012043
2.881258	0.981093	0.667101	1.291130	0.250000	0.480573	0.012043
2.891132	0.981093	0.667101	1.291130	0.250000	0.480573	0.012043
2.901779	0.981093	0.667101	1.291130	0.250000	0.480573	0.012043
2.911396	0.981093	0.667101	1.291130	0.250000	0.480573	0.012043
2.921257	0.981093	0.667101	1.291130	0.250000	0.480573	0.012043
2.931060	0.984210	0.678319	1.314562	0.250000	0.490346	0.013605
2.941277	0.984210	0.678319	1.314562	0.250000	0.490346	0.013605
2.951594	0.984210	0.678319	1.314562	0.250000	0.490346	0.013605
2.961103	0.984210	0.678319	1.314562	0.250000	0.490346	0.013605
2.971412	0.984210	0.678319	1.314562	0.250000	0.490346	0.013605
2.981513	0.984210	0.678319	1.314562	0.250000	0.490346	0.013605
2.991254	0.984210	0.678319	1.314562	0.250000	0.490346	0.013605
3.001126	0.984210	0.678319	1.314562	0.250000	0.490346	0.013605
3.011146	0.984210	0.678319	1.314562	0.250000	0.490346	0.013605
3.021086	0.984210	0.678319	1.314562	0.250000	0.490346	0.013605
3.030973	0.984210	0.678319	1.314562	0.250000	0.490346	0.013605
3.041954	0.984210	0.678319	1.314562	0.250000	0.490346	0.013605
3.051294	0.984210	0.678319	1.314562	0.250000	0.490346	0.013605
3.061158	0.984210	0.678319	1.314562	0.250000	0.490346	0.013605
3.071102	0.984210	0.678319	1.314562	0.250000	0.490346	0.013605
3.082449	0.994303	0.693594	1.364667	0.250000	0.493409	0.017620
3.091155	0.994303	0.693594	1.364667	0.250000	0.493409	0.017620
3.101802	0.994303	0.693594	1.364667	0.250000	0.493409	0.017620
3.111610	0.994303	0.693594	1.364667	0.250000	0.493409	0.017620
3.121403	0.994303	0.693594	1.364667	0.250000	0.493409	0.017620
3.131146	0.994303	0.693594	1.364667	0.250000	0.493409	0.017620
3.141372	0.997744	0.713360	1.432275	0.250000	0.379510	0.014059
3.151048	0.997744	0.713360	1.432275	0.250000	0.379510	0.014059
3.161344	0.997744	0.713360	1.432275	0.250000	0.379510	0.014059
3.171376	0.997744	0.713360	1.432275	0.250000	0.379510	0.014059
3.181643	0.997744	0.713360	1.432275	0.250000	0.379510	0.014059
3.190993	0.997744	0.713360	1.432275	0.250000	0.379510	0.014059
3.201532	0.997744	0.713360	1.432275	0.250000	0.379510	0.014059
3.211248	0.997744	0.713360	1.432275	0.250000	0.379510	0.014059
3.220975	0.997744	0.713360	1.432275	0.250000	0.379510	0.014059
3.231396	0.997744	0.713360	1.432275	0.250000	0.379510	0.014059
3.240992	0.997744	0.713360	1.432275	0.250000	0.379510	0.014059
3.251225	0.997744	0.713360	1.432275	0.250000	0.379510	0.014059
3.261005	0.997744	0.713360	1.432275	0.250000	0.379510	0.014059
3.271137	0.997744	0.713360	1.432275	0.250000	0.379510	0.014059
3.280936	1.001426	0.737075	1.560412	0.250000	0.096519	0.002304
3.291309	1.001426	0.737075	1.560412	0.250000	0.096519	0.002304
3.300988	1.001426	0.737075	1.560412	0.250000	0.096519	0.002304
3.310988	1.001426	0.737075	1.560412	0.250000	0.096519	0.002304
3.321107	1.001426	0.737075	1.560412	0.250000	0.096519	0.002304
3.331198	1.001426	0.737075	1.560412	0.250000	0.096519	0.002304
3.341038	1.001426	0.737075	1.560412	0.250000	0.096519	0.002304
3.350930	1.002009	0.758759	1.670564	0.250000	-0.184343	-0.010979
3.361455	1.002009	0.758759	1.670564	0.250000	-0.184343	-0.010979
3.371436	1.002009	0.758759	1.670564	0.250000	-0.184343	-0.010979
3.381023	1.002009	0.758759	1.670564	0.250000	-0.184343	-0.010979
3.390934	1.002009	0.758759	1.670564	0.250000	-0.184343	-0.010979
3.401400	1.002009	0.758759	1.670564	0.250000	-0.184343	-0.010979
3.413026	1.002009	0.758759	1.670564	0.250000	-0.184343	-0.010979
3.420982	1.002009	0.758759	1.670564	0.250000	-0.184343	-0.010979
3.430934	1.002009	0.758759	1.670564	0.250000	-0.184343	-0.010979
3.440919	1.002009	0.758759	1.670564	0.250000	-0.184343	-0.010979
3.451089	1.002009	0.758759	1.670564	0.250000	-0.184343	-0.010979
3.460969	1.002009	0.758759	1.670564	0.250000	-0.184343	-0.010979
3.470994	1.001202	0.779660	1.749728	0.250000	-0.392878	-0.021368
3.480919	1.001202	0.779660	1.749728	0.250000	-0.392878	-0.021368
3.491267	1.001202	0.779660	1.749728	0.250000	-0.392878	-0.021368
3.501003	1.001202	0.779660	1.749728	0.250000	-0.392878	-0.021368
3.510949	1.001202	0.779660	1.749728	0.250000	-0.392878	-0.021368
3.521508	1.001202	0.779660	1.749728	0.250000	-0.392878	-0.021368
3.531052	1.003203	0.805635	1.742332	0.250000	-0.355965	-0.017707
3.541009	1.003203	0.805635	1.742332	0.250000	-0.355965	-0.017707
3.551842	1.003203	0.805635	1.742332	0.250000	-0.355965	-0.017707
3.561604	1.003203	0.805635	1.742332	0.250000	-0.355965	-0.017707
3.572329	1.003203	0.805635	1.742332	0.250000	-0.355965	-0.017707
3.581046	1.003203	0.805635	1.742332	0.250000	-0.355965	-0.017707
3.590919	1.003203	0.805635	1.742332	0.250000	-0.355965	-0.017707
3.601058	1.003203	0.805635	1.742332	0.250000	-0.355965	-0.017707
3.611290	1.003203	0.805635	1.742332	0.250000	-0.355965	-0.017707
3.621031	1.003203	0.805635	1.742332	0.250000	-0.355965	-0.017707
3.631881	1.003203	0.805635	1.742332	0.250000	-0.355965	-0.017707
3.641637	1.003203	0.805635	1.742332	0.250000	-0.355965	-0.017707
3.651347	0.998618	0.824432	1.794049	0.250000	-0.538780	-0.028775
3.660997	0.998618	0.824432	1.794049	0.250000	-0.538780	-0.028775
3.671023	0.998618	0.824432	1.794049	0.250000	-0.538780	-0.028775
3.681165	0.998618	0.824432	1.794049	0.250000	-0.538780	-0.028775
3.691344	0.998618	0.824432	1.794049	0.250000	-0.538780	-0.028775
3.701169	0.998618	0.824432	1.794049	0.250000	-0.538780	-0.028775
3.711151	0.998618	0.824432	1.794049	0.250000	-0.538780	-0.028775
3.720904	0.997654	0.847743	1.723483	0.250000	-0.380260	-0.020005
3.731310	0.997654	0.847743	1.723483	0.250000	-0.380260	-0.020005
3.741110	0.997654	0.847743	1.723483	0.250000	-0.380260	-0.020005
3.750952	0.997654	0.847743	1.723483	0.250000	-0.380260	-0.020005
3.760902	0.997654	0.847743	1.723483	0.250000	-0.380260	-0.020005
3.771107	0.992767	0.864595	1.766106	0.250000	-0.539889	-0.030141
3.780995	0.992767	0.864595	1.766106	0.250000	-0.539889	-0.030141
3.791873	0.992767	0.864595	1.766106	0.250000	-0.539889	-0.030141
3.801573	0.992767	0.864595	1.766106	0.250000	-0.539889	-0.030141
3.811584	0.992767	0.864595	1.766106	0.250000	-0.539889	-0.030141
3.821198	0.992767	0.864595	1.766106	0.250000	-0.539889	-0.030141
3.830888	0.992197	0.882230	1.661239	0.250000	-0.296323	-0.017050
3.840969	0.992197	0.882230	1.661239	0.250000	-0.296323	-0.017050
3.851058	0.992197	0.882230	1.661239	0.250000	-0.296323	-0.017050
3.860966	0.992197	0.882230	1.661239	0.250000	-0.296323	-0.017050
3.870946	0.992197	0.882230	1.661239	0.250000	-0.296323	-0.017050
3.881701	0.992197	0.882230	1.661239	0.250000	-0.296323	-0.017050
3.891384	0.992197	0.882230	1.661239	0.250000	-0.296323	-0.017050
3.902156	0.992627	0.901087	1.631595	0.250000	-0.223335	-0.012796
3.910945	0.992627	0.901087	1.631595	0.250000	-0.223335	-0.012796
3.920935	0.992627	0.901087	1.631595	0.250000	-0.223335	-0.012796
3.931432	0.992627	0.901087	1.631595	0.250000	-0.223335	-0.012796
3.941195	0.992627	0.901087	1.631595	0.250000	-0.223335	-0.012796
3.951155	0.992627	0.901087	1.631595	0.250000	-0.223335	-0.012796
3.961704	0.992627	0.901087	1.631595	0.250000	-0.223335	-0.012796
3.970936	0.992627	0.901087	1.631595	0.250000	-0.223335	-0.012796
3.981184	0.992627	0.901087	1.631595	0.250000	-0.223335	-0.012796
3.990942	0.992627	0.901087	1.631595	0.250000	-0.223335	-0.012796
4.000956	0.992627	0.901087	1.631595	0.250000	-0.223335	-0.012796
4.011092	0.988875	0.926919	1.530121	0.250000	-0.013856	-0.003043
4.021220	0.988875	0.926919	1.530121	0.250000	-0.013856	-0.003043
4.030943	0.988875	0.926919	1.530121	0.250000	-0.013856	-0.003043
4.040965	0.988875	0.926919	1.530121	0.250000	-0.013856	-0.003043
4.051493	0.988875	0.926919	1.530121	0.250000	-0.013856	-0.003043
4.061208	0.988875	0.926919	1.530121	0.250000	-0.013856	-0.003043
4.074148	0.988875	0.926919	1.530121	0.250000	-0.013856	-0.003043
4.080966	0.988875	0.926919	1.530121	0.250000	-0.013856	-0.003043
4.091141	0.988875	0.926919	1.530121	0.250000	-0.013856	-0.003043
4.101229	0.988875	0.926919	1.530121	0.250000	-0.013856	-0.003043
4.111060	0.991321	0.949389	1.465225	0.250000	0.173838	0.007641
4.121758	0.991321	0.949389	1.465225	0.250000	0.173838	0.007641
4.131517	0.991321	0.949389	1.465225	0.250000	0.173838	0.007641
4.141364	0.991321	0.949389	1.465225	0.250000	0.173838	0.007641
4.152213	0.991321	0.949389	1.465225	0.250000	0.173838	0.007641
4.160956	0.991321	0.949389	1.465225	0.250000	0.173838	0.007641
4.171084	0.991321	0.949389	1.465225	0.250000	0.173838	0.007641
4.181023	0.992491	0.966865	1.401052	0.250000	0.346289	0.017282
4.190966	0.992491	0.966865	1.401052	0.250000	0.346289	0.017282
4.200903	0.992491	0.966865	1.401052	0.250000	0.346289	0.017282
4.211311	0.992491	0.966865	1.401052	0.250000	0.346289	0.017282
4.221202	0.992491	0.966865	1.401052	0.250000	0.346289	0.017282
4.231272	0.992491	0.966865	1.401052	0.250000	0.346289	0.017282
4.240963	0.992491	0.966865	1.401052	0.250000	0.346289	0.017282
4.251137	1.003163	0.984373	1.359197	0.250000	0.552347	0.032537
4.261052	1.003163	0.984373	1.359197	0.250000	0.552347	0.032537
4.271103	1.003163	0.984373	1.359197	0.250000	0.552347	0.032537
4.281000	1.003163	0.984373	1.359197	0.250000	0.552347	0.032537
4.291358	1.003163	0.984373	1.359197	0.250000	0.552347	0.032537
4.301163	1.003163	0.984373	1.359197	0.250000	0.552347	0.032537
4.311109	1.003163	0.984373	1.359197	0.250000	0.552347	0.032537
4.321535	1.003163	0.984373	1.359197	0.250000	0.552347	0.032537
4.331270	1.006175	0.999215	1.344280	0.250000	0.610393	0.037084
4.341421	1.006175	0.999215	1.344280	0.250000	0.610393	0.037084
4.351078	1.006175	0.999215	1.344280	0.250000	0.610393	0.037084
4.361001	1.006175	0.999215	1.344280	0.250000	0.610393	0.037084
4.371265	1.006175	0.999215	1.344280	0.250000	0.610393	0.037084
4.381139	1.006175	0.999215	1.344280	0.250000	0.610393	0.037084
4.391177	1.006175	0.999215	1.344280	0.250000	0.610393	0.037084
4.401010	1.006175	0.999215	1.344280	0.250000	0.610393	0.037084
4.411101	1.006175	0.999215	1.344280	0.250000	0.610393	0.037084
4.421398	1.006175	0.999215	1.344280	0.250000	0.610393	0.037084
4.431141	1.006175	0.999215	1.344280	0.250000	0.610393	0.037084
4.441017	1.006175	0.999215	1.344280	0.250000	0.610393	0.037084
4.451147	1.006175	0.999215	1.344280	0.250000	0.610393	0.037084
4.461300	1.006175	0.999215	1.344280	0.250000	0.610393	0.037084
4.471413	1.006175	0.999215	1.344280	0.250000	0.610393	0.037084
4.480958	1.011280	1.023420	1.357811	0.250000	0.613869	0.039260
4.491244	1.011280	1.023420	1.357811	0.250000	0.613869	0.039260
4.501369	1.011280	1.023420	1.357811	0.250000	0.613869	0.039260
4.511280	1.011280	1.023420	1.357811	0.250000	0.613869	0.039260
4.521090	1.011280	1.023420	1.357811	0.250000	0.613869	0.039260
4.530983	1.011280	1.023420	1.357811	0.250000	0.613869	0.039260
4.541723	1.011280	1.023420	1.357811	0.250000	0.613869	0.039260
4.551314	1.013275	1.042386	1.386722	0.250000	0.556521	0.036743
4.560977	1.013275	1.042386	1.386722	0.250000	0.556521	0.036743
4.571149	1.013275	1.042386	1.386722	0.250000	0.556521	0.036743
4.581469	1.013275	1.042386	1.386722	0.250000	0.556521	0.036743
4.591226	1.013275	1.042386	1.386722	0.250000	0.556521	0.036743
4.600921	1.013275	1.042386	1.386722	0.250000	0.556521	0.036743
4.610957	1.013275	1.042386	1.386722	0.250000	0.556521	0.036743
4.621429	1.013275	1.042386	1.386722	0.250000	0.556521	0.036743
4.631293	1.017167	1.067557	1.442861	0.250000	0.449965	0.032228
4.641043	1.017167	1.067557	1.442861	0.250000	0.449965	0.032228
4.651114	1.017167	1.067557	1.442861	0.250000	0.449965	0.032228
4.660993	1.017167	1.067557	1.442861	0.250000	0.449965	0.032228
4.671403	1.017167	1.067557	1.442861	0.250000	0.449965	0.032228
4.681782	1.016574	1.079159	1.582118	0.250000	0.087288	0.012201
4.693571	1.016574	1.079159	1.582118	0.250000	0.087288	0.012201
4.701018	1.016574	1.079159	1.582118	0.250000	0.087288	0.012201
4.711296	1.016574	1.079159	1.582118	0.250000	0.087288	0.012201
4.721406	1.016574	1.079159	1.582118	0.250000	0.087288	0.012201
4.731017	1.016574	1.079159	1.582118	0.250000	0.087288	0.012201
4.741065	1.016574	1.079159	1.582118	0.250000	0.087288	0.012201
4.751199	1.016574	1.079159	1.582118	0.250000	0.087288	0.012201
4.761065	1.016574	1.079159	1.582118	0.250000	0.087288	0.012201
4.771239	1.016574	1.079159	1.582118	0.250000	0.087288	0.012201
4.781082	1.018389	1.096502	1.617842	0.250000	0.010155	0.008200
4.791259	1.018389	1.096502	1.617842	0.250000	0.010155	0.008200
4.801069	1.018389	1.096502	1.617842	0.250000	0.010155	0.008200
4.810995	1.018389	1.096502	1.617842	0.250000	0.010155	0.008200
4.821051	1.018389	1.096502	1.617842	0.250000	0.010155	0.008200
4.831055	1.018389	1.096502	1.617842	0.250000	0.010155	0.008200
4.841128	1.018389	1.096502	1.617842	0.250000	0.010155	0.008200
4.850982	1.017978	1.112193	1.662122	0.250000	-0.108659	0.001147
4.860996	1.017978	1.112193	1.662122	0.250000	-0.108659	0.001147
4.871127	1.017978	1.112193	1.662122	0.250000	-0.108659	0.001147
4.881785	1.017978	1.112193	1.662122	0.250000	-0.108659	0.001147
4.890981	1.017978	1.112193	1.662122	0.250000	-0.108659	0.001147
4.901035	1.017978	1.112193	1.662122	0.250000	-0.108659	0.001147
4.911103	1.017978	1.112193	1.662122	0.250000	-0.108659	0.001147
4.921018	1.017978	1.112193	1.662122	0.250000	-0.108659	0.001147
4.931796	1.017978	1.112193	1.662122	0.250000	-0.108659	0.001147
4.941104	1.019070	1.133194	1.622036	0.250000	0.026062	0.007487
4.951346	1.019070	1.133194	1.622036	0.250000	0.026062	0.007487
4.961075	1.019070	1.133194	1.622036	0.250000	0.026062	0.007487
4.971436	1.019070	1.133194	1.622036	0.250000	0.026062	0.007487
4.981585	1.019070	1.133194	1.622036	0.250000	0.026062	0.007487
4.991336	1.019070	1.133194	1.622036	0.250000	0.026062	0.007487
5.001065	1.019070	1.133194	1.622036	0.250000	0.026062	0.007487
5.011831	1.019070	1.133194	1.622036	0.250000	0.026062	0.007487
5.021576	1.019070	1.133194	1.622036	0.250000	0.026062	0.007487
5.031303	1.019070	1.133194	1.622036	0.250000	0.026062	0.007487
5.041135	1.019070	1.133194	1.622036	0.250000	0.026062	0.007487
5.050914	1.019070	1.133194	1.622036	0.250000	0.026062	0.007487
5.060886	1.018100	1.158514	1.663249	0.250000	-0.053452	0.001022
5.072164	1.018100	1.158514	1.663249	0.250000	-0.053452	0.001022
5.081470	1.018100	1.158514	1.663249	0.250000	-0.053452	0.001022
5.091216	1.018100	1.158514	1.663249	0.250000	-0.053452	0.001022
5.100909	1.018100	1.158514	1.663249	0.250000	-0.053452	0.001022
5.111079	1.018100	1.158514	1.663249	0.250000	-0.053452	0.001022
5.120958	1.018100	1.158514	1.663249	0.250000	-0.053452	0.001022
5.130937	1.018100	1.158514	1.663249	0.250000	-0.053452	0.001022
5.141658	1.018100	1.158514	1.663249	0.250000	-0.053452	0.001022
5.151409	1.018100	1.158514	1.663249	0.250000	-0.053452	0.001022
5.161157	1.018100	1.158514	1.663249	0.250000	-0.053452	0.001022
5.171158	1.018100	1.158514	1.663249	0.250000	-0.053452	0.001022
5.180936	1.015324	1.187647	1.798084	0.250000	-0.354192	-0.018403
5.191297	1.015324	1.187647	1.798084	0.250000	-0.354192	-0.018403
5.201302	1.015324	1.187647	1.798084	0.250000	-0.354192	-0.018403
5.211179	1.015324	1.187647	1.798084	0.250000	-0.354192	-0.018403
5.220982	1.015324	1.187647	1.798084	0.250000	-0.354192	-0.018403
5.231407	1.015324	1.187647	1.798084	0.250000	-0.354192	-0.018403
5.241100	1.015324	1.187647	1.798084	0.250000	-0.354192	-0.018403
5.250974	1.015324	1.187647	1.798084	0.250000	-0.354192	-0.018403
5.260910	1.015324	1.187647	1.798084	0.250000	-0.354192	-0.018403
5.271075	1.010887	1.211932	1.788495	0.250000	-0.272685	-0.018497
5.280951	1.010887	1.211932	1.788495	0.250000	-0.272685	-0.018497
5.291025	1.010887	1.211932	1.788495	0.250000	-0.272685	-0.018497
5.300895	1.010887	1.211932	1.788495	0.250000	-0.272685	-0.018497
5.310916	1.010887	1.211932	1.788495	0.250000	-0.272685	-0.018497
5.321225	1.010887	1.211932	1.788495	0.250000	-0.272685	-0.018497
5.330977	1.010887	1.211932	1.788495	0.250000	-0.272685	-0.018497
5.341733	1.010887	1.211932	1.788495	0.250000	-0.272685	-0.018497
5.351581	1.010887	1.211932	1.788495	0.250000	-0.272685	-0.018497
5.361238	1.010887	1.211932	1.788495	0.250000	-0.272685	-0.018497
5.371030	1.010887	1.211932	1.788495	0.250000	-0.272685	-0.018497
5.381029	1.010887	1.211932	1.788495	0.250000	-0.272685	-0.018497
5.390895	1.006525	1.239290	1.895811	0.250000	-0.407412	-0.031640
5.400981	1.006525	1.239290	1.895811	0.250000	-0.407412	-0.031640
5.410995	1.006525	1.239290	1.895811	0.250000	-0.407412	-0.031640
5.420929	1.006525	1.239290	1.895811	0.250000	-0.407412	-0.031640
5.431496	1.006525	1.239290	1.895811	0.250000	-0.407412	-0.031640
5.440969	1.006525	1.239290	1.895811	0.250000	-0.407412	-0.031640
5.451072	1.005148	1.264292	1.761720	0.250000	0.123141	-0.006118
5.460923	1.005148	1.264292	1.761720	0.250000	0.123141	-0.006118
5.471147	1.005148	1.264292	1.761720	0.250000	0.123141	-0.006118
5.480969	1.005148	1.264292	1.761720	0.250000	0.123141	-0.006118
5.491047	1.005148	1.264292	1.761720	0.250000	0.123141	-0.006118
5.500896	1.005148	1.264292	1.761720	0.250000	0.123141	-0.006118
5.510894	1.005148	1.264292	1.761720	0.250000	0.123141	-0.006118
5.521548	1.005148	1.264292	1.761720	0.250000	0.123141	-0.006118
5.530948	1.005148	1.264292	1.761720	0.250000	0.123141	-0.006118
5.541924	1.005148	1.264292	1.761720	0.250000	0.123141	-0.006118
5.551553	1.005148	1.264292	1.761720	0.250000	0.123141	-0.006118
5.561317	1.005148	1.264292	1.761720	0.250000	0.123141	-0.006118
5.571316	1.004331	1.294987	1.728470	0.250000	0.462844	0.009736
5.580901	1.004331	1.294987	1.728470	0.250000	0.462844	0.009736
5.591601	1.004331	1.294987	1.728470	0.250000	0.462844	0.009736
5.601344	1.004331	1.294987	1.728470	0.250000	0.462844	0.009736
5.611170	1.004331	1.294987	1.728470	0.250000	0.462844	0.009736
5.620873	1.004331	1.294987	1.728470	0.250000	0.462844	0.009736
5.631546	1.004331	1.294987	1.728470	0.250000	0.462844	0.009736
5.641355	1.004331	1.294987	1.728470	0.250000	0.462844	0.009736
5.652126	1.004331	1.294987	1.728470	0.250000	0.462844	0.009736
5.660941	1.004331	1.294987	1.728470	0.250000	0.462844	0.009736
5.671069	1.004331	1.294987	1.728470	0.250000	0.462844	0.009736
5.682256	1.000928	1.313071	1.679383	0.250000	0.712539	0.021068
5.691136	1.000928	1.313071	1.679383	0.250000	0.712539	0.021068
5.701067	1.000928	1.313071	1.679383	0.250000	0.712539	0.021068
5.711145	1.000928	1.313071	1.679383	0.250000	0.712539	0.021068
5.721018	1.000928	1.313071	1.679383	0.250000	0.712539	0.021068
5.731100	1.000928	1.313071	1.679383	0.250000	0.712539	0.021068
5.740917	1.000928	1.313071	1.679383	0.250000	0.712539	0.021068
5.752464	1.000928	1.313071	1.679383	0.250000	0.712539	0.021068
5.761405	1.000928	1.313071	1.679383	0.250000	0.712539	0.021068
5.771756	1.000928	1.313071	1.679383	0.250000	0.712539	0.021068
5.781915	1.000928	1.313071	1.679383	0.250000	0.712539	0.021068
5.790931	1.000928	1.313071	1.679383	0.250000	0.712539	0.021068
5.801367	1.000928	1.313071	1.679383	0.250000	0.712539	0.021068
5.811088	0.998374	1.333511	1.639530	0.250000	0.911058	0.030792
5.820939	0.998374	1.333511	1.639530	0.250000	0.911058	0.030792
5.831634	0.998374	1.333511	1.639530	0.250000	0.911058	0.030792
5.841435	0.998374	1.333511	1.639530	0.250000	0.911058	0.030792
5.850915	0.998374	1.333511	1.639530	0.250000	0.911058	0.030792
5.860917	0.998374	1.333511	1.639530	0.250000	0.911058	0.030792
5.871330	0.998374	1.333511	1.639530	0.250000	0.911058	0.030792
5.880939	0.998374	1.333511	1.639530	0.250000	0.911058	0.030792
5.891019	0.998374	1.333511	1.639530	0.250000	0.911058	0.030792
5.900944	0.998374	1.333511	1.639530	0.250000	0.911058	0.030792
5.912760	1.000187	1.365480	1.651937	0.250000	1.122880	0.044618
5.920940	1.000187	1.365480	1.651937	0.250000	1.122880	0.044618
5.930921	1.000187	1.365480	1.651937	0.250000	1.122880	0.044618
5.941014	1.000187	1.365480	1.651937	0.250000	1.122880	0.044618
5.951004	1.000187	1.365480	1.651937	0.250000	1.122880	0.044618
5.960978	1.000187	1.365480	1.651937	0.250000	1.122880	0.044618
5.971230	1.000187	1.365480	1.651937	0.250000	1.122880	0.044618
5.980963	1.001109	1.394639	1.734443	0.250000	1.238849	0.055744
5.990931	1.001109	1.394639	1.734443	0.250000	1.238849	0.055744
6.001533	1.001109	1.394639	1.734443	0.250000	1.238849	0.055744
6.011248	1.001109	1.394639	1.734443	0.250000	1.238849	0.055744
6.021019	1.001109	1.394639	1.734443	0.250000	1.238849	0.055744
6.030854	1.001109	1.394639	1.734443	0.250000	1.238849	0.055744
6.041683	1.001443	1.422970	1.945897	0.250000	1.134194	0.057270
6.054223	1.001443	1.422970	1.945897	0.250000	1.134194	0.057270
6.060998	1.001443	1.422970	1.945897	0.250000	1.134194	0.057270
6.071793	1.001443	1.422970	1.945897	0.250000	1.134194	0.057270
6.081108	1.001443	1.422970	1.945897	0.250000	1.134194	0.057270
6.091290	1.001443	1.422970	1.945897	0.250000	1.134194	0.057270
6.101052	1.001443	1.422970	1.945897	0.250000	1.134194	0.057270
6.111957	1.001443	1.422970	1.945897	0.250000	1.134194	0.057270
6.121044	1.001443	1.422970	1.945897	0.250000	1.134194	0.057270
6.130972	1.001443	1.422970	1.945897	0.250000	1.134194	0.057270
6.141077	1.001443	1.422970	1.945897	0.250000	1.134194	0.057270
6.150914	1.001443	1.422970	1.945897	0.250000	1.134194	0.057270
6.160913	1.001443	1.422970	1.945897	0.250000	1.134194	0.057270
6.171185	1.001443	1.422970	1.945897	0.250000	1.134194	0.057270
6.180980	0.995729	1.434054	2.000620	0.250000	1.126986	0.057675
