t	x(t)	y(t)	theta(t)	v(t)	gamma(t)	efa
0.010531	0.701833	0.166250	1.609106	0.250000	-0.802115	-0.019230
0.011560	0.701833	0.166250	1.609106	0.250000	-0.802115	-0.019230
0.021821	0.701833	0.166250	1.609106	0.250000	-0.802115	-0.019230
0.031258	0.701833	0.166250	1.609106	0.250000	-0.802115	-0.019230
0.041220	0.701833	0.166250	1.609106	0.250000	-0.802115	-0.019230
0.051075	0.701833	0.166250	1.609106	0.250000	-0.802115	-0.019230
0.061123	0.701833	0.166250	1.609106	0.250000	-0.802115	-0.019230
0.071113	0.701833	0.166250	1.609106	0.250000	-0.802115	-0.019230
0.081185	0.701833	0.166250	1.609106	0.250000	-0.802115	-0.019230
0.091956	0.701833	0.166250	1.609106	0.250000	-0.802115	-0.019230
0.101772	0.701833	0.166250	1.609106	0.250000	-0.802115	-0.019230
0.111465	0.701833	0.166250	1.609106	0.250000	-0.802115	-0.019230
0.121317	0.701833	0.166250	1.609106	0.250000	-0.802115	-0.019230
0.132025	0.701833	0.166250	1.609106	0.250000	-0.802115	-0.019230
0.141177	0.701833	0.166250	1.609106	0.250000	-0.802115	-0.019230
0.151101	0.701833	0.166250	1.609106	0.250000	-0.802115	-0.019230
0.161200	0.701833	0.166250	1.609106	0.250000	-0.802115	-0.019230
0.171104	0.701833	0.166250	1.609106	0.250000	-0.802115	-0.019230
0.181054	0.701833	0.166250	1.609106	0.250000	-0.802115	-0.019230
0.191136	0.701833	0.166250	1.609106	0.250000	-0.802115	-0.019230
0.201246	0.701833	0.166250	1.609106	0.250000	-0.802115	-0.019230
0.212074	0.701833	0.166250	1.609106	0.250000	-0.802115	-0.019230
0.221187	0.701833	0.166250	1.609106	0.250000	-0.802115	-0.019230
0.231511	0.701833	0.166250	1.609106	0.250000	-0.802115	-0.019230
0.241154	0.701833	0.166250	1.609106	0.250000	-0.802115	-0.019230
0.251069	0.701789	0.167683	1.609200	0.250000	-0.802216	-0.019231
0.261109	0.701789	0.167683	1.609200	0.250000	-0.802216	-0.019231
0.271073	0.701789	0.167683	1.609200	0.250000	-0.802216	-0.019231
0.281195	0.701789	0.167683	1.609200	0.250000	-0.802216	-0.019231
0.291056	0.701789	0.167683	1.609200	0.250000	-0.802216	-0.019231
0.301067	0.701789	0.167683	1.609200	0.250000	-0.802216	-0.019231
0.311948	0.701789	0.167683	1.609200	0.250000	-0.802216	-0.019231
0.321413	0.701789	0.167683	1.609200	0.250000	-0.802216	-0.019231
0.331337	0.701789	0.167683	1.609200	0.250000	-0.802216	-0.019231
0.341872	0.701789	0.167683	1.609200	0.250000	-0.802216	-0.019231
0.351037	0.701882	0.175744	1.594391	0.250000	-0.829413	-0.021035
0.361169	0.701882	0.175744	1.594391	0.250000	-0.829413	-0.021035
0.371031	0.701882	0.175744	1.594391	0.250000	-0.829413	-0.021035
0.381116	0.701882	0.175744	1.594391	0.250000	-0.829413	-0.021035
0.391068	0.701882	0.175744	1.594391	0.250000	-0.829413	-0.021035
0.401168	0.701882	0.175744	1.594391	0.250000	-0.829413	-0.021035
0.411085	0.701882	0.175744	1.594391	0.250000	-0.829413	-0.021035
0.421119	0.702051	0.188171	1.563141	0.250000	-0.879103	-0.025087
0.431094	0.702051	0.188171	1.563141	0.250000	-0.879103	-0.025087
0.441176	0.702051	0.188171	1.563141	0.250000	-0.879103	-0.025087
0.451077	0.702051	0.188171	1.563141	0.250000	-0.879103	-0.025087
0.461068	0.702051	0.188171	1.563141	0.250000	-0.879103	-0.025087
0.471233	0.702051	0.188171	1.563141	0.250000	-0.879103	-0.025087
0.481351	0.702051	0.188171	1.563141	0.250000	-0.879103	-0.025087
0.491341	0.702051	0.188171	1.563141	0.250000	-0.879103	-0.025087
0.501064	0.702051	0.188171	1.563141	0.250000	-0.879103	-0.025087
0.514264	0.702051	0.188171	1.563141	0.250000	-0.879103	-0.025087
0.521189	0.702051	0.188171	1.563141	0.250000	-0.879103	-0.025087
0.531131	0.703060	0.209144	1.508147	0.250000	-0.892850	-0.028445
0.541902	0.703060	0.209144	1.508147	0.250000	-0.892850	-0.028445
0.551645	0.703060	0.209144	1.508147	0.250000	-0.892850	-0.028445
0.561129	0.703060	0.209144	1.508147	0.250000	-0.892850	-0.028445
0.571091	0.703060	0.209144	1.508147	0.250000	-0.892850	-0.028445
0.581051	0.703060	0.209144	1.508147	0.250000	-0.892850	-0.028445
0.591641	0.703060	0.209144	1.508147	0.250000	-0.892850	-0.028445
0.601419	0.704118	0.229032	1.458064	0.250000	-0.912931	-0.033231
0.611192	0.704118	0.229032	1.458064	0.250000	-0.912931	-0.033231
0.621920	0.704118	0.229032	1.458064	0.250000	-0.912931	-0.033231
0.631699	0.704118	0.229032	1.458064	0.250000	-0.912931	-0.033231
0.641439	0.704118	0.229032	1.458064	0.250000	-0.912931	-0.033231
0.651157	0.704118	0.229032	1.458064	0.250000	-0.912931	-0.033231
0.661033	0.704118	0.229032	1.458064	0.250000	-0.912931	-0.033231
0.671056	0.706012	0.248022	1.407970	0.250000	-0.916646	-0.037616
0.681475	0.706012	0.248022	1.407970	0.250000	-0.916646	-0.037616
0.691125	0.706012	0.248022	1.407970	0.250000	-0.916646	-0.037616
0.701081	0.706012	0.248022	1.407970	0.250000	-0.916646	-0.037616
0.711082	0.706012	0.248022	1.407970	0.250000	-0.916646	-0.037616
0.721342	0.706012	0.248022	1.407970	0.250000	-0.916646	-0.037616
0.732176	0.708398	0.261409	1.382993	0.250000	-0.935136	-0.041843
0.741154	0.708398	0.261409	1.382993	0.250000	-0.935136	-0.041843
0.751093	0.708398	0.261409	1.382993	0.250000	-0.935136	-0.041843
0.761179	0.708398	0.261409	1.382993	0.250000	-0.935136	-0.041843
0.771194	0.708398	0.261409	1.382993	0.250000	-0.935136	-0.041843
0.781049	0.708398	0.261409	1.382993	0.250000	-0.935136	-0.041843
0.791204	0.711578	0.274263	1.349243	0.250000	-0.920392	-0.044104
0.801113	0.711578	0.274263	1.349243	0.250000	-0.920392	-0.044104
0.811150	0.711578	0.274263	1.349243	0.250000	-0.920392	-0.044104
0.821082	0.711578	0.274263	1.349243	0.250000	-0.920392	-0.044104
0.831096	0.711578	0.274263	1.349243	0.250000	-0.920392	-0.044104
0.841145	0.711578	0.274263	1.349243	0.250000	-0.920392	-0.044104
0.851074	0.714215	0.285052	1.324096	0.250000	-0.905567	-0.045737
0.861019	0.714215	0.285052	1.324096	0.250000	-0.905567	-0.045737
0.871771	0.714215	0.285052	1.324096	0.250000	-0.905567	-0.045737
0.881424	0.714215	0.285052	1.324096	0.250000	-0.905567	-0.045737
0.891217	0.714215	0.285052	1.324096	0.250000	-0.905567	-0.045737
0.901047	0.714215	0.285052	1.324096	0.250000	-0.905567	-0.045737
0.911070	0.714215	0.285052	1.324096	0.250000	-0.905567	-0.045737
0.921886	0.714215	0.285052	1.324096	0.250000	-0.905567	-0.045737
0.931278	0.714215	0.285052	1.324096	0.250000	-0.905567	-0.045737
0.941053	0.714215	0.285052	1.324096	0.250000	-0.905567	-0.045737
0.951954	0.714215	0.285052	1.324096	0.250000	-0.905567	-0.045737
0.961118	0.714215	0.285052	1.324096	0.250000	-0.905567	-0.045737
0.971287	0.715156	0.301694	1.272303	0.250000	-0.870080	-0.048702
0.981489	0.715156	0.301694	1.272303	0.250000	-0.870080	-0.048702
0.991194	0.715156	0.301694	1.272303	0.250000	-0.870080	-0.048702
1.001135	0.715156	0.301694	1.272303	0.250000	-0.870080	-0.048702
1.011357	0.715156	0.301694	1.272303	0.250000	-0.870080	-0.048702
1.021140	0.715156	0.301694	1.272303	0.250000	-0.870080	-0.048702
1.031083	0.715156	0.301694	1.272303	0.250000	-0.870080	-0.048702
1.041588	0.719823	0.317297	1.226445	0.250000	-0.809908	-0.049372
1.051354	0.719823	0.317297	1.226445	0.250000	-0.809908	-0.049372
1.061156	0.719823	0.317297	1.226445	0.250000	-0.809908	-0.049372
1.071849	0.719823	0.317297	1.226445	0.250000	-0.809908	-0.049372
1.081607	0.719823	0.317297	1.226445	0.250000	-0.809908	-0.049372
1.091344	0.726656	0.335525	1.182740	0.250000	-0.729561	-0.049245
1.101251	0.726656	0.335525	1.182740	0.250000	-0.729561	-0.049245
1.111898	0.726656	0.335525	1.182740	0.250000	-0.729561	-0.049245
1.121762	0.726656	0.335525	1.182740	0.250000	-0.729561	-0.049245
1.132406	0.726656	0.335525	1.182740	0.250000	-0.729561	-0.049245
1.141134	0.726656	0.335525	1.182740	0.250000	-0.729561	-0.049245
1.151105	0.726656	0.335525	1.182740	0.250000	-0.729561	-0.049245
1.161116	0.735663	0.348492	1.153064	0.250000	-0.622436	-0.045119
1.171141	0.735663	0.348492	1.153064	0.250000	-0.622436	-0.045119
1.181149	0.735663	0.348492	1.153064	0.250000	-0.622436	-0.045119
1.191095	0.735663	0.348492	1.153064	0.250000	-0.622436	-0.045119
1.201689	0.735663	0.348492	1.153064	0.250000	-0.622436	-0.045119
1.211437	0.735663	0.348492	1.153064	0.250000	-0.622436	-0.045119
1.221188	0.735663	0.348492	1.153064	0.250000	-0.622436	-0.045119
1.231952	0.735663	0.348492	1.153064	0.250000	-0.622436	-0.045119
1.241647	0.741552	0.360235	1.118734	0.250000	-0.504484	-0.041621
1.251432	0.741552	0.360235	1.118734	0.250000	-0.504484	-0.041621
1.261200	0.741552	0.360235	1.118734	0.250000	-0.504484	-0.041621
1.271930	0.741552	0.360235	1.118734	0.250000	-0.504484	-0.041621
1.281668	0.741552	0.360235	1.118734	0.250000	-0.504484	-0.041621
1.291447	0.748154	0.373596	1.080279	0.250000	-0.351519	-0.036343
1.301388	0.748154	0.373596	1.080279	0.250000	-0.351519	-0.036343
1.311192	0.748154	0.373596	1.080279	0.250000	-0.351519	-0.036343
1.321841	0.748154	0.373596	1.080279	0.250000	-0.351519	-0.036343
1.331346	0.748154	0.373596	1.080279	0.250000	-0.351519	-0.036343
1.341301	0.748154	0.373596	1.080279	0.250000	-0.351519	-0.036343
1.351161	0.748154	0.373596	1.080279	0.250000	-0.351519	-0.036343
1.361762	0.754885	0.385352	1.035575	0.250000	-0.165305	-0.028478
1.371313	0.754885	0.385352	1.035575	0.250000	-0.165305	-0.028478
1.381400	0.754885	0.385352	1.035575	0.250000	-0.165305	-0.028478
1.391222	0.754885	0.385352	1.035575	0.250000	-0.165305	-0.028478
1.401618	0.754885	0.385352	1.035575	0.250000	-0.165305	-0.028478
1.411162	0.754885	0.385352	1.035575	0.250000	-0.165305	-0.028478
1.421430	0.754885	0.385352	1.035575	0.250000	-0.165305	-0.028478
1.431059	0.754885	0.385352	1.035575	0.250000	-0.165305	-0.028478
1.441101	0.754885	0.385352	1.035575	0.250000	-0.165305	-0.028478
1.451205	0.754885	0.385352	1.035575	0.250000	-0.165305	-0.028478
1.461132	0.754885	0.385352	1.035575	0.250000	-0.165305	-0.028478
1.471212	0.762450	0.396975	0.991607	0.250000	0.040844	-0.019185
1.481633	0.762450	0.396975	0.991607	0.250000	0.040844	-0.019185
1.491669	0.762450	0.396975	0.991607	0.250000	0.040844	-0.019185
1.501402	0.762450	0.396975	0.991607	0.250000	0.040844	-0.019185
1.511165	0.762450	0.396975	0.991607	0.250000	0.040844	-0.019185
1.522055	0.762450	0.396975	0.991607	0.250000	0.040844	-0.019185
1.532450	0.762450	0.396975	0.991607	0.250000	0.040844	-0.019185
1.541151	0.762450	0.396975	0.991607	0.250000	0.040844	-0.019185
1.551056	0.771438	0.409654	0.940431	0.250000	0.245178	-0.007952
1.561496	0.771438	0.409654	0.940431	0.250000	0.245178	-0.007952
1.571105	0.771438	0.409654	0.940431	0.250000	0.245178	-0.007952
1.581247	0.771438	0.409654	0.940431	0.250000	0.245178	-0.007952
1.591196	0.771438	0.409654	0.940431	0.250000	0.245178	-0.007952
1.601094	0.771438	0.409654	0.940431	0.250000	0.245178	-0.007952
1.611610	0.771438	0.409654	0.940431	0.250000	0.245178	-0.007952
1.621573	0.771438	0.409654	0.940431	0.250000	0.245178	-0.007952
1.631057	0.782374	0.423601	0.904785	0.250000	0.377536	0.002738
1.641039	0.782374	0.423601	0.904785	0.250000	0.377536	0.002738
1.652293	0.782374	0.423601	0.904785	0.250000	0.377536	0.002738
1.662315	0.782374	0.423601	0.904785	0.250000	0.377536	0.002738
1.671202	0.782374	0.423601	0.904785	0.250000	0.377536	0.002738
1.681083	0.782374	0.423601	0.904785	0.250000	0.377536	0.002738
1.691163	0.782374	0.423601	0.904785	0.250000	0.377536	0.002738
1.701474	0.782374	0.423601	0.904785	0.250000	0.377536	0.002738
1.711117	0.782374	0.423601	0.904785	0.250000	0.377536	0.002738
1.721794	0.796518	0.441883	0.874376	0.250000	0.422484	0.013324
1.731065	0.796518	0.441883	0.874376	0.250000	0.422484	0.013324
1.741164	0.796518	0.441883	0.874376	0.250000	0.422484	0.013324
1.751173	0.796518	0.441883	0.874376	0.250000	0.422484	0.013324
1.761058	0.796518	0.441883	0.874376	0.250000	0.422484	0.013324
1.771058	0.796518	0.441883	0.874376	0.250000	0.422484	0.013324
1.781157	0.796518	0.441883	0.874376	0.250000	0.422484	0.013324
1.791197	0.796518	0.441883	0.874376	0.250000	0.422484	0.013324
1.801098	0.796518	0.441883	0.874376	0.250000	0.422484	0.013324
1.811114	0.796518	0.441883	0.874376	0.250000	0.422484	0.013324
1.821254	0.796518	0.441883	0.874376	0.250000	0.422484	0.013324
1.831342	0.796518	0.441883	0.874376	0.250000	0.422484	0.013324
1.842016	0.796518	0.441883	0.874376	0.250000	0.422484	0.013324
1.851732	0.796518	0.441883	0.874376	0.250000	0.422484	0.013324
1.861560	0.812185	0.460267	0.870621	0.250000	0.385744	0.019165
1.871198	0.812185	0.460267	0.870621	0.250000	0.385744	0.019165
1.881116	0.812185	0.460267	0.870621	0.250000	0.385744	0.019165
1.891074	0.812185	0.460267	0.870621	0.250000	0.385744	0.019165
1.901453	0.812185	0.460267	0.870621	0.250000	0.385744	0.019165
1.911216	0.812185	0.460267	0.870621	0.250000	0.385744	0.019165
1.921097	0.828433	0.480003	0.878520	0.250000	0.295992	0.020668
1.931256	0.828433	0.480003	0.878520	0.250000	0.295992	0.020668
1.941546	0.828433	0.480003	0.878520	0.250000	0.295992	0.020668
1.951270	0.828433	0.480003	0.878520	0.250000	0.295992	0.020668
1.962058	0.828433	0.480003	0.878520	0.250000	0.295992	0.020668
1.971744	0.828433	0.480003	0.878520	0.250000	0.295992	0.020668
1.981046	0.828433	0.480003	0.878520	0.250000	0.295992	0.020668
1.991211	0.828433	0.480003	0.878520	0.250000	0.295992	0.020668
2.001127	0.828433	0.480003	0.878520	0.250000	0.295992	0.020668
2.011753	0.844165	0.498354	0.913857	0.250000	0.159903	0.016769
2.021031	0.844165	0.498354	0.913857	0.250000	0.159903	0.016769
2.031127	0.844165	0.498354	0.913857	0.250000	0.159903	0.016769
2.041031	0.844165	0.498354	0.913857	0.250000	0.159903	0.016769
2.051807	0.844165	0.498354	0.913857	0.250000	0.159903	0.016769
2.061522	0.855660	0.512519	0.953460	0.250000	0.028550	0.010641
2.071298	0.855660	0.512519	0.953460	0.250000	0.028550	0.010641
2.081155	0.855660	0.512519	0.953460	0.250000	0.028550	0.010641
2.091122	0.855660	0.512519	0.953460	0.250000	0.028550	0.010641
2.101640	0.855660	0.512519	0.953460	0.250000	0.028550	0.010641
2.111339	0.855660	0.512519	0.953460	0.250000	0.028550	0.010641
2.121178	0.855660	0.512519	0.953460	0.250000	0.028550	0.010641
2.131778	0.855660	0.512519	0.953460	0.250000	0.028550	0.010641
2.141093	0.860630	0.526521	1.003060	0.250000	-0.168263	-0.001531
2.151335	0.860630	0.526521	1.003060	0.250000	-0.168263	-0.001531
2.161071	0.860630	0.526521	1.003060	0.250000	-0.168263	-0.001531
2.171807	0.860630	0.526521	1.003060	0.250000	-0.168263	-0.001531
2.181589	0.860630	0.526521	1.003060	0.250000	-0.168263	-0.001531
2.191203	0.860630	0.526521	1.003060	0.250000	-0.168263	-0.001531
2.202237	0.864838	0.541057	1.046932	0.250000	-0.350427	-0.013643
2.211875	0.864838	0.541057	1.046932	0.250000	-0.350427	-0.013643
2.221876	0.864838	0.541057	1.046932	0.250000	-0.350427	-0.013643
2.231201	0.864838	0.541057	1.046932	0.250000	-0.350427	-0.013643
2.241148	0.864838	0.541057	1.046932	0.250000	-0.350427	-0.013643
2.251130	0.864838	0.541057	1.046932	0.250000	-0.350427	-0.013643
2.261677	0.864838	0.541057	1.046932	0.250000	-0.350427	-0.013643
2.271393	0.864838	0.541057	1.046932	0.250000	-0.350427	-0.013643
2.281162	0.864838	0.541057	1.046932	0.250000	-0.350427	-0.013643
2.291739	0.873477	0.557487	1.087512	0.250000	-0.476694	-0.022819
2.301095	0.873477	0.557487	1.087512	0.250000	-0.476694	-0.022819
2.311471	0.873477	0.557487	1.087512	0.250000	-0.476694	-0.022819
2.321233	0.873477	0.557487	1.087512	0.250000	-0.476694	-0.022819
2.331994	0.873477	0.557487	1.087512	0.250000	-0.476694	-0.022819
2.341044	0.873477	0.557487	1.087512	0.250000	-0.476694	-0.022819
2.351476	0.873477	0.557487	1.087512	0.250000	-0.476694	-0.022819
2.361120	0.873477	0.557487	1.087512	0.250000	-0.476694	-0.022819
2.371930	0.873477	0.557487	1.087512	0.250000	-0.476694	-0.022819
2.381129	0.873477	0.557487	1.087512	0.250000	-0.476694	-0.022819
2.391241	0.873477	0.557487	1.087512	0.250000	-0.476694	-0.022819
2.401448	0.873477	0.557487	1.087512	0.250000	-0.476694	-0.022819
2.411799	0.873477	0.557487	1.087512	0.250000	-0.476694	-0.022819
2.421184	0.873477	0.557487	1.087512	0.250000	-0.476694	-0.022819
2.431419	0.873477	0.557487	1.087512	0.250000	-0.476694	-0.022819
2.441252	0.890954	0.581968	1.097065	0.250000	-0.433536	-0.025675
2.451883	0.890954	0.581968	1.097065	0.250000	-0.433536	-0.025675
2.461997	0.890954	0.581968	1.097065	0.250000	-0.433536	-0.025675
2.471516	0.890954	0.581968	1.097065	0.250000	-0.433536	-0.025675
2.481246	0.890954	0.581968	1.097065	0.250000	-0.433536	-0.025675
2.491915	0.890954	0.581968	1.097065	0.250000	-0.433536	-0.025675
2.504347	0.907102	0.605687	1.090089	0.250000	-0.234547	-0.023063
2.511256	0.907102	0.605687	1.090089	0.250000	-0.234547	-0.023063
2.521222	0.907102	0.605687	1.090089	0.250000	-0.234547	-0.023063
2.532697	0.907102	0.605687	1.090089	0.250000	-0.234547	-0.023063
2.541209	0.907102	0.605687	1.090089	0.250000	-0.234547	-0.023063
2.551592	0.907102	0.605687	1.090089	0.250000	-0.234547	-0.023063
2.561253	0.907102	0.605687	1.090089	0.250000	-0.234547	-0.023063
2.571016	0.907102	0.605687	1.090089	0.250000	-0.234547	-0.023063
2.581758	0.917561	0.627102	1.062401	0.250000	0.070024	-0.015942
2.591508	0.917561	0.627102	1.062401	0.250000	0.070024	-0.015942
2.601300	0.917561	0.627102	1.062401	0.250000	0.070024	-0.015942
2.611733	0.917561	0.627102	1.062401	0.250000	0.070024	-0.015942
2.621732	0.917561	0.627102	1.062401	0.250000	0.070024	-0.015942
2.631571	0.917561	0.627102	1.062401	0.250000	0.070024	-0.015942
2.641349	0.917561	0.627102	1.062401	0.250000	0.070024	-0.015942
2.651091	0.917561	0.627102	1.062401	0.250000	0.070024	-0.015942
2.661585	0.917561	0.627102	1.062401	0.250000	0.070024	-0.015942
2.671610	0.917561	0.627102	1.062401	0.250000	0.070024	-0.015942
2.681249	0.917561	0.627102	1.062401	0.250000	0.070024	-0.015942
2.691331	0.917561	0.627102	1.062401	0.250000	0.070024	-0.015942
2.701842	0.917561	0.627102	1.062401	0.250000	0.070024	-0.015942
2.711583	0.917561	0.627102	1.062401	0.250000	0.070024	-0.015942
2.721273	0.917561	0.627102	1.062401	0.250000	0.070024	-0.015942
2.732156	0.917561	0.627102	1.062401	0.250000	0.070024	-0.015942
2.741141	0.917561	0.627102	1.062401	0.250000	0.070024	-0.015942
2.751570	0.928105	0.643900	1.018625	0.250000	0.365730	-0.003508
2.761338	0.928105	0.643900	1.018625	0.250000	0.365730	-0.003508
2.771072	0.928105	0.643900	1.018625	0.250000	0.365730	-0.003508
2.781071	0.928105	0.643900	1.018625	0.250000	0.365730	-0.003508
2.791109	0.928105	0.643900	1.018625	0.250000	0.365730	-0.003508
2.801147	0.940630	0.662152	0.968728	0.250000	0.646816	0.009939
2.811110	0.940630	0.662152	0.968728	0.250000	0.646816	0.009939
2.821059	0.940630	0.662152	0.968728	0.250000	0.646816	0.009939
2.831788	0.940630	0.662152	0.968728	0.250000	0.646816	0.009939
2.841371	0.940630	0.662152	0.968728	0.250000	0.646816	0.009939
2.851139	0.940630	0.662152	0.968728	0.250000	0.646816	0.009939
2.861094	0.956879	0.683327	0.924872	0.250000	0.940040	0.025670
2.871071	0.956879	0.683327	0.924872	0.250000	0.940040	0.025670
2.881138	0.956879	0.683327	0.924872	0.250000	0.940040	0.025670
2.891326	0.956879	0.683327	0.924872	0.250000	0.940040	0.025670
2.901186	0.956879	0.683327	0.924872	0.250000	0.940040	0.025670
2.911668	0.956879	0.683327	0.924872	0.250000	0.940040	0.025670
2.921646	0.956879	0.683327	0.924872	0.250000	0.940040	0.025670
2.931294	0.956879	0.683327	0.924872	0.250000	0.940040	0.025670
2.941087	0.956879	0.683327	0.924872	0.250000	0.940040	0.025670
2.951679	0.956879	0.683327	0.924872	0.250000	0.940040	0.025670
2.961281	0.956879	0.683327	0.924872	0.250000	0.940040	0.025670
2.971156	0.956879	0.683327	0.924872	0.250000	0.940040	0.025670
2.980967	0.965551	0.702517	0.912959	0.250000	1.079217	0.033100
2.991673	0.965551	0.702517	0.912959	0.250000	1.079217	0.033100
3.001529	0.965551	0.702517	0.912959	0.250000	1.079217	0.033100
3.011234	0.965551	0.702517	0.912959	0.250000	1.079217	0.033100
3.022028	0.965551	0.702517	0.912959	0.250000	1.079217	0.033100
3.031696	0.965551	0.702517	0.912959	0.250000	1.079217	0.033100
3.041464	0.965551	0.702517	0.912959	0.250000	1.079217	0.033100
3.051231	0.965551	0.702517	0.912959	0.250000	1.079217	0.033100
3.061981	0.965551	0.702517	0.912959	0.250000	1.079217	0.033100
3.071707	0.965551	0.702517	0.912959	0.250000	1.079217	0.033100
3.082097	0.982984	0.725926	0.936775	0.250000	1.218819	0.046524
3.091219	0.982984	0.725926	0.936775	0.250000	1.218819	0.046524
3.101082	0.982984	0.725926	0.936775	0.250000	1.218819	0.046524
3.111742	0.982984	0.725926	0.936775	0.250000	1.218819	0.046524
3.121673	0.982984	0.725926	0.936775	0.250000	1.218819	0.046524
3.131128	0.982984	0.725926	0.936775	0.250000	1.218819	0.046524
3.142009	0.982984	0.725926	0.936775	0.250000	1.218819	0.046524
3.151732	0.982984	0.725926	0.936775	0.250000	1.218819	0.046524
3.161515	0.996216	0.744569	0.978262	0.250000	1.242503	0.054024
3.171384	0.996216	0.744569	0.978262	0.250000	1.242503	0.054024
3.181070	0.996216	0.744569	0.978262	0.250000	1.242503	0.054024
3.191515	0.996216	0.744569	0.978262	0.250000	1.242503	0.054024
3.201483	0.996216	0.744569	0.978262	0.250000	1.242503	0.054024
3.211246	0.996216	0.744569	0.978262	0.250000	1.242503	0.054024
3.221033	0.996216	0.744569	0.978262	0.250000	1.242503	0.054024
3.231790	0.996216	0.744569	0.978262	0.250000	1.242503	0.054024
3.241874	0.996216	0.744569	0.978262	0.250000	1.242503	0.054024
3.251303	0.996216	0.744569	0.978262	0.250000	1.242503	0.054024
3.261141	0.996216	0.744569	0.978262	0.250000	1.242503	0.054024
3.271055	0.996216	0.744569	0.978262	0.250000	1.242503	0.054024
3.281054	1.013373	0.761245	1.033268	0.250000	1.280511	0.067430
3.291324	1.013373	0.761245	1.033268	0.250000	1.280511	0.067430
3.301141	1.013373	0.761245	1.033268	0.250000	1.280511	0.067430
3.311802	1.013373	0.761245	1.033268	0.250000	1.280511	0.067430
3.321680	1.013373	0.761245	1.033268	0.250000	1.280511	0.067430
3.331563	1.019994	0.774216	1.076197	0.250000	1.265623	0.072771
3.341118	1.019994	0.774216	1.076197	0.250000	1.265623	0.072771
3.351914	1.019994	0.774216	1.076197	0.250000	1.265623	0.072771
3.361139	1.019994	0.774216	1.076197	0.250000	1.265623	0.072771
3.371161	1.019994	0.774216	1.076197	0.250000	1.265623	0.072771
3.381096	1.019994	0.774216	1.076197	0.250000	1.265623	0.072771
3.393452	1.019994	0.774216	1.076197	0.250000	1.265623	0.072771
3.401113	1.019994	0.774216	1.076197	0.250000	1.265623	0.072771
3.411228	1.028199	0.790308	1.121513	0.250000	1.243630	0.077655
3.421185	1.028199	0.790308	1.121513	0.250000	1.243630	0.077655
3.431142	1.028199	0.790308	1.121513	0.250000	1.243630	0.077655
3.441082	1.028199	0.790308	1.121513	0.250000	1.243630	0.077655
3.451352	1.028199	0.790308	1.121513	0.250000	1.243630	0.077655
3.461138	1.035308	0.805416	1.158850	0.250000	1.228796	0.082628
3.471110	1.035308	0.805416	1.158850	0.250000	1.228796	0.082628
3.481075	1.035308	0.805416	1.158850	0.250000	1.228796	0.082628
3.491194	1.035308	0.805416	1.158850	0.250000	1.228796	0.082628
3.501132	1.035308	0.805416	1.158850	0.250000	1.228796	0.082628
3.511094	1.035308	0.805416	1.158850	0.250000	1.228796	0.082628
3.521760	1.033682	0.816677	1.202258	0.250000	1.153698	0.078563
3.531392	1.033682	0.816677	1.202258	0.250000	1.153698	0.078563
3.541157	1.033682	0.816677	1.202258	0.250000	1.153698	0.078563
3.551942	1.033682	0.816677	1.202258	0.250000	1.153698	0.078563
3.561661	1.033682	0.816677	1.202258	0.250000	1.153698	0.078563
3.571402	1.033682	0.816677	1.202258	0.250000	1.153698	0.078563
3.581176	1.033682	0.816677	1.202258	0.250000	1.153698	0.078563
3.591060	1.039036	0.830782	1.249120	0.250000	1.105188	0.079284
3.601092	1.039036	0.830782	1.249120	0.250000	1.105188	0.079284
3.611154	1.039036	0.830782	1.249120	0.250000	1.105188	0.079284
3.621177	1.039036	0.830782	1.249120	0.250000	1.105188	0.079284
3.631969	1.039036	0.830782	1.249120	0.250000	1.105188	0.079284
3.641693	1.039036	0.830782	1.249120	0.250000	1.105188	0.079284
3.651446	1.039036	0.830782	1.249120	0.250000	1.105188	0.079284
3.661180	1.039036	0.830782	1.249120	0.250000	1.105188	0.079284
3.671945	1.039036	0.830782	1.249120	0.250000	1.105188	0.079284
3.681733	1.039036	0.830782	1.249120	0.250000	1.105188	0.079284
3.691468	1.039036	0.830782	1.249120	0.250000	1.105188	0.079284
3.701154	1.043624	0.847577	1.304977	0.250000	1.036705	0.078459
3.711094	1.043624	0.847577	1.304977	0.250000	1.036705	0.078459
3.721604	1.043624	0.847577	1.304977	0.250000	1.036705	0.078459
3.731266	1.043624	0.847577	1.304977	0.250000	1.036705	0.078459
3.741210	1.043624	0.847577	1.304977	0.250000	1.036705	0.078459
3.751093	1.043624	0.847577	1.304977	0.250000	1.036705	0.078459
3.761102	1.043624	0.847577	1.304977	0.250000	1.036705	0.078459
3.771048	1.056713	0.869752	1.361296	0.250000	1.016374	0.085975
3.781248	1.056713	0.869752	1.361296	0.250000	1.016374	0.085975
3.791033	1.056713	0.869752	1.361296	0.250000	1.016374	0.085975
3.802819	1.056713	0.869752	1.361296	0.250000	1.016374	0.085975
3.811578	1.056713	0.869752	1.361296	0.250000	1.016374	0.085975
3.821334	1.059090	0.886255	1.408169	0.250000	0.946139	0.083128
3.832107	1.059090	0.886255	1.408169	0.250000	0.946139	0.083128
3.841840	1.059090	0.886255	1.408169	0.250000	0.946139	0.083128
3.851178	1.059090	0.886255	1.408169	0.250000	0.946139	0.083128
3.861315	1.059090	0.886255	1.408169	0.250000	0.946139	0.083128
3.871037	1.059090	0.886255	1.408169	0.250000	0.946139	0.083128
3.881795	1.059090	0.886255	1.408169	0.250000	0.946139	0.083128
3.890972	1.061883	0.903779	1.462592	0.250000	0.860670	0.079095
3.901152	1.061883	0.903779	1.462592	0.250000	0.860670	0.079095
3.911092	1.061883	0.903779	1.462592	0.250000	0.860670	0.079095
3.921156	1.061883	0.903779	1.462592	0.250000	0.860670	0.079095
3.931555	1.061883	0.903779	1.462592	0.250000	0.860670	0.079095
3.941318	1.061883	0.903779	1.462592	0.250000	0.860670	0.079095
3.951109	1.061883	0.903779	1.462592	0.250000	0.860670	0.079095
3.961817	1.061883	0.903779	1.462592	0.250000	0.860670	0.079095
3.971569	1.061883	0.903779	1.462592	0.250000	0.860670	0.079095
3.982341	1.061883	0.903779	1.462592	0.250000	0.860670	0.079095
3.991159	1.061883	0.903779	1.462592	0.250000	0.860670	0.079095
4.001879	1.061883	0.903779	1.462592	0.250000	0.860670	0.079095
4.011612	1.061883	0.903779	1.462592	0.250000	0.860670	0.079095
4.021403	1.060456	0.918187	1.506354	0.250000	0.764103	0.071807
4.031116	1.060456	0.918187	1.506354	0.250000	0.764103	0.071807
4.041864	1.060456	0.918187	1.506354	0.250000	0.764103	0.071807
4.051581	1.060456	0.918187	1.506354	0.250000	0.764103	0.071807
4.061337	1.060456	0.918187	1.506354	0.250000	0.764103	0.071807
4.071116	1.060360	0.936786	1.653752	0.250000	0.451782	0.051190
4.081896	1.060360	0.936786	1.653752	0.250000	0.451782	0.051190
4.091667	1.060360	0.936786	1.653752	0.250000	0.451782	0.051190
4.103181	1.060360	0.936786	1.653752	0.250000	0.451782	0.051190
4.111160	1.060360	0.936786	1.653752	0.250000	0.451782	0.051190
4.121163	1.060360	0.936786	1.653752	0.250000	0.451782	0.051190
4.131130	1.060360	0.936786	1.653752	0.250000	0.451782	0.051190
4.141389	1.059428	0.955321	1.703222	0.250000	0.320534	0.042802
4.151191	1.059428	0.955321	1.703222	0.250000	0.320534	0.042802
4.162046	1.059428	0.955321	1.703222	0.250000	0.320534	0.042802
4.171115	1.059428	0.955321	1.703222	0.250000	0.320534	0.042802
4.181146	1.059428	0.955321	1.703222	0.250000	0.320534	0.042802
4.191161	1.059428	0.955321	1.703222	0.250000	0.320534	0.042802
4.201177	1.059428	0.955321	1.703222	0.250000	0.320534	0.042802
4.211108	1.052615	0.974850	1.755524	0.250000	0.114351	0.028149
4.221186	1.052615	0.974850	1.755524	0.250000	0.114351	0.028149
4.231128	1.052615	0.974850	1.755524	0.250000	0.114351	0.028149
4.241100	1.052615	0.974850	1.755524	0.250000	0.114351	0.028149
4.251253	1.052615	0.974850	1.755524	0.250000	0.114351	0.028149
4.261141	1.052902	0.993917	1.706089	0.250000	0.230163	0.034939
4.271149	1.052902	0.993917	1.706089	0.250000	0.230163	0.034939
4.281034	1.052902	0.993917	1.706089	0.250000	0.230163	0.034939
4.292476	1.052902	0.993917	1.706089	0.250000	0.230163	0.034939
4.301126	1.052902	0.993917	1.706089	0.250000	0.230163	0.034939
4.311142	1.052902	0.993917	1.706089	0.250000	0.230163	0.034939
4.321129	1.052902	0.993917	1.706089	0.250000	0.230163	0.034939
4.331816	1.049832	1.006686	1.744254	0.250000	0.097929	0.026303
4.341803	1.049832	1.006686	1.744254	0.250000	0.097929	0.026303
4.351304	1.049832	1.006686	1.744254	0.250000	0.097929	0.026303
4.361100	1.049832	1.006686	1.744254	0.250000	0.097929	0.026303
4.371098	1.049832	1.006686	1.744254	0.250000	0.097929	0.026303
4.381096	1.049832	1.006686	1.744254	0.250000	0.097929	0.026303
4.391283	1.049832	1.006686	1.744254	0.250000	0.097929	0.026303
4.402059	1.049832	1.006686	1.744254	0.250000	0.097929	0.026303
4.411797	1.049832	1.006686	1.744254	0.250000	0.097929	0.026303
4.421147	1.049832	1.006686	1.744254	0.250000	0.097929	0.026303
4.431372	1.049832	1.006686	1.744254	0.250000	0.097929	0.026303
4.441064	1.049832	1.006686	1.744254	0.250000	0.097929	0.026303
4.451370	1.051266	1.018132	1.794494	0.250000	-0.023629	0.020140
4.461562	1.051266	1.018132	1.794494	0.250000	-0.023629	0.020140
4.471308	1.051266	1.018132	1.794494	0.250000	-0.023629	0.020140
4.481066	1.051266	1.018132	1.794494	0.250000	-0.023629	0.020140
4.491835	1.051266	1.018132	1.794494	0.250000	-0.023629	0.020140
4.501809	1.047074	1.035067	1.832509	0.250000	-0.177043	0.010490
4.511408	1.047074	1.035067	1.832509	0.250000	-0.177043	0.010490
4.521112	1.047074	1.035067	1.832509	0.250000	-0.177043	0.010490
4.531836	1.047074	1.035067	1.832509	0.250000	-0.177043	0.010490
4.541634	1.047074	1.035067	1.832509	0.250000	-0.177043	0.010490
4.551361	1.047074	1.035067	1.832509	0.250000	-0.177043	0.010490
4.561275	1.047074	1.035067	1.832509	0.250000	-0.177043	0.010490
4.571139	1.047074	1.035067	1.832509	0.250000	-0.177043	0.010490
4.581110	1.047074	1.035067	1.832509	0.250000	-0.177043	0.010490
4.591336	1.041913	1.052948	1.855072	0.250000	-0.298449	0.002477
4.601072	1.041913	1.052948	1.855072	0.250000	-0.298449	0.002477
4.611603	1.041913	1.052948	1.855072	0.250000	-0.298449	0.002477
4.621865	1.041913	1.052948	1.855072	0.250000	-0.298449	0.002477
4.631212	1.038009	1.072822	1.862719	0.250000	-0.374283	-0.002885
4.641119	1.038009	1.072822	1.862719	0.250000	-0.374283	-0.002885
4.651103	1.038009	1.072822	1.862719	0.250000	-0.374283	-0.002885
4.661207	1.038009	1.072822	1.862719	0.250000	-0.374283	-0.002885
4.671156	1.038009	1.072822	1.862719	0.250000	-0.374283	-0.002885
4.681129	1.038009	1.072822	1.862719	0.250000	-0.374283	-0.002885
4.692452	1.038009	1.072822	1.862719	0.250000	-0.374283	-0.002885
4.701648	1.038009	1.072822	1.862719	0.250000	-0.374283	-0.002885
4.711409	1.038009	1.072822	1.862719	0.250000	-0.374283	-0.002885
4.721343	1.038009	1.072822	1.862719	0.250000	-0.374283	-0.002885
4.731121	1.038009	1.072822	1.862719	0.250000	-0.374283	-0.002885
4.741110	1.038009	1.072822	1.862719	0.250000	-0.374283	-0.002885
4.751431	1.038009	1.072822	1.862719	0.250000	-0.374283	-0.002885
4.761156	1.031545	1.094265	1.876636	0.250000	-0.498410	-0.012314
4.771977	1.031545	1.094265	1.876636	0.250000	-0.498410	-0.012314
4.781630	1.031545	1.094265	1.876636	0.250000	-0.498410	-0.012314
4.791161	1.031545	1.094265	1.876636	0.250000	-0.498410	-0.012314
4.801173	1.031545	1.094265	1.876636	0.250000	-0.498410	-0.012314
4.811932	1.031545	1.094265	1.876636	0.250000	-0.498410	-0.012314
4.821471	1.031545	1.094265	1.876636	0.250000	-0.498410	-0.012314
4.831266	1.024709	1.119429	1.883638	0.250000	-0.579697	-0.019797
4.841222	1.024709	1.119429	1.883638	0.250000	-0.579697	-0.019797
4.851109	1.024709	1.119429	1.883638	0.250000	-0.579697	-0.019797
4.861115	1.024709	1.119429	1.883638	0.250000	-0.579697	-0.019797
4.871138	1.024709	1.119429	1.883638	0.250000	-0.579697	-0.019797
4.881127	1.024709	1.119429	1.883638	0.250000	-0.579697	-0.019797
4.891104	1.014088	1.135832	1.867610	0.250000	-0.646711	-0.028975
4.901375	1.014088	1.135832	1.867610	0.250000	-0.646711	-0.028975
4.911187	1.014088	1.135832	1.867610	0.250000	-0.646711	-0.028975
4.921412	1.014088	1.135832	1.867610	0.250000	-0.646711	-0.028975
4.931239	1.014088	1.135832	1.867610	0.250000	-0.646711	-0.028975
4.941774	1.014088	1.135832	1.867610	0.250000	-0.646711	-0.028975
4.951509	1.014088	1.135832	1.867610	0.250000	-0.646711	-0.028975
4.961254	1.014088	1.135832	1.867610	0.250000	-0.646711	-0.028975
4.971976	1.014088	1.135832	1.867610	0.250000	-0.646711	-0.028975
4.981762	1.014088	1.135832	1.867610	0.250000	-0.646711	-0.028975
4.991549	1.014088	1.135832	1.867610	0.250000	-0.646711	-0.028975
5.001295	1.014088	1.135832	1.867610	0.250000	-0.646711	-0.028975
5.011027	1.014088	1.135832	1.867610	0.250000	-0.646711	-0.028975
5.021784	1.006334	1.154324	1.828013	0.250000	-0.610350	-0.032317
5.031546	1.006334	1.154324	1.828013	0.250000	-0.610350	-0.032317
5.041272	1.006334	1.154324	1.828013	0.250000	-0.610350	-0.032317
5.051184	1.006334	1.154324	1.828013	0.250000	-0.610350	-0.032317
5.061731	1.006334	1.154324	1.828013	0.250000	-0.610350	-0.032317
5.071076	1.006334	1.154324	1.828013	0.250000	-0.610350	-0.032317
5.081266	1.000761	1.169999	1.900298	0.250000	-0.790784	-0.046154
5.091082	1.000761	1.169999	1.900298	0.250000	-0.790784	-0.046154
5.101854	1.000761	1.169999	1.900298	0.250000	-0.790784	-0.046154
5.111574	1.000761	1.169999	1.900298	0.250000	-0.790784	-0.046154
5.121378	1.000761	1.169999	1.900298	0.250000	-0.790784	-0.046154
5.131063	1.000761	1.169999	1.900298	0.250000	-0.790784	-0.046154
5.141099	1.000761	1.169999	1.900298	0.250000	-0.790784	-0.046154
5.151106	0.998718	1.192817	1.856949	0.250000	-0.643408	-0.041562
5.161301	0.998718	1.192817	1.856949	0.250000	-0.643408	-0.041562
5.172076	0.998718	1.192817	1.856949	0.250000	-0.643408	-0.041562
5.181868	0.998718	1.192817	1.856949	0.250000	-0.643408	-0.041562
5.191588	0.998718	1.192817	1.856949	0.250000	-0.643408	-0.041562
5.201346	0.993925	1.204994	1.937627	0.250000	-0.810272	-0.054573
5.211128	0.993925	1.204994	1.937627	0.250000	-0.810272	-0.054573
5.221127	0.993925	1.204994	1.937627	0.250000	-0.810272	-0.054573
5.231102	0.993925	1.204994	1.937627	0.250000	-0.810272	-0.054573
5.241186	0.993925	1.204994	1.937627	0.250000	-0.810272	-0.054573
5.251099	0.993925	1.204994	1.937627	0.250000	-0.810272	-0.054573
5.261087	0.993925	1.204994	1.937627	0.250000	-0.810272	-0.054573
5.271131	0.989997	1.216517	1.902611	0.250000	-0.705515	-0.053184
5.281167	0.989997	1.216517	1.902611	0.250000	-0.705515	-0.053184
5.291150	0.989997	1.216517	1.902611	0.250000	-0.705515	-0.053184
5.301098	0.989997	1.216517	1.902611	0.250000	-0.705515	-0.053184
5.311100	0.989997	1.216517	1.902611	0.250000	-0.705515	-0.053184
5.321510	0.989997	1.216517	1.902611	0.250000	-0.705515	-0.053184
5.331213	0.989495	1.232997	1.865322	0.250000	-0.531672	-0.045210
5.341902	0.989495	1.232997	1.865322	0.250000	-0.531672	-0.045210
5.351650	0.989495	1.232997	1.865322	0.250000	-0.531672	-0.045210
5.361410	0.989495	1.232997	1.865322	0.250000	-0.531672	-0.045210
5.371118	0.989495	1.232997	1.865322	0.250000	-0.531672	-0.045210
5.381080	0.989495	1.232997	1.865322	0.250000	-0.531672	-0.045210
5.391743	0.981914	1.253710	1.785604	0.250000	-0.227767	-0.034412
5.401399	0.981914	1.253710	1.785604	0.250000	-0.227767	-0.034412
5.411139	0.981914	1.253710	1.785604	0.250000	-0.227767	-0.034412
5.421129	0.981914	1.253710	1.785604	0.250000	-0.227767	-0.034412
5.431668	0.981914	1.253710	1.785604	0.250000	-0.227767	-0.034412
5.441404	0.981914	1.253710	1.785604	0.250000	-0.227767	-0.034412
5.451192	0.981914	1.253710	1.785604	0.250000	-0.227767	-0.034412
5.461752	0.981914	1.253710	1.785604	0.250000	-0.227767	-0.034412
5.471060	0.981914	1.253710	1.785604	0.250000	-0.227767	-0.034412
5.481653	0.981914	1.253710	1.785604	0.250000	-0.227767	-0.034412
5.491212	0.981914	1.253710	1.785604	0.250000	-0.227767	-0.034412
5.501129	0.983074	1.275651	1.630765	0.250000	0.331699	-0.004277
5.511764	0.983074	1.275651	1.630765	0.250000	0.331699	-0.004277
5.521631	0.983074	1.275651	1.630765	0.250000	0.331699	-0.004277
5.531204	0.983074	1.275651	1.630765	0.250000	0.331699	-0.004277
5.541986	0.983074	1.275651	1.630765	0.250000	0.331699	-0.004277
5.551709	0.983074	1.275651	1.630765	0.250000	0.331699	-0.004277
5.561511	0.983074	1.275651	1.630765	0.250000	0.331699	-0.004277
5.571512	0.983074	1.275651	1.630765	0.250000	0.331699	-0.004277
5.582266	0.982188	1.289290	1.693392	0.250000	0.302485	-0.007041
5.591801	0.982188	1.289290	1.693392	0.250000	0.302485	-0.007041
5.601495	0.982188	1.289290	1.693392	0.250000	0.302485	-0.007041
5.611234	0.982188	1.289290	1.693392	0.250000	0.302485	-0.007041
5.622220	0.982188	1.289290	1.693392	0.250000	0.302485	-0.007041
5.631749	0.992129	1.306150	1.572806	0.250000	0.777986	0.021617
5.641480	0.992129	1.306150	1.572806	0.250000	0.777986	0.021617
5.651164	0.992129	1.306150	1.572806	0.250000	0.777986	0.021617
5.661022	0.992129	1.306150	1.572806	0.250000	0.777986	0.021617
5.671757	0.992129	1.306150	1.572806	0.250000	0.777986	0.021617
5.681396	0.992129	1.306150	1.572806	0.250000	0.777986	0.021617
5.691172	0.992129	1.306150	1.572806	0.250000	0.777986	0.021617
5.701026	0.993741	1.321949	1.538387	0.250000	0.950509	0.031188
5.711787	0.993741	1.321949	1.538387	0.250000	0.950509	0.031188
5.722558	0.993741	1.321949	1.538387	0.250000	0.950509	0.031188
5.731311	0.993741	1.321949	1.538387	0.250000	0.950509	0.031188
5.741083	0.993741	1.321949	1.538387	0.250000	0.950509	0.031188
5.751805	0.993741	1.321949	1.538387	0.250000	0.950509	0.031188
5.761254	0.995818	1.340326	1.418880	0.250000	1.238191	0.046543
5.771167	0.995818	1.340326	1.418880	0.250000	1.238191	0.046543
5.781030	0.995818	1.340326	1.418880	0.250000	1.238191	0.046543
5.791341	0.995818	1.340326	1.418880	0.250000	1.238191	0.046543
5.801208	0.995818	1.340326	1.418880	0.250000	1.238191	0.046543
5.811363	0.995818	1.340326	1.418880	0.250000	1.238191	0.046543
5.821091	0.998215	1.358721	1.424964	0.250000	1.345615	0.053659
5.831321	0.998215	1.358721	1.424964	0.250000	1.345615	0.053659
5.841204	0.998215	1.358721	1.424964	0.250000	1.345615	0.053659
5.851337	0.998215	1.358721	1.424964	0.250000	1.345615	0.053659
5.861165	0.998215	1.358721	1.424964	0.250000	1.345615	0.053659
5.871457	0.998215	1.358721	1.424964	0.250000	1.345615	0.053659
5.881612	0.998215	1.358721	1.424964	0.250000	1.345615	0.053659
5.891362	0.998215	1.358721	1.424964	0.250000	1.345615	0.053659
5.901248	0.998215	1.358721	1.424964	0.250000	1.345615	0.053659
5.911843	0.998215	1.358721	1.424964	0.250000	1.345615	0.053659
5.922000	0.998215	1.358721	1.424964	0.250000	1.345615	0.053659
5.931146	0.998215	1.358721	1.424964	0.250000	1.345615	0.053659
5.941111	0.997733	1.370107	1.456047	0.250000	1.356965	0.054698
5.951874	0.997733	1.370107	1.456047	0.250000	1.356965	0.054698
5.964082	0.997733	1.370107	1.456047	0.250000	1.356965	0.054698
5.971293	0.997733	1.370107	1.456047	0.250000	1.356965	0.054698
5.981126	0.997733	1.370107	1.456047	0.250000	1.356965	0.054698
5.991230	0.997733	1.370107	1.456047	0.250000	1.356965	0.054698
6.002254	0.997892	1.384571	1.495688	0.250000	1.402149	0.058958
6.011243	0.997892	1.384571	1.495688	0.250000	1.402149	0.058958
6.021193	0.997892	1.384571	1.495688	0.250000	1.402149	0.058958
6.031958	0.997892	1.384571	1.495688	0.250000	1.402149	0.058958
6.041664	0.997892	1.384571	1.495688	0.250000	1.402149	0.058958
6.051085	0.997892	1.384571	1.495688	0.250000	1.402149	0.058958
6.061157	0.997892	1.384571	1.495688	0.250000	1.402149	0.058958
6.071801	0.997474	1.399301	1.546288	0.250000	1.430983	0.062860
6.081127	0.997474	1.399301	1.546288	0.250000	1.430983	0.062860
6.091556	0.997474	1.399301	1.546288	0.250000	1.430983	0.062860
6.101181	0.997474	1.399301	1.546288	0.250000	1.430983	0.062860
6.111077	0.997474	1.399301	1.546288	0.250000	1.430983	0.062860
6.121113	0.997474	1.399301	1.546288	0.250000	1.430983	0.062860
6.131445	0.997474	1.399301	1.546288	0.250000	1.430983	0.062860
6.141189	0.998984	1.419783	1.579928	0.250000	1.505179	0.071123
6.151944	0.998984	1.419783	1.579928	0.250000	1.505179	0.071123
6.161708	0.998984	1.419783	1.579928	0.250000	1.505179	0.071123
6.171450	0.998984	1.419783	1.579928	0.250000	1.505179	0.071123
6.181198	0.998984	1.419783	1.579928	0.250000	1.505179	0.071123
6.192024	0.998984	1.419783	1.579928	0.250000	1.505179	0.071123
6.201752	0.998984	1.419783	1.579928	0.250000	1.505179	0.071123
6.211450	0.998984	1.419783	1.579928	0.250000	1.505179	0.071123
6.221275	0.998124	1.431008	1.626661	0.250000	1.508466	0.073930
6.231968	0.998124	1.431008	1.626661	0.250000	1.508466	0.073930
6.241755	0.998124	1.431008	1.626661	0.250000	1.508466	0.073930
6.251471	0.998124	1.431008	1.626661	0.250000	1.508466	0.073930
6.261261	0.998124	1.431008	1.626661	0.250000	1.508466	0.073930
6.270990	0.998124	1.431008	1.626661	0.250000	1.508466	0.073930
6.281033	0.998124	1.431008	1.626661	0.250000	1.508466	0.073930
6.291526	0.998124	1.431008	1.626661	0.250000	1.508466	0.073930
6.301256	0.998124	1.431008	1.626661	0.250000	1.508466	0.073930
6.311110	0.998124	1.431008	1.626661	0.250000	1.508466	0.073930
6.321948	0.998124	1.431008	1.626661	0.250000	1.508466	0.073930
6.331568	0.995851	1.450261	1.687610	0.250000	1.526744	0.079218
6.341280	0.995851	1.450261	1.687610	0.250000	1.526744	0.079218
6.351172	0.995851	1.450261	1.687610	0.250000	1.526744	0.079218
6.361838	0.995851	1.450261	1.687610	0.250000	1.526744	0.079218
6.371556	0.995851	1.450261	1.687610	0.250000	1.526744	0.079218
6.381274	0.995851	1.450261	1.687610	0.250000	1.526744	0.079218
6.391074	0.995851	1.450261	1.687610	0.250000	1.526744	0.079218
6.401804	0.995851	1.450261	1.687610	0.250000	1.526744	0.079218
6.411583	0.995851	1.450261	1.687610	0.250000	1.526744	0.079218
6.421484	0.995851	1.450261	1.687610	0.250000	1.526744	0.079218
6.431067	0.995851	1.450261	1.687610	0.250000	1.526744	0.079218
6.441808	0.994476	1.480321	1.762908	0.250000	1.548513	0.088286
