t	x(t)	y(t)	theta(t)	v(t)	gamma(t)	efa
0.001700	0.702809	0.177486	1.624091	0.250000	-0.539461	-0.007028
0.003027	0.704517	0.178017	1.619236	0.250000	-0.539461	-0.007028
0.012293	0.704517	0.178017	1.619236	0.250000	-0.506109	-0.004641
0.022259	0.704517	0.178017	1.619236	0.250000	-0.506109	-0.004641
0.032326	0.704517	0.178017	1.619236	0.250000	-0.506109	-0.004641
0.042164	0.704517	0.178017	1.619236	0.250000	-0.506109	-0.004641
0.052239	0.704517	0.178017	1.619236	0.250000	-0.506109	-0.004641
0.062230	0.704517	0.178017	1.619236	0.250000	-0.506109	-0.004641
0.072336	0.704517	0.178017	1.619236	0.250000	-0.506109	-0.004641
0.082221	0.704517	0.178017	1.619236	0.250000	-0.506109	-0.004641
0.092281	0.704517	0.178017	1.619236	0.250000	-0.506109	-0.004641
0.102278	0.704517	0.178017	1.619236	0.250000	-0.506109	-0.004641
0.112335	0.704517	0.178017	1.619236	0.250000	-0.506109	-0.004641
0.122193	0.704517	0.178017	1.619236	0.250000	-0.506109	-0.004641
0.132822	0.704517	0.178017	1.619236	0.250000	-0.506109	-0.004641
0.142185	0.704517	0.178017	1.619236	0.250000	-0.506109	-0.004641
0.152322	0.704517	0.178017	1.619236	0.250000	-0.506109	-0.004641
0.162209	0.704517	0.178017	1.619236	0.250000	-0.506109	-0.004641
0.172192	0.704517	0.178017	1.619236	0.250000	-0.506109	-0.004641
0.182286	0.706226	0.178549	1.614380	0.250000	-0.506005	-0.003661
0.192834	0.706226	0.178549	1.614380	0.250000	-0.506005	-0.003661
0.203181	0.706226	0.178549	1.614380	0.250000	-0.506005	-0.003661
0.214814	0.706226	0.178549	1.614380	0.250000	-0.506005	-0.003661
0.222278	0.706226	0.178549	1.614380	0.250000	-0.506005	-0.003661
0.232392	0.706226	0.178549	1.614380	0.250000	-0.506005	-0.003661
0.242090	0.706248	0.180867	1.614514	0.250000	-0.504876	-0.003555
0.252912	0.706248	0.180867	1.614514	0.250000	-0.504876	-0.003555
0.262271	0.706248	0.180867	1.614514	0.250000	-0.504876	-0.003555
0.272384	0.706248	0.180867	1.614514	0.250000	-0.504876	-0.003555
0.282177	0.706248	0.180867	1.614514	0.250000	-0.504876	-0.003555
0.292204	0.706248	0.180867	1.614514	0.250000	-0.504876	-0.003555
0.302627	0.706248	0.180867	1.614514	0.250000	-0.504876	-0.003555
0.312428	0.704149	0.185886	1.608722	0.250000	-0.545553	-0.006124
0.322215	0.704149	0.185886	1.608722	0.250000	-0.545553	-0.006124
0.332933	0.704149	0.185886	1.608722	0.250000	-0.545553	-0.006124
0.342708	0.704149	0.185886	1.608722	0.250000	-0.545553	-0.006124
0.352650	0.704149	0.185886	1.608722	0.250000	-0.545553	-0.006124
0.362218	0.704149	0.185886	1.608722	0.250000	-0.545553	-0.006124
0.372959	0.704149	0.185886	1.608722	0.250000	-0.545553	-0.006124
0.382207	0.704149	0.185886	1.608722	0.250000	-0.545553	-0.006124
0.392485	0.704149	0.185886	1.608722	0.250000	-0.545553	-0.006124
0.402208	0.704149	0.185886	1.608722	0.250000	-0.545553	-0.006124
0.412782	0.704149	0.185886	1.608722	0.250000	-0.545553	-0.006124
0.422695	0.704149	0.185886	1.608722	0.250000	-0.545553	-0.006124
0.432442	0.704950	0.198177	1.573596	0.250000	-0.570982	-0.006513
0.442192	0.704950	0.198177	1.573596	0.250000	-0.570982	-0.006513
0.452967	0.704950	0.198177	1.573596	0.250000	-0.570982	-0.006513
0.462785	0.704950	0.198177	1.573596	0.250000	-0.570982	-0.006513
0.472484	0.704950	0.198177	1.573596	0.250000	-0.570982	-0.006513
0.482282	0.704950	0.198177	1.573596	0.250000	-0.570982	-0.006513
0.492182	0.705408	0.213457	1.526677	0.250000	-0.599580	-0.008215
0.502744	0.705408	0.213457	1.526677	0.250000	-0.599580	-0.008215
0.513905	0.705408	0.213457	1.526677	0.250000	-0.599580	-0.008215
0.522277	0.705408	0.213457	1.526677	0.250000	-0.599580	-0.008215
0.533008	0.705408	0.213457	1.526677	0.250000	-0.599580	-0.008215
0.542728	0.706810	0.230419	1.481794	0.250000	-0.620619	-0.010332
0.552519	0.706810	0.230419	1.481794	0.250000	-0.620619	-0.010332
0.562282	0.706810	0.230419	1.481794	0.250000	-0.620619	-0.010332
0.573012	0.706810	0.230419	1.481794	0.250000	-0.620619	-0.010332
0.582758	0.706810	0.230419	1.481794	0.250000	-0.620619	-0.010332
0.592548	0.706810	0.230419	1.481794	0.250000	-0.620619	-0.010332
0.602268	0.706810	0.230419	1.481794	0.250000	-0.620619	-0.010332
0.612204	0.706810	0.230419	1.481794	0.250000	-0.620619	-0.010332
0.622343	0.706810	0.230419	1.481794	0.250000	-0.620619	-0.010332
0.632588	0.706810	0.230419	1.481794	0.250000	-0.620619	-0.010332
0.643746	0.706810	0.230419	1.481794	0.250000	-0.620619	-0.010332
0.652220	0.706810	0.230419	1.481794	0.250000	-0.620619	-0.010332
0.662783	0.709168	0.248617	1.440525	0.250000	-0.661707	-0.014605
0.672247	0.709168	0.248617	1.440525	0.250000	-0.661707	-0.014605
0.682243	0.709168	0.248617	1.440525	0.250000	-0.661707	-0.014605
0.693067	0.709168	0.248617	1.440525	0.250000	-0.661707	-0.014605
0.702215	0.709168	0.248617	1.440525	0.250000	-0.661707	-0.014605
0.712607	0.709168	0.248617	1.440525	0.250000	-0.661707	-0.014605
0.722296	0.709168	0.248617	1.440525	0.250000	-0.661707	-0.014605
0.732259	0.709168	0.248617	1.440525	0.250000	-0.661707	-0.014605
0.742256	0.709168	0.248617	1.440525	0.250000	-0.661707	-0.014605
0.752325	0.709168	0.248617	1.440525	0.250000	-0.661707	-0.014605
0.762356	0.709168	0.248617	1.440525	0.250000	-0.661707	-0.014605
0.772100	0.714001	0.270638	1.388358	0.250000	-0.644144	-0.016223
0.782955	0.714001	0.270638	1.388358	0.250000	-0.644144	-0.016223
0.792603	0.714001	0.270638	1.388358	0.250000	-0.644144	-0.016223
0.802347	0.714001	0.270638	1.388358	0.250000	-0.644144	-0.016223
0.812099	0.714001	0.270638	1.388358	0.250000	-0.644144	-0.016223
0.823010	0.714001	0.270638	1.388358	0.250000	-0.644144	-0.016223
0.833312	0.721599	0.293934	1.321983	0.250000	-0.596505	-0.017006
0.842513	0.721599	0.293934	1.321983	0.250000	-0.596505	-0.017006
0.852156	0.721599	0.293934	1.321983	0.250000	-0.596505	-0.017006
0.862233	0.721599	0.293934	1.321983	0.250000	-0.596505	-0.017006
0.872225	0.721599	0.293934	1.321983	0.250000	-0.596505	-0.017006
0.882284	0.721599	0.293934	1.321983	0.250000	-0.596505	-0.017006
0.892245	0.721599	0.293934	1.321983	0.250000	-0.596505	-0.017006
0.902255	0.726554	0.313577	1.257324	0.250000	-0.533873	-0.016904
0.913906	0.726554	0.313577	1.257324	0.250000	-0.533873	-0.016904
0.922575	0.726554	0.313577	1.257324	0.250000	-0.533873	-0.016904
0.932197	0.726554	0.313577	1.257324	0.250000	-0.533873	-0.016904
0.942204	0.726554	0.313577	1.257324	0.250000	-0.533873	-0.016904
0.952667	0.726554	0.313577	1.257324	0.250000	-0.533873	-0.016904
0.962269	0.726554	0.313577	1.257324	0.250000	-0.533873	-0.016904
0.973420	0.726554	0.313577	1.257324	0.250000	-0.533873	-0.016904
0.982244	0.726554	0.313577	1.257324	0.250000	-0.533873	-0.016904
0.993176	0.726554	0.313577	1.257324	0.250000	-0.533873	-0.016904
1.002250	0.726554	0.313577	1.257324	0.250000	-0.533873	-0.016904
1.012388	0.726554	0.313577	1.257324	0.250000	-0.533873	-0.016904
1.022926	0.726554	0.313577	1.257324	0.250000	-0.533873	-0.016904
1.032735	0.726554	0.313577	1.257324	0.250000	-0.533873	-0.016904
1.042598	0.732894	0.330988	1.208992	0.250000	-0.473040	-0.015818
1.052286	0.732894	0.330988	1.208992	0.250000	-0.473040	-0.015818
1.062241	0.732894	0.330988	1.208992	0.250000	-0.473040	-0.015818
1.072661	0.732894	0.330988	1.208992	0.250000	-0.473040	-0.015818
1.082460	0.732894	0.330988	1.208992	0.250000	-0.473040	-0.015818
1.092282	0.732894	0.330988	1.208992	0.250000	-0.473040	-0.015818
1.102245	0.732894	0.330988	1.208992	0.250000	-0.473040	-0.015818
1.112723	0.736352	0.346720	1.165018	0.250000	-0.444386	-0.017349
1.122558	0.736352	0.346720	1.165018	0.250000	-0.444386	-0.017349
1.133424	0.736352	0.346720	1.165018	0.250000	-0.444386	-0.017349
1.143219	0.736352	0.346720	1.165018	0.250000	-0.444386	-0.017349
1.152310	0.736352	0.346720	1.165018	0.250000	-0.444386	-0.017349
1.162621	0.736352	0.346720	1.165018	0.250000	-0.444386	-0.017349
1.172257	0.736352	0.346720	1.165018	0.250000	-0.444386	-0.017349
1.182233	0.736352	0.346720	1.165018	0.250000	-0.444386	-0.017349
1.192724	0.736352	0.346720	1.165018	0.250000	-0.444386	-0.017349
1.202354	0.745457	0.364912	1.118799	0.250000	-0.364861	-0.014987
1.213192	0.745457	0.364912	1.118799	0.250000	-0.364861	-0.014987
1.222323	0.745457	0.364912	1.118799	0.250000	-0.364861	-0.014987
1.232720	0.745457	0.364912	1.118799	0.250000	-0.364861	-0.014987
1.242603	0.745457	0.364912	1.118799	0.250000	-0.364861	-0.014987
1.252347	0.745457	0.364912	1.118799	0.250000	-0.364861	-0.014987
1.262189	0.745457	0.364912	1.118799	0.250000	-0.364861	-0.014987
1.272765	0.745457	0.364912	1.118799	0.250000	-0.364861	-0.014987
1.282571	0.753500	0.379465	1.067290	0.250000	-0.251119	-0.010336
1.292333	0.753500	0.379465	1.067290	0.250000	-0.251119	-0.010336
1.303052	0.753500	0.379465	1.067290	0.250000	-0.251119	-0.010336
1.312306	0.753500	0.379465	1.067290	0.250000	-0.251119	-0.010336
1.322596	0.753500	0.379465	1.067290	0.250000	-0.251119	-0.010336
1.332343	0.753500	0.379465	1.067290	0.250000	-0.251119	-0.010336
1.343113	0.753500	0.379465	1.067290	0.250000	-0.251119	-0.010336
1.352806	0.753500	0.379465	1.067290	0.250000	-0.251119	-0.010336
1.362183	0.764242	0.395750	1.014922	0.250000	-0.113608	-0.003879
1.372362	0.764242	0.395750	1.014922	0.250000	-0.113608	-0.003879
1.382226	0.764242	0.395750	1.014922	0.250000	-0.113608	-0.003879
1.392852	0.764242	0.395750	1.014922	0.250000	-0.113608	-0.003879
1.402584	0.764242	0.395750	1.014922	0.250000	-0.113608	-0.003879
1.412259	0.764242	0.395750	1.014922	0.250000	-0.113608	-0.003879
1.422235	0.764242	0.395750	1.014922	0.250000	-0.113608	-0.003879
1.432841	0.764242	0.395750	1.014922	0.250000	-0.113608	-0.003879
1.443630	0.774434	0.409581	0.975526	0.250000	-0.011430	0.001648
1.452261	0.774434	0.409581	0.975526	0.250000	-0.011430	0.001648
1.462214	0.774434	0.409581	0.975526	0.250000	-0.011430	0.001648
1.472283	0.774434	0.409581	0.975526	0.250000	-0.011430	0.001648
1.483977	0.774434	0.409581	0.975526	0.250000	-0.011430	0.001648
1.492328	0.774434	0.409581	0.975526	0.250000	-0.011430	0.001648
1.502311	0.774434	0.409581	0.975526	0.250000	-0.011430	0.001648
1.512269	0.774434	0.409581	0.975526	0.250000	-0.011430	0.001648
1.522715	0.774434	0.409581	0.975526	0.250000	-0.011430	0.001648
1.532474	0.774434	0.409581	0.975526	0.250000	-0.011430	0.001648
1.542275	0.774434	0.409581	0.975526	0.250000	-0.011430	0.001648
1.552678	0.774434	0.409581	0.975526	0.250000	-0.011430	0.001648
1.562732	0.774434	0.409581	0.975526	0.250000	-0.011430	0.001648
1.572506	0.774434	0.409581	0.975526	0.250000	-0.011430	0.001648
1.582207	0.791765	0.430318	0.919279	0.250000	0.122426	0.010846
1.592943	0.791765	0.430318	0.919279	0.250000	0.122426	0.010846
1.602180	0.791765	0.430318	0.919279	0.250000	0.122426	0.010846
1.612334	0.791765	0.430318	0.919279	0.250000	0.122426	0.010846
1.622201	0.791765	0.430318	0.919279	0.250000	0.122426	0.010846
1.632971	0.791765	0.430318	0.919279	0.250000	0.122426	0.010846
1.642492	0.791765	0.430318	0.919279	0.250000	0.122426	0.010846
1.652226	0.791765	0.430318	0.919279	0.250000	0.122426	0.010846
1.662247	0.809705	0.448532	0.864255	0.250000	0.273129	0.021166
1.672937	0.809705	0.448532	0.864255	0.250000	0.273129	0.021166
1.682229	0.809705	0.448532	0.864255	0.250000	0.273129	0.021166
1.692507	0.809705	0.448532	0.864255	0.250000	0.273129	0.021166
1.702240	0.809705	0.448532	0.864255	0.250000	0.273129	0.021166
1.713816	0.826154	0.466360	0.822062	0.250000	0.386746	0.028308
1.722935	0.826154	0.466360	0.822062	0.250000	0.386746	0.028308
1.732594	0.826154	0.466360	0.822062	0.250000	0.386746	0.028308
1.742454	0.826154	0.466360	0.822062	0.250000	0.386746	0.028308
1.752732	0.826154	0.466360	0.822062	0.250000	0.386746	0.028308
1.762779	0.826154	0.466360	0.822062	0.250000	0.386746	0.028308
1.772547	0.826154	0.466360	0.822062	0.250000	0.386746	0.028308
1.782443	0.826154	0.466360	0.822062	0.250000	0.386746	0.028308
1.792229	0.836986	0.478132	0.811777	0.250000	0.422190	0.030535
1.802765	0.836986	0.478132	0.811777	0.250000	0.422190	0.030535
1.813579	0.836986	0.478132	0.811777	0.250000	0.422190	0.030535
1.822459	0.836986	0.478132	0.811777	0.250000	0.422190	0.030535
1.832861	0.836986	0.478132	0.811777	0.250000	0.422190	0.030535
1.842819	0.836986	0.478132	0.811777	0.250000	0.422190	0.030535
1.852574	0.836986	0.478132	0.811777	0.250000	0.422190	0.030535
1.862345	0.847602	0.489557	0.811381	0.250000	0.439787	0.031562
1.873067	0.847602	0.489557	0.811381	0.250000	0.439787	0.031562
1.882324	0.847602	0.489557	0.811381	0.250000	0.439787	0.031562
1.892305	0.847602	0.489557	0.811381	0.250000	0.439787	0.031562
1.902445	0.847602	0.489557	0.811381	0.250000	0.439787	0.031562
1.912270	0.847602	0.489557	0.811381	0.250000	0.439787	0.031562
1.922813	0.847602	0.489557	0.811381	0.250000	0.439787	0.031562
1.932566	0.847602	0.489557	0.811381	0.250000	0.439787	0.031562
1.942355	0.860946	0.501936	0.826166	0.250000	0.448128	0.032332
1.952360	0.860946	0.501936	0.826166	0.250000	0.448128	0.032332
1.962823	0.860946	0.501936	0.826166	0.250000	0.448128	0.032332
1.972212	0.860946	0.501936	0.826166	0.250000	0.448128	0.032332
1.982512	0.860946	0.501936	0.826166	0.250000	0.448128	0.032332
1.992313	0.860946	0.501936	0.826166	0.250000	0.448128	0.032332
2.002900	0.860946	0.501936	0.826166	0.250000	0.448128	0.032332
2.012673	0.860946	0.501936	0.826166	0.250000	0.448128	0.032332
2.022447	0.860946	0.501936	0.826166	0.250000	0.448128	0.032332
2.032544	0.860946	0.501936	0.826166	0.250000	0.448128	0.032332
2.042639	0.860946	0.501936	0.826166	0.250000	0.448128	0.032332
2.052536	0.860946	0.501936	0.826166	0.250000	0.448128	0.032332
2.062419	0.860946	0.501936	0.826166	0.250000	0.448128	0.032332
2.073082	0.860946	0.501936	0.826166	0.250000	0.448128	0.032332
2.082677	0.875720	0.517828	0.855320	0.250000	0.420068	0.030217
2.092631	0.875720	0.517828	0.855320	0.250000	0.420068	0.030217
2.102386	0.875720	0.517828	0.855320	0.250000	0.420068	0.030217
2.112162	0.875720	0.517828	0.855320	0.250000	0.420068	0.030217
2.122244	0.875720	0.517828	0.855320	0.250000	0.420068	0.030217
2.132237	0.875720	0.517828	0.855320	0.250000	0.420068	0.030217
2.142495	0.894017	0.537336	0.910728	0.250000	0.369852	0.026251
2.153215	0.894017	0.537336	0.910728	0.250000	0.369852	0.026251
2.162916	0.894017	0.537336	0.910728	0.250000	0.369852	0.026251
2.172650	0.894017	0.537336	0.910728	0.250000	0.369852	0.026251
2.182423	0.894017	0.537336	0.910728	0.250000	0.369852	0.026251
2.192189	0.894017	0.537336	0.910728	0.250000	0.369852	0.026251
2.202913	0.894017	0.537336	0.910728	0.250000	0.369852	0.026251
2.212675	0.894017	0.537336	0.910728	0.250000	0.369852	0.026251
2.222433	0.894017	0.537336	0.910728	0.250000	0.369852	0.026251
2.232218	0.894017	0.537336	0.910728	0.250000	0.369852	0.026251
2.242202	0.894017	0.537336	0.910728	0.250000	0.369852	0.026251
2.252228	0.894017	0.537336	0.910728	0.250000	0.369852	0.026251
2.262431	0.904097	0.558266	0.970198	0.250000	0.244405	0.015357
2.272227	0.904097	0.558266	0.970198	0.250000	0.244405	0.015357
2.282259	0.904097	0.558266	0.970198	0.250000	0.244405	0.015357
2.292744	0.904097	0.558266	0.970198	0.250000	0.244405	0.015357
2.302781	0.904097	0.558266	0.970198	0.250000	0.244405	0.015357
2.312232	0.904097	0.558266	0.970198	0.250000	0.244405	0.015357
2.322459	0.904097	0.558266	0.970198	0.250000	0.244405	0.015357
2.332795	0.904097	0.558266	0.970198	0.250000	0.244405	0.015357
2.342604	0.914525	0.575339	1.015761	0.250000	0.211518	0.010136
2.352301	0.914525	0.575339	1.015761	0.250000	0.211518	0.010136
2.362972	0.914525	0.575339	1.015761	0.250000	0.211518	0.010136
2.372759	0.914525	0.575339	1.015761	0.250000	0.211518	0.010136
2.382244	0.914525	0.575339	1.015761	0.250000	0.211518	0.010136
2.392303	0.914525	0.575339	1.015761	0.250000	0.211518	0.010136
2.402253	0.914525	0.575339	1.015761	0.250000	0.211518	0.010136
2.412778	0.919934	0.593397	1.066782	0.250000	0.120949	0.000445
2.422567	0.919934	0.593397	1.066782	0.250000	0.120949	0.000445
2.432334	0.919934	0.593397	1.066782	0.250000	0.120949	0.000445
2.443069	0.919934	0.593397	1.066782	0.250000	0.120949	0.000445
2.452766	0.919934	0.593397	1.066782	0.250000	0.120949	0.000445
2.462538	0.919934	0.593397	1.066782	0.250000	0.120949	0.000445
2.472240	0.933735	0.610785	1.104257	0.250000	0.229876	0.003032
2.482197	0.933735	0.610785	1.104257	0.250000	0.229876	0.003032
2.492223	0.933735	0.610785	1.104257	0.250000	0.229876	0.003032
2.502282	0.933735	0.610785	1.104257	0.250000	0.229876	0.003032
2.512322	0.933735	0.610785	1.104257	0.250000	0.229876	0.003032
2.522305	0.933735	0.610785	1.104257	0.250000	0.229876	0.003032
2.532222	0.933735	0.610785	1.104257	0.250000	0.229876	0.003032
2.544531	0.943780	0.628397	1.186953	0.250000	0.166415	-0.002591
2.552274	0.943780	0.628397	1.186953	0.250000	0.166415	-0.002591
2.563065	0.943780	0.628397	1.186953	0.250000	0.166415	-0.002591
2.572851	0.943780	0.628397	1.186953	0.250000	0.166415	-0.002591
2.582249	0.943780	0.628397	1.186953	0.250000	0.166415	-0.002591
2.592313	0.943780	0.628397	1.186953	0.250000	0.166415	-0.002591
2.602286	0.943780	0.628397	1.186953	0.250000	0.166415	-0.002591
2.612226	0.953866	0.642948	1.206885	0.250000	0.266849	0.002337
2.622454	0.953866	0.642948	1.206885	0.250000	0.266849	0.002337
2.632345	0.953866	0.642948	1.206885	0.250000	0.266849	0.002337
2.642273	0.953866	0.642948	1.206885	0.250000	0.266849	0.002337
2.652431	0.953866	0.642948	1.206885	0.250000	0.266849	0.002337
2.662734	0.953866	0.642948	1.206885	0.250000	0.266849	0.002337
2.672353	0.953866	0.642948	1.206885	0.250000	0.266849	0.002337
2.683160	0.959668	0.658414	1.233506	0.250000	0.298178	0.002971
2.692989	0.959668	0.658414	1.233506	0.250000	0.298178	0.002971
2.702643	0.959668	0.658414	1.233506	0.250000	0.298178	0.002971
2.712401	0.959668	0.658414	1.233506	0.250000	0.298178	0.002971
2.722632	0.959668	0.658414	1.233506	0.250000	0.298178	0.002971
2.732945	0.959668	0.658414	1.233506	0.250000	0.298178	0.002971
2.742653	0.959668	0.658414	1.233506	0.250000	0.298178	0.002971
2.752380	0.959668	0.658414	1.233506	0.250000	0.298178	0.002971
2.762166	0.966275	0.675696	1.220363	0.250000	0.432822	0.009881
2.772969	0.966275	0.675696	1.220363	0.250000	0.432822	0.009881
2.782384	0.966275	0.675696	1.220363	0.250000	0.432822	0.009881
2.792417	0.966275	0.675696	1.220363	0.250000	0.432822	0.009881
2.802253	0.966275	0.675696	1.220363	0.250000	0.432822	0.009881
2.813173	0.966275	0.675696	1.220363	0.250000	0.432822	0.009881
2.822550	0.966275	0.675696	1.220363	0.250000	0.432822	0.009881
2.832434	0.968818	0.692478	1.239685	0.250000	0.435672	0.009393
2.844241	0.968818	0.692478	1.239685	0.250000	0.435672	0.009393
2.852732	0.968818	0.692478	1.239685	0.250000	0.435672	0.009393
2.862306	0.968818	0.692478	1.239685	0.250000	0.435672	0.009393
2.872569	0.968818	0.692478	1.239685	0.250000	0.435672	0.009393
2.883051	0.968818	0.692478	1.239685	0.250000	0.435672	0.009393
2.892948	0.968818	0.692478	1.239685	0.250000	0.435672	0.009393
2.902241	0.968818	0.692478	1.239685	0.250000	0.435672	0.009393
2.912353	0.968818	0.692478	1.239685	0.250000	0.435672	0.009393
2.922327	0.968818	0.692478	1.239685	0.250000	0.435672	0.009393
2.932253	0.968818	0.692478	1.239685	0.250000	0.435672	0.009393
2.942225	0.968818	0.692478	1.239685	0.250000	0.435672	0.009393
2.952253	0.968818	0.692478	1.239685	0.250000	0.435672	0.009393
2.962367	0.968818	0.692478	1.239685	0.250000	0.435672	0.009393
2.972254	0.969822	0.711519	1.259617	0.250000	0.420660	0.008195
2.982389	0.969822	0.711519	1.259617	0.250000	0.420660	0.008195
2.992555	0.969822	0.711519	1.259617	0.250000	0.420660	0.008195
3.002333	0.969822	0.711519	1.259617	0.250000	0.420660	0.008195
3.012241	0.969822	0.711519	1.259617	0.250000	0.420660	0.008195
3.022669	0.969822	0.711519	1.259617	0.250000	0.420660	0.008195
3.032564	0.969822	0.711519	1.259617	0.250000	0.420660	0.008195
3.042295	0.976952	0.733510	1.295579	0.250000	0.427014	0.011212
3.052505	0.976952	0.733510	1.295579	0.250000	0.427014	0.011212
3.062250	0.976952	0.733510	1.295579	0.250000	0.427014	0.011212
3.072663	0.976952	0.733510	1.295579	0.250000	0.427014	0.011212
3.082286	0.976952	0.733510	1.295579	0.250000	0.427014	0.011212
3.093029	0.976952	0.733510	1.295579	0.250000	0.427014	0.011212
3.102241	0.976952	0.733510	1.295579	0.250000	0.427014	0.011212
3.112547	0.976952	0.733510	1.295579	0.250000	0.427014	0.011212
3.122318	0.987612	0.757578	1.342577	0.250000	0.438281	0.015892
3.132727	0.987612	0.757578	1.342577	0.250000	0.438281	0.015892
3.142871	0.987612	0.757578	1.342577	0.250000	0.438281	0.015892
3.152251	0.987612	0.757578	1.342577	0.250000	0.438281	0.015892
3.162323	0.987612	0.757578	1.342577	0.250000	0.438281	0.015892
3.172553	0.987612	0.757578	1.342577	0.250000	0.438281	0.015892
3.182230	0.987612	0.757578	1.342577	0.250000	0.438281	0.015892
3.192880	0.987612	0.757578	1.342577	0.250000	0.438281	0.015892
3.202430	0.999092	0.778975	1.395649	0.250000	0.449522	0.021338
3.212253	0.999092	0.778975	1.395649	0.250000	0.449522	0.021338
3.222840	0.999092	0.778975	1.395649	0.250000	0.449522	0.021338
3.232310	0.999092	0.778975	1.395649	0.250000	0.449522	0.021338
3.242216	0.999092	0.778975	1.395649	0.250000	0.449522	0.021338
3.252204	0.999092	0.778975	1.395649	0.250000	0.449522	0.021338
3.262202	0.999092	0.778975	1.395649	0.250000	0.449522	0.021338
3.272629	0.999666	0.793685	1.432451	0.250000	0.366731	0.017250
3.282362	0.999666	0.793685	1.432451	0.250000	0.366731	0.017250
3.292280	0.999666	0.793685	1.432451	0.250000	0.366731	0.017250
3.302646	0.999666	0.793685	1.432451	0.250000	0.366731	0.017250
3.312277	0.999666	0.793685	1.432451	0.250000	0.366731	0.017250
3.322438	0.999666	0.793685	1.432451	0.250000	0.366731	0.017250
3.332796	0.999666	0.793685	1.432451	0.250000	0.366731	0.017250
3.342812	0.999666	0.793685	1.432451	0.250000	0.366731	0.017250
3.352748	0.999666	0.793685	1.432451	0.250000	0.366731	0.017250
3.362509	0.999666	0.793685	1.432451	0.250000	0.366731	0.017250
3.372242	0.999666	0.793685	1.432451	0.250000	0.366731	0.017250
3.382221	0.999666	0.793685	1.432451	0.250000	0.366731	0.017250
3.392308	0.999666	0.793685	1.432451	0.250000	0.366731	0.017250
3.402377	0.994318	0.811463	1.482601	0.250000	0.179956	0.005628
3.413193	0.994318	0.811463	1.482601	0.250000	0.179956	0.005628
3.422226	0.994318	0.811463	1.482601	0.250000	0.179956	0.005628
3.432287	0.994318	0.811463	1.482601	0.250000	0.179956	0.005628
3.442328	0.994318	0.811463	1.482601	0.250000	0.179956	0.005628
3.452313	0.994318	0.811463	1.482601	0.250000	0.179956	0.005628
3.462251	0.994318	0.811463	1.482601	0.250000	0.179956	0.005628
3.472286	0.994318	0.811463	1.482601	0.250000	0.179956	0.005628
3.482483	0.994318	0.811463	1.482601	0.250000	0.179956	0.005628
3.492266	0.994318	0.811463	1.482601	0.250000	0.179956	0.005628
3.502253	0.994318	0.811463	1.482601	0.250000	0.179956	0.005628
3.512681	0.994318	0.811463	1.482601	0.250000	0.179956	0.005628
3.522849	0.992343	0.833829	1.534180	0.250000	0.025868	-0.002854
3.532210	0.992343	0.833829	1.534180	0.250000	0.025868	-0.002854
3.542305	0.992343	0.833829	1.534180	0.250000	0.025868	-0.002854
3.552316	0.992343	0.833829	1.534180	0.250000	0.025868	-0.002854
3.562451	0.992343	0.833829	1.534180	0.250000	0.025868	-0.002854
3.572526	0.992343	0.833829	1.534180	0.250000	0.025868	-0.002854
3.582288	0.992516	0.860060	1.590949	0.250000	-0.116118	-0.009780
3.592206	0.992516	0.860060	1.590949	0.250000	-0.116118	-0.009780
3.602266	0.992516	0.860060	1.590949	0.250000	-0.116118	-0.009780
3.612234	0.992516	0.860060	1.590949	0.250000	-0.116118	-0.009780
3.622217	0.992516	0.860060	1.590949	0.250000	-0.116118	-0.009780
3.632202	0.992516	0.860060	1.590949	0.250000	-0.116118	-0.009780
3.642484	0.999118	0.883715	1.633172	0.250000	-0.146334	-0.008506
3.652254	0.999118	0.883715	1.633172	0.250000	-0.146334	-0.008506
3.663198	0.999118	0.883715	1.633172	0.250000	-0.146334	-0.008506
3.672785	0.999118	0.883715	1.633172	0.250000	-0.146334	-0.008506
3.683491	0.999118	0.883715	1.633172	0.250000	-0.146334	-0.008506
3.692311	0.999118	0.883715	1.633172	0.250000	-0.146334	-0.008506
3.702210	0.999118	0.883715	1.633172	0.250000	-0.146334	-0.008506
3.712759	0.999118	0.883715	1.633172	0.250000	-0.146334	-0.008506
3.722292	0.999118	0.883715	1.633172	0.250000	-0.146334	-0.008506
3.732295	0.999118	0.883715	1.633172	0.250000	-0.146334	-0.008506
3.742931	0.999118	0.883715	1.633172	0.250000	-0.146334	-0.008506
3.752786	0.999118	0.883715	1.633172	0.250000	-0.146334	-0.008506
3.762972	0.991121	0.905015	1.675345	0.250000	-0.348710	-0.021979
3.772331	0.991121	0.905015	1.675345	0.250000	-0.348710	-0.021979
3.783107	0.991121	0.905015	1.675345	0.250000	-0.348710	-0.021979
3.792856	0.991121	0.905015	1.675345	0.250000	-0.348710	-0.021979
3.802604	0.991121	0.905015	1.675345	0.250000	-0.348710	-0.021979
3.813670	0.991121	0.905015	1.675345	0.250000	-0.348710	-0.021979
3.823088	0.991121	0.905015	1.675345	0.250000	-0.348710	-0.021979
3.832753	0.990701	0.925578	1.698700	0.250000	-0.411044	-0.025116
3.844551	0.990701	0.925578	1.698700	0.250000	-0.411044	-0.025116
3.852381	0.990701	0.925578	1.698700	0.250000	-0.411044	-0.025116
3.862252	0.990701	0.925578	1.698700	0.250000	-0.411044	-0.025116
3.872162	0.990701	0.925578	1.698700	0.250000	-0.411044	-0.025116
3.887518	0.990701	0.925578	1.698700	0.250000	-0.411044	-0.025116
3.892306	0.990701	0.925578	1.698700	0.250000	-0.411044	-0.025116
3.903204	0.990701	0.925578	1.698700	0.250000	-0.411044	-0.025116
3.912232	0.990701	0.925578	1.698700	0.250000	-0.411044	-0.025116
3.922619	0.990701	0.925578	1.698700	0.250000	-0.411044	-0.025116
3.932377	0.990701	0.925578	1.698700	0.250000	-0.411044	-0.025116
3.943060	0.987768	0.946951	1.705134	0.250000	-0.464080	-0.028871
3.952938	0.987768	0.946951	1.705134	0.250000	-0.464080	-0.028871
3.962658	0.987768	0.946951	1.705134	0.250000	-0.464080	-0.028871
3.972416	0.987768	0.946951	1.705134	0.250000	-0.464080	-0.028871
3.983145	0.987768	0.946951	1.705134	0.250000	-0.464080	-0.028871
3.992242	0.987768	0.946951	1.705134	0.250000	-0.464080	-0.028871
4.002642	0.987768	0.946951	1.705134	0.250000	-0.464080	-0.028871
4.012384	0.987768	0.946951	1.705134	0.250000	-0.464080	-0.028871
4.022198	0.987768	0.946951	1.705134	0.250000	-0.464080	-0.028871
4.032908	0.987768	0.946951	1.705134	0.250000	-0.464080	-0.028871
4.042595	0.987768	0.946951	1.705134	0.250000	-0.464080	-0.028871
4.052339	0.992183	0.971412	1.671704	0.250000	-0.336618	-0.019746
4.062226	0.992183	0.971412	1.671704	0.250000	-0.336618	-0.019746
4.072910	0.992183	0.971412	1.671704	0.250000	-0.336618	-0.019746
4.082684	0.992183	0.971412	1.671704	0.250000	-0.336618	-0.019746
4.092431	0.992183	0.971412	1.671704	0.250000	-0.336618	-0.019746
4.102269	0.992183	0.971412	1.671704	0.250000	-0.336618	-0.019746
4.112201	0.992183	0.971412	1.671704	0.250000	-0.336618	-0.019746
4.122258	0.992183	0.971412	1.671704	0.250000	-0.336618	-0.019746
4.132529	0.988540	0.996252	1.633248	0.250000	-0.293155	-0.018496
4.142235	0.988540	0.996252	1.633248	0.250000	-0.293155	-0.018496
4.152360	0.988540	0.996252	1.633248	0.250000	-0.293155	-0.018496
4.162317	0.988540	0.996252	1.633248	0.250000	-0.293155	-0.018496
4.172387	0.988540	0.996252	1.633248	0.250000	-0.293155	-0.018496
4.183152	0.986674	1.019229	1.594477	0.250000	-0.228351	-0.015450
4.192229	0.986674	1.019229	1.594477	0.250000	-0.228351	-0.015450
4.202226	0.986674	1.019229	1.594477	0.250000	-0.228351	-0.015450
4.212449	0.986674	1.019229	1.594477	0.250000	-0.228351	-0.015450
4.222236	0.986674	1.019229	1.594477	0.250000	-0.228351	-0.015450
4.232957	0.986674	1.019229	1.594477	0.250000	-0.228351	-0.015450
4.242620	0.985420	1.035407	1.566073	0.250000	-0.183411	-0.013311
4.254227	0.985420	1.035407	1.566073	0.250000	-0.183411	-0.013311
4.262271	0.985420	1.035407	1.566073	0.250000	-0.183411	-0.013311
4.272266	0.985420	1.035407	1.566073	0.250000	-0.183411	-0.013311
4.282291	0.985420	1.035407	1.566073	0.250000	-0.183411	-0.013311
4.292325	0.985420	1.035407	1.566073	0.250000	-0.183411	-0.013311
4.302315	0.985420	1.035407	1.566073	0.250000	-0.183411	-0.013311
4.312233	0.985420	1.035407	1.566073	0.250000	-0.183411	-0.013311
4.322265	0.985420	1.035407	1.566073	0.250000	-0.183411	-0.013311
4.332302	0.985420	1.035407	1.566073	0.250000	-0.183411	-0.013311
4.342231	0.985420	1.035407	1.566073	0.250000	-0.183411	-0.013311
4.353031	0.985420	1.035407	1.566073	0.250000	-0.183411	-0.013311
4.362790	0.985420	1.035407	1.566073	0.250000	-0.183411	-0.013311
4.372522	0.984908	1.055570	1.526725	0.250000	-0.103380	-0.009080
4.382286	0.984908	1.055570	1.526725	0.250000	-0.103380	-0.009080
4.393032	0.984908	1.055570	1.526725	0.250000	-0.103380	-0.009080
4.402234	0.984908	1.055570	1.526725	0.250000	-0.103380	-0.009080
4.413286	0.984908	1.055570	1.526725	0.250000	-0.103380	-0.009080
4.422302	0.984908	1.055570	1.526725	0.250000	-0.103380	-0.009080
4.432218	0.984932	1.072677	1.493524	0.250000	-0.032558	-0.005202
4.442822	0.984932	1.072677	1.493524	0.250000	-0.032558	-0.005202
4.452340	0.984932	1.072677	1.493524	0.250000	-0.032558	-0.005202
4.462311	0.984932	1.072677	1.493524	0.250000	-0.032558	-0.005202
4.472592	0.984932	1.072677	1.493524	0.250000	-0.032558	-0.005202
4.482233	0.984932	1.072677	1.493524	0.250000	-0.032558	-0.005202
4.492805	0.984932	1.072677	1.493524	0.250000	-0.032558	-0.005202
4.502348	0.984932	1.072677	1.493524	0.250000	-0.032558	-0.005202
4.513077	0.984932	1.072677	1.493524	0.250000	-0.032558	-0.005202
4.522880	0.984932	1.072677	1.493524	0.250000	-0.032558	-0.005202
4.532604	0.984932	1.072677	1.493524	0.250000	-0.032558	-0.005202
4.542383	0.989130	1.098938	1.444774	0.250000	0.130733	0.004394
4.553090	0.989130	1.098938	1.444774	0.250000	0.130733	0.004394
4.562870	0.989130	1.098938	1.444774	0.250000	0.130733	0.004394
4.572576	0.989130	1.098938	1.444774	0.250000	0.130733	0.004394
4.582370	0.989130	1.098938	1.444774	0.250000	0.130733	0.004394
4.592210	0.989130	1.098938	1.444774	0.250000	0.130733	0.004394
4.602221	0.991920	1.116264	1.420079	0.250000	0.222397	0.009479
4.612231	0.991920	1.116264	1.420079	0.250000	0.222397	0.009479
4.622366	0.991920	1.116264	1.420079	0.250000	0.222397	0.009479
4.632251	0.991920	1.116264	1.420079	0.250000	0.222397	0.009479
4.642192	0.991920	1.116264	1.420079	0.250000	0.222397	0.009479
4.652236	0.991920	1.116264	1.420079	0.250000	0.222397	0.009479
4.662318	0.991920	1.116264	1.420079	0.250000	0.222397	0.009479
4.672188	0.999231	1.143829	1.391845	0.250000	0.398943	0.019844
4.684029	0.999231	1.143829	1.391845	0.250000	0.398943	0.019844
4.692270	0.999231	1.143829	1.391845	0.250000	0.398943	0.019844
4.702300	0.999231	1.143829	1.391845	0.250000	0.398943	0.019844
4.712327	0.999231	1.143829	1.391845	0.250000	0.398943	0.019844
4.722929	0.999231	1.143829	1.391845	0.250000	0.398943	0.019844
4.732698	0.999231	1.143829	1.391845	0.250000	0.398943	0.019844
4.742235	0.999231	1.143829	1.391845	0.250000	0.398943	0.019844
4.752268	0.999231	1.143829	1.391845	0.250000	0.398943	0.019844
4.762239	0.999231	1.143829	1.391845	0.250000	0.398943	0.019844
4.772257	0.999231	1.143829	1.391845	0.250000	0.398943	0.019844
4.782293	1.000429	1.155727	1.450284	0.250000	0.276723	0.012955
4.792295	1.000429	1.155727	1.450284	0.250000	0.276723	0.012955
4.802156	1.000429	1.155727	1.450284	0.250000	0.276723	0.012955
4.812691	1.000429	1.155727	1.450284	0.250000	0.276723	0.012955
4.822500	1.000429	1.155727	1.450284	0.250000	0.276723	0.012955
4.832219	1.000429	1.155727	1.450284	0.250000	0.276723	0.012955
4.842155	0.996327	1.174127	1.500028	0.250000	0.147427	0.002844
4.853530	0.996327	1.174127	1.500028	0.250000	0.147427	0.002844
4.862508	0.996327	1.174127	1.500028	0.250000	0.147427	0.002844
4.872507	0.996327	1.174127	1.500028	0.250000	0.147427	0.002844
4.882875	0.996327	1.174127	1.500028	0.250000	0.147427	0.002844
4.892772	0.996327	1.174127	1.500028	0.250000	0.147427	0.002844
4.902539	0.996327	1.174127	1.500028	0.250000	0.147427	0.002844
4.912269	0.996640	1.187530	1.518574	0.250000	0.146247	0.001465
4.922158	0.996640	1.187530	1.518574	0.250000	0.146247	0.001465
4.932762	0.996640	1.187530	1.518574	0.250000	0.146247	0.001465
4.942486	0.996640	1.187530	1.518574	0.250000	0.146247	0.001465
4.952242	0.996640	1.187530	1.518574	0.250000	0.146247	0.001465
4.962224	0.996640	1.187530	1.518574	0.250000	0.146247	0.001465
4.972785	0.999388	1.205705	1.479152	0.250000	0.352913	0.011285
4.982676	0.999388	1.205705	1.479152	0.250000	0.352913	0.011285
4.992399	0.999388	1.205705	1.479152	0.250000	0.352913	0.011285
5.003162	0.999388	1.205705	1.479152	0.250000	0.352913	0.011285
5.012198	0.999388	1.205705	1.479152	0.250000	0.352913	0.011285
5.022297	0.999388	1.205705	1.479152	0.250000	0.352913	0.011285
5.032267	1.011757	1.224625	1.451589	0.250000	0.624323	0.028735
5.043118	1.011757	1.224625	1.451589	0.250000	0.624323	0.028735
5.052862	1.011757	1.224625	1.451589	0.250000	0.624323	0.028735
5.062577	1.011757	1.224625	1.451589	0.250000	0.624323	0.028735
5.073316	1.011757	1.224625	1.451589	0.250000	0.624323	0.028735
5.083061	1.011757	1.224625	1.451589	0.250000	0.624323	0.028735
5.092847	1.011757	1.224625	1.451589	0.250000	0.624323	0.028735
5.102693	1.010694	1.231971	1.466160	0.250000	0.616263	0.027001
5.113285	1.010694	1.231971	1.466160	0.250000	0.616263	0.027001
5.123080	1.010694	1.231971	1.466160	0.250000	0.616263	0.027001
5.132820	1.010694	1.231971	1.466160	0.250000	0.616263	0.027001
5.142536	1.010694	1.231971	1.466160	0.250000	0.616263	0.027001
5.152232	1.010694	1.231971	1.466160	0.250000	0.616263	0.027001
5.163169	1.003193	1.242371	1.488278	0.250000	0.543840	0.018876
5.172800	1.003193	1.242371	1.488278	0.250000	0.543840	0.018876
5.182610	1.003193	1.242371	1.488278	0.250000	0.543840	0.018876
5.192762	1.003193	1.242371	1.488278	0.250000	0.543840	0.018876
5.203114	1.003193	1.242371	1.488278	0.250000	0.543840	0.018876
5.212843	1.003193	1.242371	1.488278	0.250000	0.543840	0.018876
5.222728	1.000450	1.250872	1.498917	0.250000	0.560740	0.017523
5.232468	1.000450	1.250872	1.498917	0.250000	0.560740	0.017523
5.242152	1.000450	1.250872	1.498917	0.250000	0.560740	0.017523
5.252234	1.000450	1.250872	1.498917	0.250000	0.560740	0.017523
5.262300	1.000450	1.250872	1.498917	0.250000	0.560740	0.017523
5.272344	1.000450	1.250872	1.498917	0.250000	0.560740	0.017523
5.283291	1.001106	1.266863	1.514030	0.250000	0.638410	0.020283
5.292269	1.001106	1.266863	1.514030	0.250000	0.638410	0.020283
5.302302	1.001106	1.266863	1.514030	0.250000	0.638410	0.020283
5.314086	1.001106	1.266863	1.514030	0.250000	0.638410	0.020283
5.322241	1.001106	1.266863	1.514030	0.250000	0.638410	0.020283
5.332258	1.001106	1.266863	1.514030	0.250000	0.638410	0.020283
5.342161	1.002712	1.287410	1.546594	0.250000	0.730954	0.024150
5.352324	1.002712	1.287410	1.546594	0.250000	0.730954	0.024150
5.362288	1.002712	1.287410	1.546594	0.250000	0.730954	0.024150
5.372192	1.002712	1.287410	1.546594	0.250000	0.730954	0.024150
5.382233	1.002712	1.287410	1.546594	0.250000	0.730954	0.024150
5.392489	1.002712	1.287410	1.546594	0.250000	0.730954	0.024150
5.402224	1.002712	1.287410	1.546594	0.250000	0.730954	0.024150
5.414167	1.002712	1.287410	1.546594	0.250000	0.730954	0.024150
5.422744	1.002712	1.287410	1.546594	0.250000	0.730954	0.024150
5.432496	1.002712	1.287410	1.546594	0.250000	0.730954	0.024150
5.442189	1.002712	1.287410	1.546594	0.250000	0.730954	0.024150
5.452952	0.993713	1.304895	1.604000	0.250000	0.704977	0.017781
5.462740	0.993713	1.304895	1.604000	0.250000	0.704977	0.017781
5.472453	0.993713	1.304895	1.604000	0.250000	0.704977	0.017781
5.482271	0.993713	1.304895	1.604000	0.250000	0.704977	0.017781
5.492993	0.993713	1.304895	1.604000	0.250000	0.704977	0.017781
5.502684	0.993713	1.304895	1.604000	0.250000	0.704977	0.017781
5.512480	0.995044	1.327515	1.789511	0.250000	0.547969	0.009702
5.522259	0.995044	1.327515	1.789511	0.250000	0.547969	0.009702
5.533017	0.995044	1.327515	1.789511	0.250000	0.547969	0.009702
5.542743	0.995044	1.327515	1.789511	0.250000	0.547969	0.009702
5.552616	0.995044	1.327515	1.789511	0.250000	0.547969	0.009702
5.562446	0.995044	1.327515	1.789511	0.250000	0.547969	0.009702
5.572219	0.995044	1.327515	1.789511	0.250000	0.547969	0.009702
5.582756	1.001255	1.344244	1.830316	0.250000	0.671909	0.019395
5.592525	1.001255	1.344244	1.830316	0.250000	0.671909	0.019395
5.602281	1.001255	1.344244	1.830316	0.250000	0.671909	0.019395
5.613478	1.001255	1.344244	1.830316	0.250000	0.671909	0.019395
5.622238	1.001255	1.344244	1.830316	0.250000	0.671909	0.019395
5.632211	1.001255	1.344244	1.830316	0.250000	0.671909	0.019395
5.642302	0.999454	1.358213	1.864343	0.250000	0.723389	0.022455
5.652215	0.999454	1.358213	1.864343	0.250000	0.723389	0.022455
5.662234	0.999454	1.358213	1.864343	0.250000	0.723389	0.022455
5.672269	0.999454	1.358213	1.864343	0.250000	0.723389	0.022455
5.682806	0.999454	1.358213	1.864343	0.250000	0.723389	0.022455
5.692233	0.999454	1.358213	1.864343	0.250000	0.723389	0.022455
5.703896	0.999454	1.358213	1.864343	0.250000	0.723389	0.022455
5.712568	0.999454	1.358213	1.864343	0.250000	0.723389	0.022455
5.722344	0.999454	1.358213	1.864343	0.250000	0.723389	0.022455
5.732238	0.999454	1.358213	1.864343	0.250000	0.723389	0.022455
5.742799	0.999454	1.358213	1.864343	0.250000	0.723389	0.022455
5.752557	0.999428	1.381443	1.778796	0.250000	1.048109	0.042243
5.762357	0.999428	1.381443	1.778796	0.250000	1.048109	0.042243
5.772203	0.999428	1.381443	1.778796	0.250000	1.048109	0.042243
5.782903	0.999428	1.381443	1.778796	0.250000	1.048109	0.042243
5.792615	0.999428	1.381443	1.778796	0.250000	1.048109	0.042243
5.802381	0.999428	1.381443	1.778796	0.250000	1.048109	0.042243
5.813107	0.999428	1.381443	1.778796	0.250000	1.048109	0.042243
5.822247	0.999428	1.381443	1.778796	0.250000	1.048109	0.042243
5.832645	0.999428	1.381443	1.778796	0.250000	1.048109	0.042243
5.842360	0.999428	1.381443	1.778796	0.250000	1.048109	0.042243
5.852214	0.999428	1.381443	1.778796	0.250000	1.048109	0.042243
5.862248	0.999428	1.381443	1.778796	0.250000	1.048109	0.042243
5.872779	0.999428	1.381443	1.778796	0.250000	1.048109	0.042243
5.882369	0.993758	1.401248	1.988902	0.250000	0.871529	0.034497
5.892228	0.993758	1.401248	1.988902	0.250000	0.871529	0.034497
5.903034	0.993758	1.401248	1.988902	0.250000	0.871529	0.034497
5.912218	0.993758	1.401248	1.988902	0.250000	0.871529	0.034497
5.922272	0.993758	1.401248	1.988902	0.250000	0.871529	0.034497
5.932194	0.993758	1.401248	1.988902	0.250000	0.871529	0.034497
5.942376	0.989249	1.429957	2.058754	0.250000	0.947761	0.043444
