x(i)	y(i)	theta(i)
0.704522	0.161991	2.093701
0.702726	0.165219	2.062854
0.701063	0.168442	2.031383
0.699529	0.171661	1.999345
0.698123	0.174875	1.966807
0.696843	0.178084	1.933839
0.695686	0.181289	1.900522
0.694650	0.184490	1.866939
0.693734	0.187686	1.833179
0.692934	0.190878	1.799335
0.692249	0.194066	1.765500
0.691677	0.197250	1.731769
0.691215	0.200429	1.698236
0.690862	0.203604	1.664991
0.690615	0.206776	1.632123
0.690472	0.209943	1.599714
0.690431	0.213107	1.567841
0.690490	0.216267	1.536574
0.690646	0.219423	1.505975
0.690898	0.222575	1.476101
0.691244	0.225724	1.446998
0.691681	0.228869	1.418706
0.692207	0.232011	1.391258
0.692820	0.235149	1.364677
0.693518	0.238284	1.338982
0.694298	0.241415	1.314186
0.695160	0.244543	1.290293
0.696099	0.247668	1.267305
0.697115	0.250790	1.245218
0.698205	0.253909	1.224025
0.699367	0.257024	1.203717
0.700599	0.260137	1.184278
0.701899	0.263247	1.165695
0.703264	0.266353	1.147949
0.704693	0.269457	1.131022
0.706183	0.272559	1.114895
0.707732	0.275657	1.099547
0.709339	0.278753	1.084958
0.711000	0.281846	1.071108
0.712714	0.284937	1.057976
0.714479	0.288026	1.045541
0.716292	0.291112	1.033784
0.718151	0.294195	1.022686
0.720055	0.297277	1.012228
0.722000	0.300356	1.002392
0.723986	0.303433	0.993162
0.726009	0.306508	0.984520
0.728069	0.309581	0.976452
0.730161	0.312651	0.968944
0.732285	0.315720	0.961980
0.734438	0.318787	0.955550
0.736618	0.321853	0.949640
0.738823	0.324916	0.944241
0.741051	0.327978	0.939342
0.743300	0.331038	0.934935
0.745567	0.334097	0.931011
0.747851	0.337154	0.927563
0.750148	0.340209	0.924586
0.752458	0.343264	0.922073
0.754778	0.346317	0.919953
0.757107	0.349368	0.918126
0.759442	0.352419	0.916588
0.761784	0.355468	0.915338
0.764130	0.358516	0.914375
0.766479	0.361563	0.913698
0.768830	0.364609	0.913305
0.771182	0.367655	0.913198
0.773532	0.370699	0.913376
0.775881	0.373742	0.913839
0.778226	0.376785	0.914589
0.780566	0.379827	0.915627
0.782900	0.382869	0.916953
0.785226	0.385910	0.918570
0.787544	0.388950	0.920480
0.789851	0.391990	0.922686
0.792147	0.395030	0.925190
0.794430	0.398069	0.927996
0.796699	0.401108	0.931108
0.798952	0.404146	0.934529
0.801188	0.407185	0.938264
0.803406	0.410224	0.942317
0.805604	0.413262	0.946694
0.807781	0.416300	0.951401
0.809936	0.419339	0.956443
0.812068	0.422378	0.961826
0.814174	0.425417	0.967557
0.816255	0.428456	0.973643
0.818307	0.431495	0.980092
0.820331	0.434535	0.986912
0.822324	0.437575	0.994110
0.824286	0.440616	1.001695
0.826214	0.443657	1.009677
0.828109	0.446699	1.018064
0.829967	0.449742	1.026866
0.831789	0.452785	1.036093
0.833572	0.455829	1.045755
0.835316	0.458874	1.055863
0.837018	0.461920	1.066427
0.838678	0.464967	1.077458
0.840295	0.468015	1.088967
0.841866	0.471064	1.100966
0.843391	0.474114	1.113464
0.844868	0.477165	1.126474
0.846296	0.480218	1.140006
0.847674	0.483271	1.154071
0.849000	0.486327	1.168679
0.850273	0.489383	1.183839
0.851491	0.492442	1.199561
0.852654	0.495501	1.215853
0.853760	0.498563	1.232341
0.854813	0.501626	1.246779
0.855821	0.504690	1.258733
0.856794	0.507757	1.268144
0.857739	0.510825	1.274966
0.858667	0.513896	1.279171
0.859586	0.516968	1.280744
0.860505	0.520042	1.279681
0.861432	0.523118	1.275994
0.862377	0.526197	1.269704
0.863348	0.529278	1.260850
0.864354	0.532361	1.249482
0.865404	0.535446	1.235664
0.866506	0.538534	1.219621
0.867668	0.541624	1.203148
0.868888	0.544716	1.186772
0.870168	0.547812	1.170501
0.871509	0.550909	1.154348
0.872910	0.554010	1.138319
0.874373	0.557113	1.122425
0.875897	0.560219	1.106674
0.877484	0.563328	1.091073
0.879134	0.566440	1.075630
0.880847	0.569554	1.060352
0.882624	0.572672	1.045245
0.884465	0.575793	1.030314
0.886371	0.578917	1.015565
0.888343	0.582044	1.001002
0.890381	0.585175	0.986631
0.892485	0.588309	0.972454
0.894656	0.591446	0.958474
0.896894	0.594586	0.944696
0.899200	0.597731	0.931399
0.901571	0.600878	0.919286
0.904002	0.604030	0.908335
0.906489	0.607185	0.898495
0.909027	0.610343	0.889717
0.911611	0.613506	0.881959
0.914236	0.616672	0.875183
0.916899	0.619843	0.869354
0.919594	0.623017	0.864445
0.922317	0.626195	0.860430
0.925064	0.629378	0.857287
0.927829	0.632564	0.855001
0.930609	0.635755	0.853558
0.933397	0.638950	0.852949
0.936191	0.642149	0.853166
0.938985	0.645353	0.854209
0.941775	0.648561	0.856078
0.944555	0.651774	0.858777
0.947322	0.654991	0.862315
0.950071	0.658213	0.866702
0.952798	0.661440	0.871954
0.955496	0.664671	0.878090
0.958163	0.667907	0.885131
0.960794	0.671148	0.893102
0.963383	0.674394	0.902034
0.965926	0.677645	0.911959
0.968419	0.680901	0.922915
0.970857	0.684162	0.934943
0.973235	0.687428	0.948087
0.975549	0.690699	0.962396
0.977795	0.693976	0.977923
0.979966	0.697258	0.994724
0.982060	0.700545	1.012858
0.984071	0.703838	1.032388
0.985995	0.707136	1.053378
0.987827	0.710440	1.075895
0.989563	0.713750	1.100005
0.991198	0.717065	1.125544
0.992731	0.720386	1.151166
0.994164	0.723713	1.176587
0.995502	0.727045	1.201742
0.996746	0.730384	1.226570
0.997899	0.733728	1.251010
0.998964	0.737079	1.275005
0.999943	0.740435	1.298501
1.000841	0.743798	1.321446
1.001659	0.747167	1.343795
1.002400	0.750542	1.365503
1.003066	0.753924	1.386533
1.003662	0.757312	1.406851
1.004189	0.760707	1.426425
1.004651	0.764107	1.445231
1.005050	0.767515	1.463246
1.005388	0.770929	1.480453
1.005670	0.774350	1.496836
1.005897	0.777778	1.512384
1.006072	0.781212	1.527089
1.006199	0.784653	1.540944
1.006279	0.788102	1.553947
1.006316	0.791557	1.566096
1.006312	0.795019	1.577391
1.006271	0.798488	1.587834
1.006195	0.801965	1.597428
1.006087	0.805449	1.606177
1.005949	0.808940	1.614086
1.005785	0.812438	1.621160
1.005597	0.815944	1.627405
1.005388	0.819457	1.632827
1.005161	0.822977	1.637433
1.004918	0.826506	1.641228
1.004663	0.830042	1.644218
1.004399	0.833585	1.646411
1.004127	0.837137	1.647810
1.003851	0.840696	1.648423
1.003573	0.844263	1.648255
1.003297	0.847838	1.647310
1.003026	0.851421	1.645593
1.002760	0.855012	1.643516
1.002502	0.858610	1.641463
1.002250	0.862217	1.639432
1.002005	0.865831	1.637425
1.001767	0.869453	1.635439
1.001536	0.873082	1.633477
1.001311	0.876719	1.631535
1.001093	0.880363	1.629616
1.000882	0.884013	1.627718
1.000677	0.887671	1.625840
1.000478	0.891335	1.623984
1.000286	0.895006	1.622148
1.000101	0.898684	1.620331
0.999921	0.902368	1.618535
0.999748	0.906058	1.616759
0.999582	0.909754	1.615001
0.999421	0.913457	1.613263
0.999267	0.917165	1.611544
0.999118	0.920879	1.609843
0.998976	0.924599	1.608160
0.998840	0.928324	1.606496
0.998710	0.932054	1.604849
0.998586	0.935790	1.603220
0.998467	0.939531	1.601608
0.998355	0.943277	1.600014
0.998248	0.947027	1.598436
0.998147	0.950783	1.596876
0.998052	0.954543	1.595331
0.997963	0.958307	1.593803
0.997879	0.962076	1.592292
0.997801	0.965850	1.590796
0.997728	0.969627	1.589316
0.997661	0.973408	1.587851
0.997599	0.977193	1.586402
0.997542	0.980982	1.584968
0.997491	0.984774	1.583549
0.997446	0.988570	1.582145
0.997405	0.992369	1.580755
0.997370	0.996172	1.579380
0.997340	0.999977	1.578019
0.997315	1.003786	1.576672
0.997295	1.007597	1.575340
0.997280	1.011411	1.574021
0.997270	1.015228	1.572716
0.997265	1.019047	1.571424
0.997266	1.022868	1.570146
0.997270	1.026692	1.568881
0.997280	1.030517	1.567628
0.997295	1.034345	1.566389
0.997314	1.038174	1.565163
0.997338	1.042005	1.563949
0.997366	1.045838	1.562748
0.997400	1.049672	1.561559
0.997437	1.053508	1.560383
0.997479	1.057344	1.559219
0.997526	1.061182	1.558066
0.997577	1.065020	1.556926
0.997633	1.068860	1.555797
0.997692	1.072700	1.554680
0.997756	1.076540	1.553574
0.997825	1.080382	1.552480
0.997897	1.084223	1.551398
0.997974	1.088064	1.550326
0.998054	1.091906	1.549265
0.998139	1.095747	1.548216
0.998228	1.099589	1.547177
0.998321	1.103429	1.546150
0.998417	1.107270	1.545133
0.998518	1.111110	1.544126
0.998622	1.114949	1.543130
0.998730	1.118787	1.542144
0.998842	1.122624	1.541169
0.998957	1.126460	1.540204
0.999077	1.130295	1.539249
0.999199	1.134129	1.538305
0.999326	1.137961	1.537370
0.999456	1.141791	1.536445
0.999589	1.145620	1.535530
0.999726	1.149447	1.534624
0.999866	1.153272	1.533729
1.000009	1.157095	1.532842
1.000156	1.160915	1.531966
1.000306	1.164733	1.531099
1.000459	1.168549	1.530241
1.000616	1.172362	1.529393
1.000775	1.176172	1.528553
1.000938	1.179980	1.527723
1.001103	1.183784	1.526902
1.001272	1.187585	1.526091
1.001443	1.191383	1.525288
1.001617	1.195178	1.524494
1.001795	1.198969	1.523709
1.001974	1.202756	1.523037
1.002156	1.206540	1.522645
1.002339	1.210320	1.522536
1.002521	1.214095	1.522709
1.002701	1.217867	1.523165
1.002880	1.221634	1.523907
1.003054	1.225397	1.524935
1.003224	1.229155	1.526250
1.003389	1.232909	1.527854
1.003546	1.236658	1.529748
1.003696	1.240402	1.531933
1.003837	1.244141	1.534410
1.003968	1.247875	1.537183
1.004088	1.251603	1.540251
1.004195	1.255326	1.543617
1.004290	1.259044	1.547283
1.004370	1.262756	1.551250
1.004434	1.266462	1.555521
1.004482	1.270162	1.560096
1.004513	1.273856	1.564978
1.004525	1.277544	1.570170
1.004517	1.281225	1.575672
1.004489	1.284900	1.581486
1.004438	1.288569	1.587615
1.004365	1.292231	1.594060
1.004268	1.295886	1.600822
1.004145	1.299534	1.607904
1.003997	1.303175	1.615306
1.003821	1.306808	1.623030
1.003617	1.310435	1.631078
1.003383	1.314054	1.639449
1.003119	1.317665	1.648145
1.002824	1.321269	1.657166
1.002496	1.324865	1.666513
1.002134	1.328453	1.676185
1.001737	1.332033	1.686182
1.001304	1.335604	1.696503
1.000835	1.339168	1.707147
1.000327	1.342722	1.718112
0.999781	1.346269	1.729396
0.999194	1.349806	1.740997
0.998566	1.353335	1.752911
0.997896	1.356854	1.765136
0.997182	1.360365	1.777666
0.996424	1.363866	1.790496
0.995620	1.367358	1.803622
0.994770	1.370841	1.817038
0.993872	1.374313	1.830736
0.992925	1.377777	1.844708
0.991928	1.381230	1.858948
0.990880	1.384673	1.873446
0.989780	1.388106	1.888192
0.988628	1.391529	1.903177
0.987421	1.394941	1.918389
0.986158	1.398343	1.933816
0.984840	1.401735	1.949448
0.983464	1.405115	1.965269
0.982029	1.408485	1.981268
0.980535	1.411844	1.997430
0.978980	1.415191	2.013741
0.977364	1.418528	2.030185
0.975685	1.421853	2.046748
0.973942	1.425166	2.063413
0.972134	1.428468	2.080165
0.970260	1.431758	2.096988
0.968319	1.435036	2.113865
0.966309	1.438302	2.130779
0.964231	1.441556	2.147716
0.962082	1.444797	2.164658
0.959862	1.448026	2.181590
0.957569	1.451243	2.198495
0.955202	1.454447	2.215358
0.952761	1.457638	2.232164
0.950245	1.460816	2.248898
0.947651	1.463982	2.265546
0.944980	1.467134	2.282094
0.942229	1.470272	2.298530
0.939399	1.473398	2.314840
0.936488	1.476510	2.331013
0.933494	1.479608	2.347037
0.930417	1.482692	2.362903
0.927256	1.485762	2.378600
0.924009	1.488819	2.394119
0.920676	1.491861	2.409452
0.917255	1.494889	2.424592
0.913746	1.497902	2.439532
0.910147	1.500901	2.454265
0.906457	1.503885	2.468786
0.902675	1.506854	2.483091
0.898800	1.509808	2.497176
