t	x(t)	y(t)	theta(t)	v(t)	gamma(t)	efa
0.002358	0.694124	0.170082	1.626420	0.250000	-0.892702	-0.027938
0.005773	0.694124	0.170082	1.626420	0.250000	-0.892702	-0.027938
0.013575	0.694124	0.170082	1.626420	0.250000	-0.892702	-0.027938
0.023780	0.694784	0.169095	1.625343	0.250000	-0.883703	-0.027205
0.033063	0.694784	0.169095	1.625343	0.250000	-0.883703	-0.027205
0.043086	0.694784	0.169095	1.625343	0.250000	-0.883703	-0.027205
0.053531	0.694784	0.169095	1.625343	0.250000	-0.883703	-0.027205
0.063251	0.694784	0.169095	1.625343	0.250000	-0.883703	-0.027205
0.073063	0.694784	0.169095	1.625343	0.250000	-0.883703	-0.027205
0.082887	0.694784	0.169095	1.625343	0.250000	-0.883703	-0.027205
0.092908	0.694784	0.169095	1.625343	0.250000	-0.883703	-0.027205
0.103303	0.694784	0.169095	1.625343	0.250000	-0.883703	-0.027205
0.113030	0.694784	0.169095	1.625343	0.250000	-0.883703	-0.027205
0.122867	0.694784	0.169095	1.625343	0.250000	-0.883703	-0.027205
0.132912	0.694784	0.169095	1.625343	0.250000	-0.883703	-0.027205
0.143337	0.694784	0.169095	1.625343	0.250000	-0.883703	-0.027205
0.153018	0.694124	0.170082	1.626420	0.250000	-0.892702	-0.027938
0.162839	0.694124	0.170082	1.626420	0.250000	-0.892702	-0.027938
0.173070	0.694124	0.170082	1.626420	0.250000	-0.892702	-0.027938
0.183525	0.694124	0.170082	1.626420	0.250000	-0.892702	-0.027938
0.193074	0.694124	0.170082	1.626420	0.250000	-0.892702	-0.027938
0.202924	0.693220	0.172064	1.622479	0.250000	-0.924208	-0.030149
0.212959	0.693220	0.172064	1.622479	0.250000	-0.924208	-0.030149
0.223350	0.693220	0.172064	1.622479	0.250000	-0.924208	-0.030149
0.233062	0.693220	0.172064	1.622479	0.250000	-0.924208	-0.030149
0.242896	0.693220	0.172064	1.622479	0.250000	-0.924208	-0.030149
0.253583	0.693220	0.172064	1.622479	0.250000	-0.924208	-0.030149
0.263300	0.693531	0.176450	1.621989	0.250000	-0.948952	-0.031475
0.273134	0.693531	0.176450	1.621989	0.250000	-0.948952	-0.031475
0.282915	0.693531	0.176450	1.621989	0.250000	-0.948952	-0.031475
0.292970	0.693531	0.176450	1.621989	0.250000	-0.948952	-0.031475
0.303748	0.693531	0.176450	1.621989	0.250000	-0.948952	-0.031475
0.313214	0.693531	0.176450	1.621989	0.250000	-0.948952	-0.031475
0.322935	0.693531	0.176450	1.621989	0.250000	-0.948952	-0.031475
0.333621	0.693531	0.176450	1.621989	0.250000	-0.948952	-0.031475
0.343453	0.693531	0.176450	1.621989	0.250000	-0.948952	-0.031475
0.353132	0.693531	0.176450	1.621989	0.250000	-0.948952	-0.031475
0.362854	0.693531	0.176450	1.621989	0.250000	-0.948952	-0.031475
0.373640	0.693531	0.176450	1.621989	0.250000	-0.948952	-0.031475
0.383413	0.693531	0.176450	1.621989	0.250000	-0.948952	-0.031475
0.393188	0.693832	0.187316	1.588576	0.250000	-0.959374	-0.032749
0.404952	0.693832	0.187316	1.588576	0.250000	-0.959374	-0.032749
0.413135	0.693832	0.187316	1.588576	0.250000	-0.959374	-0.032749
0.423471	0.693832	0.187316	1.588576	0.250000	-0.959374	-0.032749
0.433135	0.693832	0.187316	1.588576	0.250000	-0.959374	-0.032749
0.442951	0.693832	0.187316	1.588576	0.250000	-0.959374	-0.032749
0.454461	0.694054	0.202076	1.547910	0.250000	-0.983443	-0.035762
0.463501	0.694054	0.202076	1.547910	0.250000	-0.983443	-0.035762
0.473188	0.694054	0.202076	1.547910	0.250000	-0.983443	-0.035762
0.483009	0.694054	0.202076	1.547910	0.250000	-0.983443	-0.035762
0.493694	0.694054	0.202076	1.547910	0.250000	-0.983443	-0.035762
0.503627	0.694054	0.202076	1.547910	0.250000	-0.983443	-0.035762
0.513289	0.694370	0.218209	1.493913	0.250000	-0.977751	-0.037921
0.523007	0.694370	0.218209	1.493913	0.250000	-0.977751	-0.037921
0.532888	0.694370	0.218209	1.493913	0.250000	-0.977751	-0.037921
0.543516	0.694370	0.218209	1.493913	0.250000	-0.977751	-0.037921
0.553211	0.694370	0.218209	1.493913	0.250000	-0.977751	-0.037921
0.562927	0.694370	0.218209	1.493913	0.250000	-0.977751	-0.037921
0.573025	0.695654	0.232557	1.461271	0.250000	-1.004949	-0.041999
0.583505	0.695654	0.232557	1.461271	0.250000	-1.004949	-0.041999
0.595389	0.695654	0.232557	1.461271	0.250000	-1.004949	-0.041999
0.603161	0.695654	0.232557	1.461271	0.250000	-1.004949	-0.041999
0.612809	0.695654	0.232557	1.461271	0.250000	-1.004949	-0.041999
0.623444	0.697718	0.247023	1.427281	0.250000	-0.998134	-0.043664
0.633230	0.697718	0.247023	1.427281	0.250000	-0.998134	-0.043664
0.643217	0.697718	0.247023	1.427281	0.250000	-0.998134	-0.043664
0.652817	0.697718	0.247023	1.427281	0.250000	-0.998134	-0.043664
0.666312	0.697718	0.247023	1.427281	0.250000	-0.998134	-0.043664
0.672993	0.697718	0.247023	1.427281	0.250000	-0.998134	-0.043664
0.683141	0.697718	0.247023	1.427281	0.250000	-0.998134	-0.043664
0.693100	0.697718	0.247023	1.427281	0.250000	-0.998134	-0.043664
0.703633	0.697718	0.247023	1.427281	0.250000	-0.998134	-0.043664
0.712959	0.697718	0.247023	1.427281	0.250000	-0.998134	-0.043664
0.723032	0.697718	0.247023	1.427281	0.250000	-0.998134	-0.043664
0.732896	0.697718	0.247023	1.427281	0.250000	-0.998134	-0.043664
0.743539	0.697718	0.247023	1.427281	0.250000	-0.998134	-0.043664
0.753292	0.700001	0.263282	1.380415	0.250000	-1.004506	-0.048003
0.763023	0.700001	0.263282	1.380415	0.250000	-1.004506	-0.048003
0.774629	0.700001	0.263282	1.380415	0.250000	-1.004506	-0.048003
0.783688	0.700001	0.263282	1.380415	0.250000	-1.004506	-0.048003
0.792943	0.700001	0.263282	1.380415	0.250000	-1.004506	-0.048003
0.803195	0.700001	0.263282	1.380415	0.250000	-1.004506	-0.048003
0.812853	0.700001	0.263282	1.380415	0.250000	-1.004506	-0.048003
0.823597	0.700001	0.263282	1.380415	0.250000	-1.004506	-0.048003
0.833302	0.700001	0.263282	1.380415	0.250000	-1.004506	-0.048003
0.843292	0.700001	0.263282	1.380415	0.250000	-1.004506	-0.048003
0.852998	0.700001	0.263282	1.380415	0.250000	-1.004506	-0.048003
0.863644	0.700001	0.263282	1.380415	0.250000	-1.004506	-0.048003
0.873432	0.704126	0.283455	1.333708	0.250000	-0.995802	-0.051567
0.883117	0.704126	0.283455	1.333708	0.250000	-0.995802	-0.051567
0.892991	0.704126	0.283455	1.333708	0.250000	-0.995802	-0.051567
0.904679	0.704126	0.283455	1.333708	0.250000	-0.995802	-0.051567
0.913407	0.704126	0.283455	1.333708	0.250000	-0.995802	-0.051567
0.923075	0.704126	0.283455	1.333708	0.250000	-0.995802	-0.051567
0.932922	0.709656	0.303262	1.280618	0.250000	-0.968437	-0.054689
0.943757	0.709656	0.303262	1.280618	0.250000	-0.968437	-0.054689
0.953428	0.709656	0.303262	1.280618	0.250000	-0.968437	-0.054689
0.963172	0.709656	0.303262	1.280618	0.250000	-0.968437	-0.054689
0.973179	0.709656	0.303262	1.280618	0.250000	-0.968437	-0.054689
0.982914	0.709656	0.303262	1.280618	0.250000	-0.968437	-0.054689
0.993378	0.709656	0.303262	1.280618	0.250000	-0.968437	-0.054689
1.003272	0.715265	0.321754	1.234675	0.250000	-0.929680	-0.056521
1.012898	0.715265	0.321754	1.234675	0.250000	-0.929680	-0.056521
1.022882	0.715265	0.321754	1.234675	0.250000	-0.929680	-0.056521
1.032941	0.715265	0.321754	1.234675	0.250000	-0.929680	-0.056521
1.043198	0.715265	0.321754	1.234675	0.250000	-0.929680	-0.056521
1.052911	0.715265	0.321754	1.234675	0.250000	-0.929680	-0.056521
1.063711	0.715265	0.321754	1.234675	0.250000	-0.929680	-0.056521
1.073451	0.715265	0.321754	1.234675	0.250000	-0.929680	-0.056521
1.083318	0.715265	0.321754	1.234675	0.250000	-0.929680	-0.056521
1.093083	0.715265	0.321754	1.234675	0.250000	-0.929680	-0.056521
1.105702	0.715265	0.321754	1.234675	0.250000	-0.929680	-0.056521
1.112902	0.715265	0.321754	1.234675	0.250000	-0.929680	-0.056521
1.123199	0.720909	0.337436	1.184201	0.250000	-0.863972	-0.056475
1.132919	0.720909	0.337436	1.184201	0.250000	-0.863972	-0.056475
1.142902	0.720909	0.337436	1.184201	0.250000	-0.863972	-0.056475
1.153442	0.720909	0.337436	1.184201	0.250000	-0.863972	-0.056475
1.163157	0.720909	0.337436	1.184201	0.250000	-0.863972	-0.056475
1.173011	0.720909	0.337436	1.184201	0.250000	-0.863972	-0.056475
1.183674	0.727875	0.354538	1.149069	0.250000	-0.812035	-0.057780
1.193482	0.727875	0.354538	1.149069	0.250000	-0.812035	-0.057780
1.203471	0.727875	0.354538	1.149069	0.250000	-0.812035	-0.057780
1.213028	0.727875	0.354538	1.149069	0.250000	-0.812035	-0.057780
1.223711	0.727875	0.354538	1.149069	0.250000	-0.812035	-0.057780
1.232890	0.727875	0.354538	1.149069	0.250000	-0.812035	-0.057780
1.243386	0.734864	0.367750	1.108409	0.250000	-0.721386	-0.055033
1.253101	0.734864	0.367750	1.108409	0.250000	-0.721386	-0.055033
1.263809	0.734864	0.367750	1.108409	0.250000	-0.721386	-0.055033
1.272952	0.734864	0.367750	1.108409	0.250000	-0.721386	-0.055033
1.283300	0.734864	0.367750	1.108409	0.250000	-0.721386	-0.055033
1.293003	0.734864	0.367750	1.108409	0.250000	-0.721386	-0.055033
1.303097	0.734864	0.367750	1.108409	0.250000	-0.721386	-0.055033
1.312934	0.742201	0.381626	1.069787	0.250000	-0.644235	-0.051526
1.323294	0.742201	0.381626	1.069787	0.250000	-0.644235	-0.051526
1.332995	0.742201	0.381626	1.069787	0.250000	-0.644235	-0.051526
1.343818	0.742201	0.381626	1.069787	0.250000	-0.644235	-0.051526
1.353545	0.742201	0.381626	1.069787	0.250000	-0.644235	-0.051526
1.363349	0.742201	0.381626	1.069787	0.250000	-0.644235	-0.051526
1.373105	0.748494	0.391386	1.016786	0.250000	-0.532622	-0.044678
1.382995	0.748494	0.391386	1.016786	0.250000	-0.532622	-0.044678
1.392936	0.748494	0.391386	1.016786	0.250000	-0.532622	-0.044678
1.403310	0.748494	0.391386	1.016786	0.250000	-0.532622	-0.044678
1.413036	0.748494	0.391386	1.016786	0.250000	-0.532622	-0.044678
1.422890	0.748494	0.391386	1.016786	0.250000	-0.532622	-0.044678
1.433585	0.756018	0.403969	0.974415	0.250000	-0.460972	-0.039901
1.443380	0.756018	0.403969	0.974415	0.250000	-0.460972	-0.039901
1.453074	0.756018	0.403969	0.974415	0.250000	-0.460972	-0.039901
1.462891	0.756018	0.403969	0.974415	0.250000	-0.460972	-0.039901
1.473608	0.756018	0.403969	0.974415	0.250000	-0.460972	-0.039901
1.483389	0.756018	0.403969	0.974415	0.250000	-0.460972	-0.039901
1.493129	0.756018	0.403969	0.974415	0.250000	-0.460972	-0.039901
1.503277	0.763903	0.414149	0.930914	0.250000	-0.370753	-0.033439
1.512913	0.763903	0.414149	0.930914	0.250000	-0.370753	-0.033439
1.522898	0.763903	0.414149	0.930914	0.250000	-0.370753	-0.033439
1.533019	0.763903	0.414149	0.930914	0.250000	-0.370753	-0.033439
1.543039	0.763903	0.414149	0.930914	0.250000	-0.370753	-0.033439
1.553001	0.763903	0.414149	0.930914	0.250000	-0.370753	-0.033439
1.563398	0.772824	0.426962	0.896230	0.250000	-0.303079	-0.029050
1.572978	0.772824	0.426962	0.896230	0.250000	-0.303079	-0.029050
1.582895	0.772824	0.426962	0.896230	0.250000	-0.303079	-0.029050
1.594649	0.772824	0.426962	0.896230	0.250000	-0.303079	-0.029050
1.603400	0.772824	0.426962	0.896230	0.250000	-0.303079	-0.029050
1.613216	0.772824	0.426962	0.896230	0.250000	-0.303079	-0.029050
1.623141	0.772824	0.426962	0.896230	0.250000	-0.303079	-0.029050
1.633682	0.772824	0.426962	0.896230	0.250000	-0.303079	-0.029050
1.643475	0.772824	0.426962	0.896230	0.250000	-0.303079	-0.029050
1.653241	0.772824	0.426962	0.896230	0.250000	-0.303079	-0.029050
1.662917	0.772824	0.426962	0.896230	0.250000	-0.303079	-0.029050
1.673700	0.772824	0.426962	0.896230	0.250000	-0.303079	-0.029050
1.683504	0.772824	0.426962	0.896230	0.250000	-0.303079	-0.029050
1.693169	0.785199	0.440442	0.850450	0.250000	-0.178212	-0.021094
1.706859	0.785199	0.440442	0.850450	0.250000	-0.178212	-0.021094
1.712895	0.785199	0.440442	0.850450	0.250000	-0.178212	-0.021094
1.723108	0.785199	0.440442	0.850450	0.250000	-0.178212	-0.021094
1.733254	0.785199	0.440442	0.850450	0.250000	-0.178212	-0.021094
1.743121	0.785199	0.440442	0.850450	0.250000	-0.178212	-0.021094
1.753742	0.785199	0.440442	0.850450	0.250000	-0.178212	-0.021094
1.763615	0.785199	0.440442	0.850450	0.250000	-0.178212	-0.021094
1.773297	0.785199	0.440442	0.850450	0.250000	-0.178212	-0.021094
1.782999	0.785199	0.440442	0.850450	0.250000	-0.178212	-0.021094
1.792898	0.785199	0.440442	0.850450	0.250000	-0.178212	-0.021094
1.803477	0.801854	0.458863	0.787156	0.250000	0.003153	-0.010528
1.813308	0.801854	0.458863	0.787156	0.250000	0.003153	-0.010528
1.822977	0.801854	0.458863	0.787156	0.250000	0.003153	-0.010528
1.832920	0.801854	0.458863	0.787156	0.250000	0.003153	-0.010528
1.843595	0.801854	0.458863	0.787156	0.250000	0.003153	-0.010528
1.853247	0.801854	0.458863	0.787156	0.250000	0.003153	-0.010528
1.863002	0.801854	0.458863	0.787156	0.250000	0.003153	-0.010528
1.872850	0.819399	0.476137	0.719344	0.250000	0.225861	0.001964
1.883677	0.819399	0.476137	0.719344	0.250000	0.225861	0.001964
1.893367	0.819399	0.476137	0.719344	0.250000	0.225861	0.001964
1.903368	0.819399	0.476137	0.719344	0.250000	0.225861	0.001964
1.913152	0.819399	0.476137	0.719344	0.250000	0.225861	0.001964
1.923529	0.819399	0.476137	0.719344	0.250000	0.225861	0.001964
1.933044	0.835248	0.490719	0.666013	0.250000	0.417421	0.012555
1.943068	0.835248	0.490719	0.666013	0.250000	0.417421	0.012555
1.952890	0.835248	0.490719	0.666013	0.250000	0.417421	0.012555
1.963520	0.835248	0.490719	0.666013	0.250000	0.417421	0.012555
1.973778	0.835248	0.490719	0.666013	0.250000	0.417421	0.012555
1.983063	0.835248	0.490719	0.666013	0.250000	0.417421	0.012555
1.993127	0.835248	0.490719	0.666013	0.250000	0.417421	0.012555
2.003819	0.846373	0.497286	0.631303	0.250000	0.570846	0.021947
2.012991	0.846373	0.497286	0.631303	0.250000	0.570846	0.021947
2.023131	0.846373	0.497286	0.631303	0.250000	0.570846	0.021947
2.032954	0.846373	0.497286	0.631303	0.250000	0.570846	0.021947
2.043688	0.846373	0.497286	0.631303	0.250000	0.570846	0.021947
2.053369	0.846373	0.497286	0.631303	0.250000	0.570846	0.021947
2.063111	0.846373	0.497286	0.631303	0.250000	0.570846	0.021947
2.072940	0.846373	0.497286	0.631303	0.250000	0.570846	0.021947
2.082912	0.846373	0.497286	0.631303	0.250000	0.570846	0.021947
2.092947	0.846373	0.497286	0.631303	0.250000	0.570846	0.021947
2.103132	0.846373	0.497286	0.631303	0.250000	0.570846	0.021947
2.112904	0.846373	0.497286	0.631303	0.250000	0.570846	0.021947
2.123792	0.860777	0.506675	0.602245	0.250000	0.721806	0.031463
2.133049	0.860777	0.506675	0.602245	0.250000	0.721806	0.031463
2.143160	0.860777	0.506675	0.602245	0.250000	0.721806	0.031463
2.152912	0.860777	0.506675	0.602245	0.250000	0.721806	0.031463
2.163624	0.860777	0.506675	0.602245	0.250000	0.721806	0.031463
2.173389	0.860777	0.506675	0.602245	0.250000	0.721806	0.031463
2.183193	0.860777	0.506675	0.602245	0.250000	0.721806	0.031463
2.192917	0.875538	0.517955	0.599450	0.250000	0.799085	0.036434
2.202992	0.875538	0.517955	0.599450	0.250000	0.799085	0.036434
2.212927	0.875538	0.517955	0.599450	0.250000	0.799085	0.036434
2.223211	0.875538	0.517955	0.599450	0.250000	0.799085	0.036434
2.234277	0.875538	0.517955	0.599450	0.250000	0.799085	0.036434
2.243674	0.875538	0.517955	0.599450	0.250000	0.799085	0.036434
2.253416	0.875538	0.517955	0.599450	0.250000	0.799085	0.036434
2.263207	0.875538	0.517955	0.599450	0.250000	0.799085	0.036434
2.273068	0.875538	0.517955	0.599450	0.250000	0.799085	0.036434
2.283439	0.875538	0.517955	0.599450	0.250000	0.799085	0.036434
2.292941	0.875538	0.517955	0.599450	0.250000	0.799085	0.036434
2.303227	0.895555	0.535744	0.657004	0.250000	0.796896	0.036600
2.312971	0.895555	0.535744	0.657004	0.250000	0.796896	0.036600
2.323701	0.895555	0.535744	0.657004	0.250000	0.796896	0.036600
2.332935	0.895555	0.535744	0.657004	0.250000	0.796896	0.036600
2.343318	0.895555	0.535744	0.657004	0.250000	0.796896	0.036600
2.352976	0.895555	0.535744	0.657004	0.250000	0.796896	0.036600
2.363703	0.895555	0.535744	0.657004	0.250000	0.796896	0.036600
2.373526	0.895555	0.535744	0.657004	0.250000	0.796896	0.036600
2.383414	0.895555	0.535744	0.657004	0.250000	0.796896	0.036600
2.393034	0.895555	0.535744	0.657004	0.250000	0.796896	0.036600
2.403682	0.895555	0.535744	0.657004	0.250000	0.796896	0.036600
2.413501	0.895555	0.535744	0.657004	0.250000	0.796896	0.036600
2.423248	0.912430	0.551457	0.751766	0.250000	0.712844	0.031759
2.433160	0.912430	0.551457	0.751766	0.250000	0.712844	0.031759
2.443768	0.912430	0.551457	0.751766	0.250000	0.712844	0.031759
2.454728	0.912430	0.551457	0.751766	0.250000	0.712844	0.031759
2.463283	0.912430	0.551457	0.751766	0.250000	0.712844	0.031759
2.473030	0.912430	0.551457	0.751766	0.250000	0.712844	0.031759
2.483761	0.930256	0.568979	0.844843	0.250000	0.682321	0.029217
2.493397	0.930256	0.568979	0.844843	0.250000	0.682321	0.029217
2.503401	0.930256	0.568979	0.844843	0.250000	0.682321	0.029217
2.513057	0.930256	0.568979	0.844843	0.250000	0.682321	0.029217
2.523767	0.930256	0.568979	0.844843	0.250000	0.682321	0.029217
2.532977	0.941858	0.582981	0.903957	0.250000	0.685528	0.027808
2.543415	0.941858	0.582981	0.903957	0.250000	0.685528	0.027808
2.553285	0.941858	0.582981	0.903957	0.250000	0.685528	0.027808
2.563903	0.941858	0.582981	0.903957	0.250000	0.685528	0.027808
2.573212	0.941858	0.582981	0.903957	0.250000	0.685528	0.027808
2.583377	0.941858	0.582981	0.903957	0.250000	0.685528	0.027808
2.595665	0.951215	0.596495	0.950356	0.250000	0.727376	0.027816
2.604858	0.951215	0.596495	0.950356	0.250000	0.727376	0.027816
2.613696	0.951215	0.596495	0.950356	0.250000	0.727376	0.027816
2.623447	0.951215	0.596495	0.950356	0.250000	0.727376	0.027816
2.633120	0.951215	0.596495	0.950356	0.250000	0.727376	0.027816
2.642923	0.951215	0.596495	0.950356	0.250000	0.727376	0.027816
2.652941	0.951215	0.596495	0.950356	0.250000	0.727376	0.027816
2.663348	0.951215	0.596495	0.950356	0.250000	0.727376	0.027816
2.673114	0.951215	0.596495	0.950356	0.250000	0.727376	0.027816
2.683859	0.951215	0.596495	0.950356	0.250000	0.727376	0.027816
2.693629	0.951215	0.596495	0.950356	0.250000	0.727376	0.027816
2.704163	0.951215	0.596495	0.950356	0.250000	0.727376	0.027816
2.713101	0.951215	0.596495	0.950356	0.250000	0.727376	0.027816
2.723123	0.959997	0.610110	1.005595	0.250000	0.720118	0.026074
2.733662	0.959997	0.610110	1.005595	0.250000	0.720118	0.026074
2.743493	0.959997	0.610110	1.005595	0.250000	0.720118	0.026074
2.753236	0.959997	0.610110	1.005595	0.250000	0.720118	0.026074
2.762911	0.959997	0.610110	1.005595	0.250000	0.720118	0.026074
2.774631	0.959997	0.610110	1.005595	0.250000	0.720118	0.026074
2.783412	0.969782	0.626262	1.053411	0.250000	0.787582	0.028874
2.792983	0.969782	0.626262	1.053411	0.250000	0.787582	0.028874
2.803272	0.969782	0.626262	1.053411	0.250000	0.787582	0.028874
2.812936	0.969782	0.626262	1.053411	0.250000	0.787582	0.028874
2.823438	0.969782	0.626262	1.053411	0.250000	0.787582	0.028874
2.832918	0.969782	0.626262	1.053411	0.250000	0.787582	0.028874
2.842976	0.980279	0.644364	1.108160	0.250000	0.805423	0.030465
2.852904	0.980279	0.644364	1.108160	0.250000	0.805423	0.030465
2.863446	0.980279	0.644364	1.108160	0.250000	0.805423	0.030465
2.874283	0.980279	0.644364	1.108160	0.250000	0.805423	0.030465
2.882966	0.980279	0.644364	1.108160	0.250000	0.805423	0.030465
2.893661	0.980279	0.644364	1.108160	0.250000	0.805423	0.030465
2.903643	0.986686	0.659303	1.141272	0.250000	0.845824	0.033511
2.913441	0.986686	0.659303	1.141272	0.250000	0.845824	0.033511
2.922991	0.986686	0.659303	1.141272	0.250000	0.845824	0.033511
2.933008	0.986686	0.659303	1.141272	0.250000	0.845824	0.033511
2.943478	0.986686	0.659303	1.141272	0.250000	0.845824	0.033511
2.953194	0.986686	0.659303	1.141272	0.250000	0.845824	0.033511
2.963967	0.991943	0.672495	1.183895	0.250000	0.832803	0.034110
2.974735	0.991943	0.672495	1.183895	0.250000	0.832803	0.034110
2.983490	0.991943	0.672495	1.183895	0.250000	0.832803	0.034110
2.992913	0.991943	0.672495	1.183895	0.250000	0.832803	0.034110
3.003123	0.991943	0.672495	1.183895	0.250000	0.832803	0.034110
3.012931	0.991943	0.672495	1.183895	0.250000	0.832803	0.034110
3.023515	0.991943	0.672495	1.183895	0.250000	0.832803	0.034110
3.032940	0.991943	0.672495	1.183895	0.250000	0.832803	0.034110
3.043015	0.991943	0.672495	1.183895	0.250000	0.832803	0.034110
3.054589	0.991943	0.672495	1.183895	0.250000	0.832803	0.034110
3.063634	0.991943	0.672495	1.183895	0.250000	0.832803	0.034110
3.075163	0.991943	0.672495	1.183895	0.250000	0.832803	0.034110
3.083011	0.996934	0.688496	1.226768	0.250000	0.819379	0.035296
3.093793	0.996934	0.688496	1.226768	0.250000	0.819379	0.035296
3.103532	0.996934	0.688496	1.226768	0.250000	0.819379	0.035296
3.113322	0.996934	0.688496	1.226768	0.250000	0.819379	0.035296
3.122970	0.996934	0.688496	1.226768	0.250000	0.819379	0.035296
3.132892	0.996934	0.688496	1.226768	0.250000	0.819379	0.035296
3.143655	1.002578	0.706227	1.273533	0.250000	0.787867	0.036360
3.153484	1.002578	0.706227	1.273533	0.250000	0.787867	0.036360
3.163303	1.002578	0.706227	1.273533	0.250000	0.787867	0.036360
3.172889	1.002578	0.706227	1.273533	0.250000	0.787867	0.036360
3.183609	1.002578	0.706227	1.273533	0.250000	0.787867	0.036360
3.193315	1.002578	0.706227	1.273533	0.250000	0.787867	0.036360
3.203239	1.002578	0.706227	1.273533	0.250000	0.787867	0.036360
3.212860	1.008149	0.725424	1.333817	0.250000	0.720181	0.036605
3.223754	1.008149	0.725424	1.333817	0.250000	0.720181	0.036605
3.233589	1.008149	0.725424	1.333817	0.250000	0.720181	0.036605
3.243108	1.008149	0.725424	1.333817	0.250000	0.720181	0.036605
3.253835	1.008149	0.725424	1.333817	0.250000	0.720181	0.036605
3.263556	1.008149	0.725424	1.333817	0.250000	0.720181	0.036605
3.273504	1.011261	0.738795	1.371710	0.250000	0.668744	0.036126
3.283123	1.011261	0.738795	1.371710	0.250000	0.668744	0.036126
3.292857	1.011261	0.738795	1.371710	0.250000	0.668744	0.036126
3.303633	1.011261	0.738795	1.371710	0.250000	0.668744	0.036126
3.313378	1.011261	0.738795	1.371710	0.250000	0.668744	0.036126
3.323208	1.012720	0.752988	1.419159	0.250000	0.581418	0.033231
3.332915	1.012720	0.752988	1.419159	0.250000	0.581418	0.033231
3.343749	1.012720	0.752988	1.419159	0.250000	0.581418	0.033231
3.352878	1.012720	0.752988	1.419159	0.250000	0.581418	0.033231
3.363097	1.012720	0.752988	1.419159	0.250000	0.581418	0.033231
3.372922	1.012720	0.752988	1.419159	0.250000	0.581418	0.033231
3.383786	1.012720	0.752988	1.419159	0.250000	0.581418	0.033231
3.393013	1.012720	0.752988	1.419159	0.250000	0.581418	0.033231
3.403171	1.011807	0.763491	1.447765	0.250000	0.504219	0.029168
3.412980	1.011807	0.763491	1.447765	0.250000	0.504219	0.029168
3.423683	1.011807	0.763491	1.447765	0.250000	0.504219	0.029168
3.433414	1.011807	0.763491	1.447765	0.250000	0.504219	0.029168
3.443186	1.011807	0.763491	1.447765	0.250000	0.504219	0.029168
3.452907	1.011807	0.763491	1.447765	0.250000	0.504219	0.029168
3.462914	1.011807	0.763491	1.447765	0.250000	0.504219	0.029168
3.473456	1.011807	0.763491	1.447765	0.250000	0.504219	0.029168
3.483354	1.011807	0.763491	1.447765	0.250000	0.504219	0.029168
3.493005	1.011807	0.763491	1.447765	0.250000	0.504219	0.029168
3.503836	1.011807	0.763491	1.447765	0.250000	0.504219	0.029168
3.512887	1.011807	0.763491	1.447765	0.250000	0.504219	0.029168
3.523215	1.012566	0.780775	1.501347	0.250000	0.380812	0.023612
3.532945	1.012566	0.780775	1.501347	0.250000	0.380812	0.023612
3.542933	1.012566	0.780775	1.501347	0.250000	0.380812	0.023612
3.555425	1.012566	0.780775	1.501347	0.250000	0.380812	0.023612
3.563214	1.012566	0.780775	1.501347	0.250000	0.380812	0.023612
3.572985	1.012563	0.797045	1.542959	0.250000	0.273286	0.018386
3.582933	1.012563	0.797045	1.542959	0.250000	0.273286	0.018386
3.593612	1.012563	0.797045	1.542959	0.250000	0.273286	0.018386
3.603301	1.012563	0.797045	1.542959	0.250000	0.273286	0.018386
3.612986	1.012563	0.797045	1.542959	0.250000	0.273286	0.018386
3.623736	1.012563	0.797045	1.542959	0.250000	0.273286	0.018386
3.633484	1.012563	0.797045	1.542959	0.250000	0.273286	0.018386
3.643460	1.013168	0.817287	1.659989	0.250000	-0.026149	0.003582
3.653178	1.013168	0.817287	1.659989	0.250000	-0.026149	0.003582
3.663766	1.013168	0.817287	1.659989	0.250000	-0.026149	0.003582
3.672951	1.013168	0.817287	1.659989	0.250000	-0.026149	0.003582
3.683328	1.013168	0.817287	1.659989	0.250000	-0.026149	0.003582
3.693047	1.013168	0.817287	1.659989	0.250000	-0.026149	0.003582
3.705114	1.013168	0.817287	1.659989	0.250000	-0.026149	0.003582
3.712916	1.010875	0.830556	1.700925	0.250000	-0.167393	-0.004267
3.723426	1.010875	0.830556	1.700925	0.250000	-0.167393	-0.004267
3.733231	1.010875	0.830556	1.700925	0.250000	-0.167393	-0.004267
3.742959	1.010875	0.830556	1.700925	0.250000	-0.167393	-0.004267
3.752923	1.010875	0.830556	1.700925	0.250000	-0.167393	-0.004267
3.763311	1.010875	0.830556	1.700925	0.250000	-0.167393	-0.004267
3.773141	1.009263	0.846605	1.757495	0.250000	-0.337516	-0.013350
3.782979	1.009263	0.846605	1.757495	0.250000	-0.337516	-0.013350
3.792901	1.009263	0.846605	1.757495	0.250000	-0.337516	-0.013350
3.803434	1.009263	0.846605	1.757495	0.250000	-0.337516	-0.013350
3.813056	1.009263	0.846605	1.757495	0.250000	-0.337516	-0.013350
3.822850	1.009263	0.846605	1.757495	0.250000	-0.337516	-0.013350
3.832920	1.006093	0.861348	1.743605	0.250000	-0.335081	-0.013971
3.843409	1.006093	0.861348	1.743605	0.250000	-0.335081	-0.013971
3.853079	1.006093	0.861348	1.743605	0.250000	-0.335081	-0.013971
3.863035	1.006093	0.861348	1.743605	0.250000	-0.335081	-0.013971
3.873105	1.006093	0.861348	1.743605	0.250000	-0.335081	-0.013971
3.883494	1.006093	0.861348	1.743605	0.250000	-0.335081	-0.013971
3.893116	1.006093	0.861348	1.743605	0.250000	-0.335081	-0.013971
3.903072	1.006093	0.861348	1.743605	0.250000	-0.335081	-0.013971
3.913622	1.006093	0.861348	1.743605	0.250000	-0.335081	-0.013971
3.923361	1.006093	0.861348	1.743605	0.250000	-0.335081	-0.013971
3.933095	1.006093	0.861348	1.743605	0.250000	-0.335081	-0.013971
3.942918	1.003484	0.882401	1.774742	0.250000	-0.456185	-0.021116
3.952927	1.003484	0.882401	1.774742	0.250000	-0.456185	-0.021116
3.963428	1.003484	0.882401	1.774742	0.250000	-0.456185	-0.021116
3.973199	1.003484	0.882401	1.774742	0.250000	-0.456185	-0.021116
3.982952	1.003484	0.882401	1.774742	0.250000	-0.456185	-0.021116
3.992915	1.003484	0.882401	1.774742	0.250000	-0.456185	-0.021116
4.003840	0.999614	0.902462	1.771904	0.250000	-0.497752	-0.024548
4.013186	0.999614	0.902462	1.771904	0.250000	-0.497752	-0.024548
4.022980	0.999614	0.902462	1.771904	0.250000	-0.497752	-0.024548
4.033576	0.999614	0.902462	1.771904	0.250000	-0.497752	-0.024548
4.043513	0.999614	0.902462	1.771904	0.250000	-0.497752	-0.024548
4.053231	0.999614	0.902462	1.771904	0.250000	-0.497752	-0.024548
4.062851	0.999614	0.902462	1.771904	0.250000	-0.497752	-0.024548
4.074572	0.995241	0.920814	1.818359	0.250000	-0.654262	-0.034443
4.083451	0.995241	0.920814	1.818359	0.250000	-0.654262	-0.034443
4.093000	0.995241	0.920814	1.818359	0.250000	-0.654262	-0.034443
4.103102	0.995241	0.920814	1.818359	0.250000	-0.654262	-0.034443
4.113710	0.995241	0.920814	1.818359	0.250000	-0.654262	-0.034443
4.123557	0.995241	0.920814	1.818359	0.250000	-0.654262	-0.034443
4.133286	0.991579	0.937287	1.799030	0.250000	-0.651071	-0.035601
4.143300	0.991579	0.937287	1.799030	0.250000	-0.651071	-0.035601
4.153719	0.991579	0.937287	1.799030	0.250000	-0.651071	-0.035601
4.163480	0.991579	0.937287	1.799030	0.250000	-0.651071	-0.035601
4.173432	0.991579	0.937287	1.799030	0.250000	-0.651071	-0.035601
4.183060	0.991579	0.937287	1.799030	0.250000	-0.651071	-0.035601
4.192924	0.991579	0.937287	1.799030	0.250000	-0.651071	-0.035601
4.203491	0.987431	0.950731	1.845938	0.250000	-0.794827	-0.045256
4.213014	0.987431	0.950731	1.845938	0.250000	-0.794827	-0.045256
4.222967	0.987431	0.950731	1.845938	0.250000	-0.794827	-0.045256
4.232921	0.987431	0.950731	1.845938	0.250000	-0.794827	-0.045256
4.243533	0.987431	0.950731	1.845938	0.250000	-0.794827	-0.045256
4.253267	0.987159	0.971389	1.746959	0.250000	-0.594709	-0.034314
4.263193	0.987159	0.971389	1.746959	0.250000	-0.594709	-0.034314
4.273864	0.987159	0.971389	1.746959	0.250000	-0.594709	-0.034314
4.283501	0.987159	0.971389	1.746959	0.250000	-0.594709	-0.034314
4.292972	0.987159	0.971389	1.746959	0.250000	-0.594709	-0.034314
4.303034	0.987159	0.971389	1.746959	0.250000	-0.594709	-0.034314
4.312928	0.987159	0.971389	1.746959	0.250000	-0.594709	-0.034314
4.323487	0.987159	0.971389	1.746959	0.250000	-0.594709	-0.034314
4.333387	0.986577	0.986933	1.718162	0.250000	-0.549884	-0.032339
4.343137	0.986577	0.986933	1.718162	0.250000	-0.549884	-0.032339
4.352870	0.986577	0.986933	1.718162	0.250000	-0.549884	-0.032339
4.363726	0.986577	0.986933	1.718162	0.250000	-0.549884	-0.032339
4.373458	0.986577	0.986933	1.718162	0.250000	-0.549884	-0.032339
4.383073	0.986577	0.986933	1.718162	0.250000	-0.549884	-0.032339
4.392898	0.986577	0.986933	1.718162	0.250000	-0.549884	-0.032339
4.403677	0.986577	0.986933	1.718162	0.250000	-0.549884	-0.032339
4.413362	0.986577	0.986933	1.718162	0.250000	-0.549884	-0.032339
4.424356	0.986577	0.986933	1.718162	0.250000	-0.549884	-0.032339
4.432896	0.986577	0.986933	1.718162	0.250000	-0.549884	-0.032339
4.443596	0.984679	1.002959	1.600770	0.250000	-0.289068	-0.018940
4.452971	0.984679	1.002959	1.600770	0.250000	-0.289068	-0.018940
4.463044	0.984679	1.002959	1.600770	0.250000	-0.289068	-0.018940
4.472888	0.984679	1.002959	1.600770	0.250000	-0.289068	-0.018940
4.483601	0.984679	1.002959	1.600770	0.250000	-0.289068	-0.018940
4.493343	0.984679	1.002959	1.600770	0.250000	-0.289068	-0.018940
4.503296	0.984021	1.021064	1.560448	0.250000	-0.205249	-0.014838
4.513342	0.984021	1.021064	1.560448	0.250000	-0.205249	-0.014838
4.523731	0.984021	1.021064	1.560448	0.250000	-0.205249	-0.014838
4.533671	0.984021	1.021064	1.560448	0.250000	-0.205249	-0.014838
4.543270	0.984021	1.021064	1.560448	0.250000	-0.205249	-0.014838
4.552918	0.984021	1.021064	1.560448	0.250000	-0.205249	-0.014838
4.562863	0.982194	1.034470	1.578443	0.250000	-0.280033	-0.019590
4.573396	0.982194	1.034470	1.578443	0.250000	-0.280033	-0.019590
4.583144	0.982194	1.034470	1.578443	0.250000	-0.280033	-0.019590
4.595399	0.982194	1.034470	1.578443	0.250000	-0.280033	-0.019590
4.604378	0.982194	1.034470	1.578443	0.250000	-0.280033	-0.019590
4.613445	0.982194	1.034470	1.578443	0.250000	-0.280033	-0.019590
4.623194	0.982194	1.034470	1.578443	0.250000	-0.280033	-0.019590
4.632912	0.982194	1.034470	1.578443	0.250000	-0.280033	-0.019590
4.642891	0.982194	1.034470	1.578443	0.250000	-0.280033	-0.019590
4.653406	0.982194	1.034470	1.578443	0.250000	-0.280033	-0.019590
4.663367	0.982194	1.034470	1.578443	0.250000	-0.280033	-0.019590
4.673160	0.982194	1.034470	1.578443	0.250000	-0.280033	-0.019590
4.683728	0.982194	1.034470	1.578443	0.250000	-0.280033	-0.019590
4.693469	0.984833	1.054443	1.578759	0.250000	-0.263365	-0.017820
4.703156	0.984833	1.054443	1.578759	0.250000	-0.263365	-0.017820
4.712963	0.984833	1.054443	1.578759	0.250000	-0.263365	-0.017820
4.723708	0.984833	1.054443	1.578759	0.250000	-0.263365	-0.017820
4.732955	0.984833	1.054443	1.578759	0.250000	-0.263365	-0.017820
4.743243	0.984833	1.054443	1.578759	0.250000	-0.263365	-0.017820
4.752944	0.984833	1.054443	1.578759	0.250000	-0.263365	-0.017820
4.763716	0.984833	1.054443	1.578759	0.250000	-0.263365	-0.017820
4.774546	0.984833	1.054443	1.578759	0.250000	-0.263365	-0.017820
4.783181	0.984833	1.054443	1.578759	0.250000	-0.263365	-0.017820
4.792954	0.984833	1.054443	1.578759	0.250000	-0.263365	-0.017820
4.803716	0.987912	1.077682	1.517894	0.250000	-0.084603	-0.007582
4.812963	0.987912	1.077682	1.517894	0.250000	-0.084603	-0.007582
4.823457	0.987912	1.077682	1.517894	0.250000	-0.084603	-0.007582
4.833018	0.987912	1.077682	1.517894	0.250000	-0.084603	-0.007582
4.843051	0.987912	1.077682	1.517894	0.250000	-0.084603	-0.007582
4.852907	0.987912	1.077682	1.517894	0.250000	-0.084603	-0.007582
4.863276	0.987912	1.077682	1.517894	0.250000	-0.084603	-0.007582
4.874661	0.987912	1.077682	1.517894	0.250000	-0.084603	-0.007582
4.882911	0.987912	1.077682	1.517894	0.250000	-0.084603	-0.007582
4.893489	0.987912	1.077682	1.517894	0.250000	-0.084603	-0.007582
4.904337	0.987912	1.077682	1.517894	0.250000	-0.084603	-0.007582
4.913221	0.987912	1.077682	1.517894	0.250000	-0.084603	-0.007582
4.923779	0.991996	1.106361	1.363355	0.250000	0.364172	0.016311
4.933789	0.991996	1.106361	1.363355	0.250000	0.364172	0.016311
4.943339	0.991996	1.106361	1.363355	0.250000	0.364172	0.016311
4.953040	0.991996	1.106361	1.363355	0.250000	0.364172	0.016311
4.963785	0.991996	1.106361	1.363355	0.250000	0.364172	0.016311
4.972943	0.991996	1.106361	1.363355	0.250000	0.364172	0.016311
4.983341	0.991996	1.106361	1.363355	0.250000	0.364172	0.016311
4.993057	0.991996	1.106361	1.363355	0.250000	0.364172	0.016311
5.003785	0.991996	1.106361	1.363355	0.250000	0.364172	0.016311
5.012917	0.991996	1.106361	1.363355	0.250000	0.364172	0.016311
5.023342	0.991996	1.106361	1.363355	0.250000	0.364172	0.016311
5.033098	0.991996	1.106361	1.363355	0.250000	0.364172	0.016311
5.043002	0.999442	1.137255	1.270172	0.250000	0.674972	0.033928
5.053639	0.999442	1.137255	1.270172	0.250000	0.674972	0.033928
5.063378	0.999442	1.137255	1.270172	0.250000	0.674972	0.033928
5.073101	0.999442	1.137255	1.270172	0.250000	0.674972	0.033928
5.083095	0.999442	1.137255	1.270172	0.250000	0.674972	0.033928
5.092977	0.999442	1.137255	1.270172	0.250000	0.674972	0.033928
5.103556	0.999442	1.137255	1.270172	0.250000	0.674972	0.033928
5.114961	1.004933	1.157519	1.242088	0.250000	0.810543	0.042100
5.123009	1.004933	1.157519	1.242088	0.250000	0.810543	0.042100
5.133642	1.004933	1.157519	1.242088	0.250000	0.810543	0.042100
5.143480	1.004933	1.157519	1.242088	0.250000	0.810543	0.042100
5.153132	1.004933	1.157519	1.242088	0.250000	0.810543	0.042100
5.163949	1.004933	1.157519	1.242088	0.250000	0.810543	0.042100
5.172976	1.012137	1.178625	1.249323	0.250000	0.889318	0.047675
5.183011	1.012137	1.178625	1.249323	0.250000	0.889318	0.047675
5.192967	1.012137	1.178625	1.249323	0.250000	0.889318	0.047675
5.204098	1.012137	1.178625	1.249323	0.250000	0.889318	0.047675
5.213328	1.012137	1.178625	1.249323	0.250000	0.889318	0.047675
5.224864	1.012137	1.178625	1.249323	0.250000	0.889318	0.047675
5.233357	1.012137	1.178625	1.249323	0.250000	0.889318	0.047675
5.243062	1.012137	1.178625	1.249323	0.250000	0.889318	0.047675
5.252919	1.012137	1.178625	1.249323	0.250000	0.889318	0.047675
5.263393	1.012137	1.178625	1.249323	0.250000	0.889318	0.047675
5.274631	1.012137	1.178625	1.249323	0.250000	0.889318	0.047675
5.282919	1.012137	1.178625	1.249323	0.250000	0.889318	0.047675
5.293685	1.018454	1.199346	1.268840	0.250000	0.948403	0.051784
5.303475	1.018454	1.199346	1.268840	0.250000	0.948403	0.051784
5.313307	1.018454	1.199346	1.268840	0.250000	0.948403	0.051784
5.322946	1.018454	1.199346	1.268840	0.250000	0.948403	0.051784
5.333710	1.018454	1.199346	1.268840	0.250000	0.948403	0.051784
5.343517	1.018454	1.199346	1.268840	0.250000	0.948403	0.051784
5.353199	1.022380	1.213944	1.303642	0.250000	0.963835	0.053005
5.362929	1.022380	1.213944	1.303642	0.250000	0.963835	0.053005
5.374059	1.022380	1.213944	1.303642	0.250000	0.963835	0.053005
5.383426	1.022380	1.213944	1.303642	0.250000	0.963835	0.053005
5.393687	1.022380	1.213944	1.303642	0.250000	0.963835	0.053005
5.406932	1.026294	1.233074	1.359715	0.250000	0.962994	0.052789
5.413000	1.026294	1.233074	1.359715	0.250000	0.962994	0.052789
5.423495	1.026294	1.233074	1.359715	0.250000	0.962994	0.052789
5.433214	1.026294	1.233074	1.359715	0.250000	0.962994	0.052789
5.443008	1.026294	1.233074	1.359715	0.250000	0.962994	0.052789
5.452856	1.026294	1.233074	1.359715	0.250000	0.962994	0.052789
5.463482	1.026294	1.233074	1.359715	0.250000	0.962994	0.052789
5.474463	1.027565	1.246150	1.412899	0.250000	0.945868	0.051009
5.483144	1.027565	1.246150	1.412899	0.250000	0.945868	0.051009
5.492924	1.027565	1.246150	1.412899	0.250000	0.945868	0.051009
5.503810	1.027565	1.246150	1.412899	0.250000	0.945868	0.051009
5.513000	1.027565	1.246150	1.412899	0.250000	0.945868	0.051009
5.523184	1.027565	1.246150	1.412899	0.250000	0.945868	0.051009
5.532926	1.027565	1.246150	1.412899	0.250000	0.945868	0.051009
5.543553	1.027565	1.246150	1.412899	0.250000	0.945868	0.051009
5.552984	1.027565	1.246150	1.412899	0.250000	0.945868	0.051009
5.563034	1.027565	1.246150	1.412899	0.250000	0.945868	0.051009
5.574556	1.027565	1.246150	1.412899	0.250000	0.945868	0.051009
5.583550	1.027565	1.246150	1.412899	0.250000	0.945868	0.051009
5.593339	1.027565	1.246150	1.412899	0.250000	0.945868	0.051009
5.603036	1.030269	1.270347	1.550543	0.250000	0.849120	0.044320
5.612921	1.030269	1.270347	1.550543	0.250000	0.849120	0.044320
5.623583	1.030269	1.270347	1.550543	0.250000	0.849120	0.044320
5.633279	1.030269	1.270347	1.550543	0.250000	0.849120	0.044320
5.643246	1.030269	1.270347	1.550543	0.250000	0.849120	0.044320
5.652859	1.030269	1.270347	1.550543	0.250000	0.849120	0.044320
5.663574	1.030269	1.270347	1.550543	0.250000	0.849120	0.044320
5.673382	1.034206	1.298194	1.603131	0.250000	0.946158	0.050180
5.683150	1.034206	1.298194	1.603131	0.250000	0.946158	0.050180
5.692901	1.034206	1.298194	1.603131	0.250000	0.946158	0.050180
5.703650	1.034206	1.298194	1.603131	0.250000	0.946158	0.050180
5.713462	1.034206	1.298194	1.603131	0.250000	0.946158	0.050180
5.723089	1.034206	1.298194	1.603131	0.250000	0.946158	0.050180
5.732872	1.046265	1.323073	1.791889	0.250000	0.835143	0.049366
5.743640	1.046265	1.323073	1.791889	0.250000	0.835143	0.049366
5.753357	1.046265	1.323073	1.791889	0.250000	0.835143	0.049366
5.763117	1.046265	1.323073	1.791889	0.250000	0.835143	0.049366
5.772923	1.046265	1.323073	1.791889	0.250000	0.835143	0.049366
5.783096	1.046265	1.323073	1.791889	0.250000	0.835143	0.049366
5.793392	1.046265	1.323073	1.791889	0.250000	0.835143	0.049366
5.803427	1.046265	1.323073	1.791889	0.250000	0.835143	0.049366
5.812924	1.046265	1.323073	1.791889	0.250000	0.835143	0.049366
5.823667	1.046265	1.323073	1.791889	0.250000	0.835143	0.049366
5.833370	1.046265	1.323073	1.791889	0.250000	0.835143	0.049366
5.843463	1.046265	1.323073	1.791889	0.250000	0.835143	0.049366
5.852875	1.046303	1.347294	1.780905	0.250000	1.040088	0.062278
5.863655	1.046303	1.347294	1.780905	0.250000	1.040088	0.062278
5.872917	1.046303	1.347294	1.780905	0.250000	1.040088	0.062278
5.883341	1.046303	1.347294	1.780905	0.250000	1.040088	0.062278
5.893043	1.046303	1.347294	1.780905	0.250000	1.040088	0.062278
5.903666	1.046303	1.347294	1.780905	0.250000	1.040088	0.062278
5.914407	1.040538	1.355604	1.828982	0.250000	0.977534	0.056092
5.923036	1.040538	1.355604	1.828982	0.250000	0.977534	0.056092
5.932984	1.040538	1.355604	1.828982	0.250000	0.977534	0.056092
5.942923	1.040538	1.355604	1.828982	0.250000	0.977534	0.056092
5.952894	1.040538	1.355604	1.828982	0.250000	0.977534	0.056092
5.963195	1.040538	1.355604	1.828982	0.250000	0.977534	0.056092
5.973098	1.040538	1.355604	1.828982	0.250000	0.977534	0.056092
5.983723	1.027149	1.373593	1.735425	0.250000	1.169242	0.061865
5.992958	1.027149	1.373593	1.735425	0.250000	1.169242	0.061865
6.003215	1.027149	1.373593	1.735425	0.250000	1.169242	0.061865
6.014670	1.027149	1.373593	1.735425	0.250000	1.169242	0.061865
6.023106	1.027149	1.373593	1.735425	0.250000	1.169242	0.061865
6.033523	1.027149	1.373593	1.735425	0.250000	1.169242	0.061865
6.044990	1.027149	1.373593	1.735425	0.250000	1.169242	0.061865
6.053037	1.027149	1.373593	1.735425	0.250000	1.169242	0.061865
6.063708	1.027149	1.373593	1.735425	0.250000	1.169242	0.061865
6.074613	1.027149	1.373593	1.735425	0.250000	1.169242	0.061865
6.082941	1.027149	1.373593	1.735425	0.250000	1.169242	0.061865
6.092986	1.023502	1.389670	1.767209	0.250000	1.240503	0.066510
6.103791	1.023502	1.389670	1.767209	0.250000	1.240503	0.066510
6.113566	1.023502	1.389670	1.767209	0.250000	1.240503	0.066510
6.123286	1.023502	1.389670	1.767209	0.250000	1.240503	0.066510
6.133018	1.023502	1.389670	1.767209	0.250000	1.240503	0.066510
6.143539	1.023502	1.389670	1.767209	0.250000	1.240503	0.066510
6.153529	1.023502	1.389670	1.767209	0.250000	1.240503	0.066510
6.163495	1.023502	1.389670	1.767209	0.250000	1.240503	0.066510
6.173204	1.023502	1.389670	1.767209	0.250000	1.240503	0.066510
6.183848	1.023502	1.389670	1.767209	0.250000	1.240503	0.066510
6.193545	1.023502	1.389670	1.767209	0.250000	1.240503	0.066510
6.204619	1.023502	1.389670	1.767209	0.250000	1.240503	0.066510
6.213128	1.023502	1.389670	1.767209	0.250000	1.240503	0.066510
6.223802	1.020507	1.421239	1.980238	0.250000	1.138998	0.066273
6.233569	1.020507	1.421239	1.980238	0.250000	1.138998	0.066273
6.243443	1.020507	1.421239	1.980238	0.250000	1.138998	0.066273
6.253049	1.020507	1.421239	1.980238	0.250000	1.138998	0.066273
6.263118	1.020507	1.421239	1.980238	0.250000	1.138998	0.066273
6.272873	1.020507	1.421239	1.980238	0.250000	1.138998	0.066273
6.283357	1.020507	1.421239	1.980238	0.250000	1.138998	0.066273
6.293118	1.012882	1.444975	2.049530	0.250000	1.160536	0.070530
6.303602	1.012882	1.444975	2.049530	0.250000	1.160536	0.070530
6.313591	1.012882	1.444975	2.049530	0.250000	1.160536	0.070530
6.323717	1.012882	1.444975	2.049530	0.250000	1.160536	0.070530
6.333126	1.012882	1.444975	2.049530	0.250000	1.160536	0.070530
6.343045	1.012882	1.444975	2.049530	0.250000	1.160536	0.070530
6.352893	1.005956	1.466516	2.252456	0.250000	0.875628	0.057734
