x(i)	y(i)	theta(i)
0.350804	0.252539	-0.340274
0.355452	0.250959	-0.314818
0.360065	0.249522	-0.289018
0.364645	0.248225	-0.262910
0.369193	0.247065	-0.236535
0.373707	0.246040	-0.209935
0.378189	0.245147	-0.183157
0.382640	0.244384	-0.156249
0.387059	0.243749	-0.129260
0.391447	0.243239	-0.102241
0.395804	0.242851	-0.075245
0.400131	0.242583	-0.048322
0.404429	0.242433	-0.021526
0.408697	0.242398	0.005094
0.412936	0.242476	0.031486
0.417146	0.242663	0.057604
0.421328	0.242959	0.083400
0.425483	0.243359	0.108833
0.429610	0.243863	0.133860
0.433709	0.244466	0.158444
0.437783	0.245168	0.182552
0.441830	0.245965	0.206151
0.445851	0.246854	0.229215
0.449847	0.247834	0.251719
0.453818	0.248902	0.273642
0.457764	0.250056	0.294966
0.461686	0.251292	0.315678
0.465584	0.252609	0.335765
0.469459	0.254004	0.355219
0.473311	0.255474	0.374034
0.477140	0.257018	0.392205
0.480947	0.258632	0.409730
0.484732	0.260314	0.426610
0.488495	0.262062	0.442846
0.492238	0.263873	0.458441
0.495960	0.265745	0.473400
0.499662	0.267675	0.487728
0.503344	0.269661	0.501431
0.507006	0.271700	0.514515
0.510650	0.273790	0.526988
0.514275	0.275929	0.538857
0.517882	0.278113	0.550131
0.521470	0.280341	0.560817
0.525042	0.282609	0.570923
0.528596	0.284916	0.580457
0.532134	0.287260	0.589426
0.535656	0.289636	0.597838
0.539161	0.292044	0.605700
0.542652	0.294480	0.613017
0.546127	0.296943	0.619797
0.549588	0.299429	0.626044
0.553034	0.301936	0.631816
0.556467	0.304463	0.637304
0.559886	0.307009	0.642525
0.563292	0.309572	0.647482
0.566686	0.312151	0.652174
0.570067	0.314745	0.656604
0.573437	0.317353	0.660771
0.576795	0.319974	0.664676
0.580142	0.322607	0.668321
0.583478	0.325250	0.671705
0.586804	0.327903	0.674829
0.590121	0.330565	0.677694
0.593428	0.333234	0.680299
0.596726	0.335909	0.682646
0.600015	0.338589	0.684733
0.603296	0.341273	0.686561
0.606569	0.343960	0.688130
0.609835	0.346649	0.689438
0.613094	0.349338	0.690487
0.616346	0.352027	0.691274
0.619592	0.354715	0.691800
0.622832	0.357400	0.692063
0.626067	0.360081	0.692061
0.629296	0.362757	0.691795
0.632521	0.365427	0.691262
0.635742	0.368090	0.690461
0.638959	0.370745	0.689389
0.642172	0.373390	0.688046
0.645383	0.376025	0.686429
0.648591	0.378648	0.684535
0.651796	0.381259	0.682362
0.655000	0.383856	0.679908
0.658202	0.386438	0.677198
0.661403	0.389005	0.674538
0.664604	0.391558	0.672016
0.667804	0.394097	0.669635
0.671005	0.396625	0.667397
0.674206	0.399142	0.665304
0.677408	0.401650	0.663360
0.680612	0.404149	0.661566
0.683817	0.406640	0.659923
0.687024	0.409125	0.658433
0.690234	0.411605	0.657098
0.693447	0.414080	0.655918
0.696663	0.416553	0.654894
0.699883	0.419023	0.654028
0.703108	0.421493	0.653319
0.706336	0.423963	0.652767
0.709570	0.426434	0.652372
0.712809	0.428908	0.652134
0.716054	0.431385	0.652053
0.719305	0.433868	0.652128
0.722563	0.436355	0.652357
0.725827	0.438850	0.652740
0.729099	0.441353	0.653274
0.732379	0.443865	0.653960
0.735666	0.446387	0.654793
0.738963	0.448920	0.655774
0.742268	0.451466	0.656899
0.745583	0.454026	0.658166
0.748907	0.456600	0.659558
0.752241	0.459188	0.661046
0.755583	0.461792	0.662628
0.758932	0.464410	0.664305
0.762289	0.467044	0.666076
0.765652	0.469692	0.667940
0.769021	0.472355	0.669898
0.772395	0.475032	0.671949
0.775772	0.477725	0.674093
0.779153	0.480432	0.676331
0.782537	0.483155	0.678663
0.785923	0.485892	0.681088
0.789310	0.488644	0.683607
0.792697	0.491411	0.686220
0.796084	0.494192	0.688928
0.799470	0.496989	0.691731
0.802855	0.499800	0.694629
0.806236	0.502626	0.697623
0.809615	0.505467	0.700714
0.812990	0.508323	0.703903
0.816360	0.511194	0.707189
0.819725	0.514079	0.710574
0.823083	0.516980	0.714059
0.826435	0.519895	0.717645
0.829780	0.522825	0.721331
0.833115	0.525770	0.725121
0.836442	0.528729	0.729014
0.839759	0.531704	0.733011
0.843066	0.534693	0.737115
0.846362	0.537698	0.741325
0.849645	0.540717	0.745644
0.852916	0.543751	0.750073
0.856173	0.546800	0.754612
0.859416	0.549863	0.759264
0.862645	0.552942	0.764030
0.865858	0.556035	0.768912
0.869054	0.559143	0.773910
0.872233	0.562266	0.779028
0.875395	0.565404	0.784266
0.878538	0.568557	0.789625
0.881662	0.571724	0.795109
0.884765	0.574907	0.800719
0.887849	0.578104	0.806456
0.890910	0.581316	0.812323
0.893950	0.584543	0.818322
0.896966	0.587785	0.824454
0.899959	0.591041	0.830722
0.902928	0.594313	0.837127
0.905871	0.597599	0.843672
0.908789	0.600900	0.850360
0.911680	0.604216	0.857192
0.914543	0.607547	0.864170
0.917379	0.610893	0.871297
0.920186	0.614254	0.878575
0.922963	0.617629	0.886006
0.925711	0.621019	0.893594
0.928427	0.624424	0.901339
0.931112	0.627844	0.909245
0.933764	0.631279	0.917313
0.936383	0.634729	0.925547
0.938968	0.638193	0.933949
0.941519	0.641673	0.942520
0.944034	0.645167	0.951264
0.946513	0.648676	0.960182
0.948956	0.652200	0.969278
0.951361	0.655739	0.978552
0.953727	0.659292	0.988008
0.956055	0.662861	0.997647
0.958343	0.666444	1.007472
0.960591	0.670043	1.017485
0.962797	0.673656	1.027687
0.964962	0.677283	1.038081
0.967083	0.680926	1.048668
0.969162	0.684584	1.059449
0.971196	0.688256	1.070427
0.973186	0.691944	1.081603
0.975130	0.695646	1.092977
0.977028	0.699363	1.104551
0.978878	0.703095	1.116325
0.980681	0.706842	1.128301
0.982436	0.710603	1.140478
0.984141	0.714380	1.152856
0.985796	0.718171	1.165437
0.987401	0.721977	1.178218
0.988954	0.725798	1.191201
0.990456	0.729634	1.204382
0.991904	0.733485	1.217762
0.993299	0.737351	1.231339
0.994639	0.741231	1.245111
0.995924	0.745126	1.259075
0.997154	0.749037	1.273229
0.998327	0.752962	1.287570
0.999443	0.756902	1.302094
1.000501	0.760856	1.316798
1.001500	0.764826	1.331677
1.002439	0.768810	1.346727
1.003319	0.772810	1.361943
1.004138	0.776824	1.377319
1.004895	0.780853	1.392849
1.005589	0.784897	1.408527
1.006221	0.788956	1.424346
1.006789	0.793029	1.440299
1.007292	0.797118	1.456379
1.007730	0.801221	1.472538
1.008103	0.805340	1.488227
1.008413	0.809472	1.503268
1.008664	0.813619	1.517661
1.008856	0.817779	1.531406
1.008993	0.821953	1.544505
1.009077	0.826141	1.556961
1.009110	0.830341	1.568779
1.009095	0.834553	1.579963
1.009033	0.838778	1.590519
1.008928	0.843015	1.600452
1.008782	0.847263	1.609769
1.008597	0.851523	1.618477
1.008376	0.855793	1.626581
1.008121	0.860074	1.634089
1.007834	0.864366	1.641007
1.007517	0.868667	1.647343
1.007174	0.872978	1.653101
1.006806	0.877299	1.658290
1.006416	0.881629	1.662914
1.006006	0.885967	1.666980
1.005579	0.890314	1.670492
1.005136	0.894668	1.673455
1.004681	0.899031	1.675875
1.004216	0.903401	1.677755
1.003743	0.907778	1.679099
1.003264	0.912163	1.679910
1.002782	0.916553	1.680191
1.002300	0.920950	1.679945
1.001819	0.925353	1.679174
1.001342	0.929761	1.677879
1.000871	0.934174	1.676061
1.000410	0.938593	1.673722
0.999959	0.943016	1.670862
0.999522	0.947443	1.667480
0.999101	0.951874	1.663577
0.998698	0.956309	1.659152
0.998315	0.960748	1.654204
0.997956	0.965189	1.648732
0.997622	0.969633	1.642736
0.997316	0.974079	1.636213
0.997040	0.978528	1.629163
0.996797	0.982978	1.621583
0.996589	0.987430	1.613472
0.996418	0.991883	1.604829
0.996286	0.996336	1.595653
0.996197	1.000790	1.586218
0.996148	1.005245	1.577373
0.996137	1.009699	1.569177
0.996161	1.014152	1.561629
0.996218	1.018605	1.554728
0.996303	1.023057	1.548475
0.996416	1.027507	1.542867
0.996551	1.031956	1.537905
0.996707	1.036403	1.533587
0.996881	1.040847	1.529914
0.997070	1.045288	1.526884
0.997270	1.049727	1.524500
0.997480	1.054162	1.522760
0.997696	1.058594	1.521666
0.997915	1.063021	1.521219
0.998134	1.067445	1.521420
0.998351	1.071863	1.522272
0.998562	1.076277	1.523777
0.998765	1.080686	1.525938
0.998956	1.085089	1.528758
0.999134	1.089486	1.532240
0.999295	1.093877	1.536390
0.999435	1.098262	1.541210
0.999553	1.102640	1.546706
0.999645	1.107011	1.552881
0.999708	1.111374	1.559742
0.999740	1.115729	1.567292
0.999738	1.120077	1.575537
0.999698	1.124416	1.584481
0.999618	1.128746	1.594129
0.999495	1.133067	1.604483
0.999326	1.137379	1.615549
0.999109	1.141681	1.627328
0.998839	1.145974	1.639821
0.998515	1.150256	1.653031
0.998133	1.154527	1.666955
0.997691	1.158787	1.681593
0.997185	1.163037	1.696939
0.996614	1.167274	1.712989
0.995973	1.171500	1.729734
0.995260	1.175713	1.747165
0.994472	1.179915	1.765268
0.993607	1.184103	1.784029
0.992660	1.188278	1.803428
0.991631	1.192439	1.823445
0.990514	1.196587	1.844052
0.989310	1.200721	1.863938
0.988025	1.204841	1.882030
0.986666	1.208948	1.898353
0.985241	1.213042	1.912932
0.983757	1.217124	1.925792
0.982222	1.221194	1.936957
0.980643	1.225252	1.946448
0.979028	1.229299	1.954282
0.977384	1.233335	1.960475
0.975720	1.237361	1.965035
0.974041	1.241377	1.967967
0.972357	1.245384	1.969270
0.970674	1.249381	1.968938
0.969000	1.253370	1.966958
0.967343	1.257351	1.963313
0.965710	1.261324	1.957979
0.964109	1.265289	1.950925
0.962547	1.269248	1.942116
0.961031	1.273199	1.931511
0.959570	1.277145	1.919065
0.958171	1.281085	1.904727
0.956841	1.285020	1.888443
0.955588	1.288950	1.870160
0.954419	1.292875	1.849821
0.953342	1.296796	1.827373
0.952365	1.300714	1.802767
0.951495	1.304628	1.775960
0.950739	1.308540	1.747414
0.950097	1.312449	1.720097
0.949560	1.316356	1.694600
0.949122	1.320262	1.671006
0.948772	1.324166	1.649384
0.948504	1.328070	1.629787
0.948308	1.331973	1.612254
0.948177	1.335877	1.596812
0.948102	1.339781	1.583480
0.948075	1.343686	1.572270
0.948088	1.347592	1.563187
0.948132	1.351501	1.556233
0.948199	1.355411	1.551406
0.948281	1.359324	1.548704
0.948369	1.363240	1.548122
0.948456	1.367159	1.549655
0.948533	1.371082	1.553296
0.948591	1.375010	1.559040
0.948622	1.378942	1.566877
0.948619	1.382880	1.576797
0.948572	1.386822	1.588786
0.948474	1.390771	1.602826
0.948316	1.394726	1.618893
0.948091	1.398688	1.636583
0.947793	1.402656	1.654724
0.947422	1.406627	1.673242
0.946976	1.410601	1.692141
0.946452	1.414576	1.711428
0.945850	1.418549	1.731105
0.945167	1.422520	1.751177
0.944402	1.426486	1.771644
0.943553	1.430445	1.792508
0.942618	1.434397	1.813766
0.941595	1.438339	1.835417
0.940484	1.442270	1.857457
0.939281	1.446187	1.879879
0.937986	1.450090	1.902675
0.936596	1.453976	1.925836
0.935110	1.457843	1.949351
0.933527	1.461691	1.973206
0.931843	1.465517	1.997385
0.930059	1.469320	2.021871
0.928171	1.473097	2.046644
0.926178	1.476848	2.071682
0.924079	1.480570	2.096962
0.921872	1.484261	2.122459
0.919554	1.487921	2.148146
0.917125	1.491547	2.173994
0.914582	1.495137	2.199974
0.911924	1.498691	2.226054
0.909149	1.502205	2.252204
0.906256	1.505679	2.278390
0.903242	1.509111	2.304579
0.900106	1.512498	2.330739
0.896846	1.515840	2.356838
0.893460	1.519134	2.382841
0.889947	1.522379	2.408718
0.886305	1.525574	2.434437
0.882532	1.528715	2.459968
0.878626	1.531803	2.485284
0.874586	1.534834	2.510356
0.870410	1.537807	2.535159
0.866097	1.540721	2.559669
0.861644	1.543574	2.583864
0.857049	1.546364	2.607725
0.852312	1.549090	2.631233
0.847430	1.551749	2.654372
