t	x(t)	y(t)	theta(t)	v(t)	gamma(t)	efa
0.011291	0.338709	0.225809	0.069994	0.250000	0.509183	0.018982
0.011770	0.338709	0.225809	0.069994	0.250000	0.509183	0.018982
0.021981	0.336142	0.229132	0.079743	0.250000	0.443938	0.014173
0.031745	0.336142	0.229132	0.079743	0.250000	0.443938	0.014173
0.041919	0.336142	0.229132	0.079743	0.250000	0.443938	0.014173
0.052202	0.336142	0.229132	0.079743	0.250000	0.443938	0.014173
0.061986	0.336142	0.229132	0.079743	0.250000	0.443938	0.014173
0.071740	0.336142	0.229132	0.079743	0.250000	0.443938	0.014173
0.082586	0.336142	0.229132	0.079743	0.250000	0.443938	0.014173
0.092241	0.336142	0.229132	0.079743	0.250000	0.443938	0.014173
0.102045	0.336142	0.229132	0.079743	0.250000	0.443938	0.014173
0.111772	0.336142	0.229132	0.079743	0.250000	0.443938	0.014173
0.122547	0.336142	0.229132	0.079743	0.250000	0.443938	0.014173
0.132267	0.336142	0.229132	0.079743	0.250000	0.443938	0.014173
0.142175	0.336142	0.229132	0.079743	0.250000	0.443938	0.014173
0.151770	0.336142	0.229132	0.079743	0.250000	0.443938	0.014173
0.162858	0.336142	0.229132	0.079743	0.250000	0.443938	0.014173
0.172292	0.336142	0.229132	0.079743	0.250000	0.443938	0.014173
0.182036	0.338259	0.225287	0.069909	0.250000	0.514970	0.019482
0.191876	0.338259	0.225287	0.069909	0.250000	0.514970	0.019482
0.202549	0.338259	0.225287	0.069909	0.250000	0.514970	0.019482
0.212314	0.340388	0.224827	0.065079	0.250000	0.533854	0.020721
0.222077	0.340388	0.224827	0.065079	0.250000	0.533854	0.020721
0.231851	0.340388	0.224827	0.065079	0.250000	0.533854	0.020721
0.241737	0.340388	0.224827	0.065079	0.250000	0.533854	0.020721
0.252319	0.340388	0.224827	0.065079	0.250000	0.533854	0.020721
0.262120	0.340388	0.224827	0.065079	0.250000	0.533854	0.020721
0.271885	0.346079	0.225261	0.072107	0.250000	0.548425	0.020968
0.282688	0.346079	0.225261	0.072107	0.250000	0.548425	0.020968
0.291761	0.346079	0.225261	0.072107	0.250000	0.548425	0.020968
0.302028	0.346079	0.225261	0.072107	0.250000	0.548425	0.020968
0.313037	0.346079	0.225261	0.072107	0.250000	0.548425	0.020968
0.321922	0.346079	0.225261	0.072107	0.250000	0.548425	0.020968
0.332344	0.346079	0.225261	0.072107	0.250000	0.548425	0.020968
0.342088	0.346079	0.225261	0.072107	0.250000	0.548425	0.020968
0.351856	0.346079	0.225261	0.072107	0.250000	0.548425	0.020968
0.362712	0.346079	0.225261	0.072107	0.250000	0.548425	0.020968
0.372410	0.357483	0.228886	0.099319	0.250000	0.547531	0.018656
0.382881	0.357483	0.228886	0.099319	0.250000	0.547531	0.018656
0.391891	0.357483	0.228886	0.099319	0.250000	0.547531	0.018656
0.401743	0.357483	0.228886	0.099319	0.250000	0.547531	0.018656
0.412507	0.357483	0.228886	0.099319	0.250000	0.547531	0.018656
0.421973	0.357483	0.228886	0.099319	0.250000	0.547531	0.018656
0.431900	0.357483	0.228886	0.099319	0.250000	0.547531	0.018656
0.441855	0.357483	0.228886	0.099319	0.250000	0.547531	0.018656
0.451762	0.357483	0.228886	0.099319	0.250000	0.547531	0.018656
0.461704	0.357483	0.228886	0.099319	0.250000	0.547531	0.018656
0.471802	0.357483	0.228886	0.099319	0.250000	0.547531	0.018656
0.481799	0.357483	0.228886	0.099319	0.250000	0.547531	0.018656
0.491873	0.357483	0.228886	0.099319	0.250000	0.547531	0.018656
0.502410	0.357483	0.228886	0.099319	0.250000	0.547531	0.018656
0.511977	0.378022	0.232438	0.156610	0.250000	0.548605	0.017221
0.521714	0.378022	0.232438	0.156610	0.250000	0.548605	0.017221
0.532597	0.378022	0.232438	0.156610	0.250000	0.548605	0.017221
0.542197	0.378022	0.232438	0.156610	0.250000	0.548605	0.017221
0.553988	0.378022	0.232438	0.156610	0.250000	0.548605	0.017221
0.561719	0.378022	0.232438	0.156610	0.250000	0.548605	0.017221
0.574893	0.378022	0.232438	0.156610	0.250000	0.548605	0.017221
0.581960	0.378022	0.232438	0.156610	0.250000	0.548605	0.017221
0.591992	0.400027	0.236536	0.218627	0.250000	0.563444	0.017862
0.601783	0.400027	0.236536	0.218627	0.250000	0.563444	0.017862
0.611719	0.400027	0.236536	0.218627	0.250000	0.563444	0.017862
0.622001	0.400027	0.236536	0.218627	0.250000	0.563444	0.017862
0.631892	0.400027	0.236536	0.218627	0.250000	0.563444	0.017862
0.641800	0.400027	0.236536	0.218627	0.250000	0.563444	0.017862
0.652734	0.420656	0.239181	0.274336	0.250000	0.553042	0.018782
0.662618	0.420656	0.239181	0.274336	0.250000	0.553042	0.018782
0.672082	0.420656	0.239181	0.274336	0.250000	0.553042	0.018782
0.681778	0.420656	0.239181	0.274336	0.250000	0.553042	0.018782
0.692580	0.420656	0.239181	0.274336	0.250000	0.553042	0.018782
0.702520	0.420656	0.239181	0.274336	0.250000	0.553042	0.018782
0.712569	0.420656	0.239181	0.274336	0.250000	0.553042	0.018782
0.722216	0.420656	0.239181	0.274336	0.250000	0.553042	0.018782
0.732712	0.420656	0.239181	0.274336	0.250000	0.553042	0.018782
0.742756	0.420656	0.239181	0.274336	0.250000	0.553042	0.018782
0.751814	0.420656	0.239181	0.274336	0.250000	0.553042	0.018782
0.761978	0.420656	0.239181	0.274336	0.250000	0.553042	0.018782
0.772017	0.420656	0.239181	0.274336	0.250000	0.553042	0.018782
0.781974	0.420656	0.239181	0.274336	0.250000	0.553042	0.018782
0.791827	0.420656	0.239181	0.274336	0.250000	0.553042	0.018782
0.801992	0.420656	0.239181	0.274336	0.250000	0.553042	0.018782
0.811800	0.420656	0.239181	0.274336	0.250000	0.553042	0.018782
0.821880	0.420656	0.239181	0.274336	0.250000	0.553042	0.018782
0.832341	0.420656	0.239181	0.274336	0.250000	0.553042	0.018782
0.842098	0.420656	0.239181	0.274336	0.250000	0.553042	0.018782
0.851812	0.420656	0.239181	0.274336	0.250000	0.553042	0.018782
0.861789	0.420656	0.239181	0.274336	0.250000	0.553042	0.018782
0.872265	0.420656	0.239181	0.274336	0.250000	0.553042	0.018782
0.882053	0.420656	0.239181	0.274336	0.250000	0.553042	0.018782
0.891925	0.420656	0.239181	0.274336	0.250000	0.553042	0.018782
0.901820	0.420656	0.239181	0.274336	0.250000	0.553042	0.018782
0.911814	0.420656	0.239181	0.274336	0.250000	0.553042	0.018782
0.921987	0.420656	0.239181	0.274336	0.250000	0.553042	0.018782
0.931800	0.420656	0.239181	0.274336	0.250000	0.553042	0.018782
0.942030	0.420656	0.239181	0.274336	0.250000	0.553042	0.018782
0.951779	0.420656	0.239181	0.274336	0.250000	0.553042	0.018782
0.964701	0.420656	0.239181	0.274336	0.250000	0.553042	0.018782
0.971946	0.420656	0.239181	0.274336	0.250000	0.553042	0.018782
0.981774	0.420656	0.239181	0.274336	0.250000	0.553042	0.018782
0.991831	0.420656	0.239181	0.274336	0.250000	0.553042	0.018782
1.002275	0.420656	0.239181	0.274336	0.250000	0.553042	0.018782
1.011803	0.420656	0.239181	0.274336	0.250000	0.553042	0.018782
1.022586	0.420656	0.239181	0.274336	0.250000	0.553042	0.018782
1.032424	0.420656	0.239181	0.274336	0.250000	0.553042	0.018782
1.042122	0.454798	0.256087	0.384239	0.250000	0.423382	0.012326
1.052423	0.454798	0.256087	0.384239	0.250000	0.423382	0.012326
1.061755	0.454798	0.256087	0.384239	0.250000	0.423382	0.012326
1.072444	0.485890	0.272463	0.482006	0.250000	0.282941	0.006546
1.082154	0.485890	0.272463	0.482006	0.250000	0.282941	0.006546
1.091894	0.485890	0.272463	0.482006	0.250000	0.282941	0.006546
1.102589	0.485890	0.272463	0.482006	0.250000	0.282941	0.006546
1.112093	0.485890	0.272463	0.482006	0.250000	0.282941	0.006546
1.122125	0.485890	0.272463	0.482006	0.250000	0.282941	0.006546
1.131795	0.485890	0.272463	0.482006	0.250000	0.282941	0.006546
1.141706	0.485890	0.272463	0.482006	0.250000	0.282941	0.006546
1.151753	0.515082	0.294568	0.592450	0.250000	0.017448	-0.006795
1.161766	0.515082	0.294568	0.592450	0.250000	0.017448	-0.006795
1.174831	0.515082	0.294568	0.592450	0.250000	0.017448	-0.006795
1.182691	0.525028	0.302113	0.622839	0.250000	-0.059449	-0.010442
1.192429	0.525028	0.302113	0.622839	0.250000	-0.059449	-0.010442
1.203012	0.525028	0.302113	0.622839	0.250000	-0.059449	-0.010442
1.211927	0.525028	0.302113	0.622839	0.250000	-0.059449	-0.010442
1.221772	0.525028	0.302113	0.622839	0.250000	-0.059449	-0.010442
1.231754	0.532244	0.314566	0.668237	0.250000	-0.242763	-0.021673
1.242203	0.532244	0.314566	0.668237	0.250000	-0.242763	-0.021673
1.251906	0.532244	0.314566	0.668237	0.250000	-0.242763	-0.021673
1.262672	0.532244	0.314566	0.668237	0.250000	-0.242763	-0.021673
1.272444	0.540503	0.321145	0.685521	0.250000	-0.291503	-0.024010
1.282365	0.540503	0.321145	0.685521	0.250000	-0.291503	-0.024010
1.291894	0.540503	0.321145	0.685521	0.250000	-0.291503	-0.024010
1.301852	0.540503	0.321145	0.685521	0.250000	-0.291503	-0.024010
1.312228	0.542706	0.330821	0.708369	0.250000	-0.419253	-0.033335
1.322217	0.542706	0.330821	0.708369	0.250000	-0.419253	-0.033335
1.333055	0.542706	0.330821	0.708369	0.250000	-0.419253	-0.033335
1.341804	0.542706	0.330821	0.708369	0.250000	-0.419253	-0.033335
1.351892	0.549082	0.336025	0.714350	0.250000	-0.439368	-0.034286
1.361799	0.549082	0.336025	0.714350	0.250000	-0.439368	-0.034286
1.372027	0.549082	0.336025	0.714350	0.250000	-0.439368	-0.034286
1.381762	0.549082	0.336025	0.714350	0.250000	-0.439368	-0.034286
1.392492	0.549082	0.336025	0.714350	0.250000	-0.439368	-0.034286
1.402488	0.549082	0.336025	0.714350	0.250000	-0.439368	-0.034286
1.411984	0.549082	0.336025	0.714350	0.250000	-0.439368	-0.034286
1.422726	0.549082	0.336025	0.714350	0.250000	-0.439368	-0.034286
1.432457	0.560575	0.341394	0.717382	0.250000	-0.422597	-0.031857
1.442279	0.560575	0.341394	0.717382	0.250000	-0.422597	-0.031857
1.453332	0.560575	0.341394	0.717382	0.250000	-0.422597	-0.031857
1.461825	0.560575	0.341394	0.717382	0.250000	-0.422597	-0.031857
1.472495	0.574396	0.345879	0.703530	0.250000	-0.339162	-0.025008
1.482298	0.574396	0.345879	0.703530	0.250000	-0.339162	-0.025008
1.491766	0.574396	0.345879	0.703530	0.250000	-0.339162	-0.025008
1.501988	0.574396	0.345879	0.703530	0.250000	-0.339162	-0.025008
1.511752	0.574396	0.345879	0.703530	0.250000	-0.339162	-0.025008
1.521859	0.574396	0.345879	0.703530	0.250000	-0.339162	-0.025008
1.531909	0.574396	0.345879	0.703530	0.250000	-0.339162	-0.025008
1.541827	0.574396	0.345879	0.703530	0.250000	-0.339162	-0.025008
1.552507	0.589424	0.352790	0.677981	0.250000	-0.236773	-0.017898
1.562297	0.589424	0.352790	0.677981	0.250000	-0.236773	-0.017898
1.572367	0.589424	0.352790	0.677981	0.250000	-0.236773	-0.017898
1.581793	0.589424	0.352790	0.677981	0.250000	-0.236773	-0.017898
1.591752	0.598702	0.365791	0.660220	0.250000	-0.245839	-0.020194
1.602309	0.598702	0.365791	0.660220	0.250000	-0.245839	-0.020194
1.611922	0.598702	0.365791	0.660220	0.250000	-0.245839	-0.020194
1.621955	0.598702	0.365791	0.660220	0.250000	-0.245839	-0.020194
1.632635	0.598702	0.365791	0.660220	0.250000	-0.245839	-0.020194
1.641888	0.607372	0.377726	0.652661	0.250000	-0.272861	-0.023375
1.652978	0.607372	0.377726	0.652661	0.250000	-0.272861	-0.023375
1.661911	0.607372	0.377726	0.652661	0.250000	-0.272861	-0.023375
1.672601	0.607372	0.377726	0.652661	0.250000	-0.272861	-0.023375
1.682449	0.607372	0.377726	0.652661	0.250000	-0.272861	-0.023375
1.691883	0.607372	0.377726	0.652661	0.250000	-0.272861	-0.023375
1.702118	0.607372	0.377726	0.652661	0.250000	-0.272861	-0.023375
1.712648	0.607372	0.377726	0.652661	0.250000	-0.272861	-0.023375
1.722384	0.607372	0.377726	0.652661	0.250000	-0.272861	-0.023375
1.731803	0.607372	0.377726	0.652661	0.250000	-0.272861	-0.023375
1.741904	0.618295	0.385178	0.630453	0.250000	-0.203853	-0.019538
1.751757	0.618295	0.385178	0.630453	0.250000	-0.203853	-0.019538
1.762392	0.618295	0.385178	0.630453	0.250000	-0.203853	-0.019538
1.772196	0.618295	0.385178	0.630453	0.250000	-0.203853	-0.019538
1.781924	0.618295	0.385178	0.630453	0.250000	-0.203853	-0.019538
1.791692	0.618295	0.385178	0.630453	0.250000	-0.203853	-0.019538
1.802413	0.618295	0.385178	0.630453	0.250000	-0.203853	-0.019538
1.812153	0.633959	0.389335	0.586648	0.250000	-0.013019	-0.007303
1.821937	0.633959	0.389335	0.586648	0.250000	-0.013019	-0.007303
1.831818	0.633959	0.389335	0.586648	0.250000	-0.013019	-0.007303
1.841828	0.633959	0.389335	0.586648	0.250000	-0.013019	-0.007303
1.852201	0.633959	0.389335	0.586648	0.250000	-0.013019	-0.007303
1.861977	0.633959	0.389335	0.586648	0.250000	-0.013019	-0.007303
1.871800	0.633959	0.389335	0.586648	0.250000	-0.013019	-0.007303
1.881697	0.633959	0.389335	0.586648	0.250000	-0.013019	-0.007303
1.891738	0.655761	0.396896	0.537218	0.250000	0.214918	0.006869
1.901905	0.655761	0.396896	0.537218	0.250000	0.214918	0.006869
1.911634	0.655761	0.396896	0.537218	0.250000	0.214918	0.006869
1.922429	0.655761	0.396896	0.537218	0.250000	0.214918	0.006869
1.932182	0.672099	0.406061	0.506303	0.250000	0.337230	0.013865
1.941933	0.672099	0.406061	0.506303	0.250000	0.337230	0.013865
1.951736	0.672099	0.406061	0.506303	0.250000	0.337230	0.013865
1.963933	0.672099	0.406061	0.506303	0.250000	0.337230	0.013865
1.972349	0.672099	0.406061	0.506303	0.250000	0.337230	0.013865
1.981903	0.672099	0.406061	0.506303	0.250000	0.337230	0.013865
1.991918	0.672099	0.406061	0.506303	0.250000	0.337230	0.013865
2.001779	0.672099	0.406061	0.506303	0.250000	0.337230	0.013865
2.012229	0.685639	0.413704	0.484483	0.250000	0.424779	0.018901
2.021782	0.685639	0.413704	0.484483	0.250000	0.424779	0.018901
2.031770	0.685639	0.413704	0.484483	0.250000	0.424779	0.018901
2.041747	0.685639	0.413704	0.484483	0.250000	0.424779	0.018901
2.051930	0.694766	0.417959	0.471850	0.250000	0.500618	0.023768
2.061778	0.694766	0.417959	0.471850	0.250000	0.500618	0.023768
2.073836	0.694766	0.417959	0.471850	0.250000	0.500618	0.023768
2.082601	0.694766	0.417959	0.471850	0.250000	0.500618	0.023768
2.091757	0.707640	0.423995	0.464643	0.250000	0.565349	0.028180
2.102210	0.707640	0.423995	0.464643	0.250000	0.565349	0.028180
2.111752	0.707640	0.423995	0.464643	0.250000	0.565349	0.028180
2.121717	0.707640	0.423995	0.464643	0.250000	0.565349	0.028180
2.131748	0.716023	0.434257	0.478362	0.250000	0.517813	0.024154
2.142073	0.716023	0.434257	0.478362	0.250000	0.517813	0.024154
2.151798	0.716023	0.434257	0.478362	0.250000	0.517813	0.024154
2.161770	0.716023	0.434257	0.478362	0.250000	0.517813	0.024154
2.171820	0.716023	0.434257	0.478362	0.250000	0.517813	0.024154
2.181724	0.716023	0.434257	0.478362	0.250000	0.517813	0.024154
2.191737	0.716023	0.434257	0.478362	0.250000	0.517813	0.024154
2.201710	0.727207	0.440955	0.491741	0.250000	0.522180	0.024759
2.211732	0.727207	0.440955	0.491741	0.250000	0.522180	0.024759
2.222307	0.727207	0.440955	0.491741	0.250000	0.522180	0.024759
2.231884	0.727207	0.440955	0.491741	0.250000	0.522180	0.024759
2.241853	0.727207	0.440955	0.491741	0.250000	0.522180	0.024759
2.252357	0.734633	0.451959	0.515431	0.250000	0.440578	0.018538
2.262062	0.734633	0.451959	0.515431	0.250000	0.440578	0.018538
2.271783	0.734633	0.451959	0.515431	0.250000	0.440578	0.018538
2.281785	0.734633	0.451959	0.515431	0.250000	0.440578	0.018538
2.293028	0.734633	0.451959	0.515431	0.250000	0.440578	0.018538
2.302167	0.734633	0.451959	0.515431	0.250000	0.440578	0.018538
2.311912	0.734633	0.451959	0.515431	0.250000	0.440578	0.018538
2.323081	0.745887	0.459627	0.546920	0.250000	0.395061	0.016192
2.332374	0.745887	0.459627	0.546920	0.250000	0.395061	0.016192
2.342131	0.745887	0.459627	0.546920	0.250000	0.395061	0.016192
2.351905	0.745887	0.459627	0.546920	0.250000	0.395061	0.016192
2.361771	0.745887	0.459627	0.546920	0.250000	0.395061	0.016192
2.371795	0.756288	0.466783	0.583934	0.250000	0.337739	0.013247
2.381809	0.756288	0.466783	0.583934	0.250000	0.337739	0.013247
2.392084	0.756288	0.466783	0.583934	0.250000	0.337739	0.013247
2.401705	0.756288	0.466783	0.583934	0.250000	0.337739	0.013247
2.412129	0.756288	0.466783	0.583934	0.250000	0.337739	0.013247
2.422066	0.756288	0.466783	0.583934	0.250000	0.337739	0.013247
2.431862	0.756288	0.466783	0.583934	0.250000	0.337739	0.013247
2.442005	0.756288	0.466783	0.583934	0.250000	0.337739	0.013247
2.452432	0.771179	0.471428	0.617927	0.250000	0.344947	0.015495
2.462225	0.771179	0.471428	0.617927	0.250000	0.344947	0.015495
2.471948	0.771179	0.471428	0.617927	0.250000	0.344947	0.015495
2.481710	0.771179	0.471428	0.617927	0.250000	0.344947	0.015495
2.491838	0.771179	0.471428	0.617927	0.250000	0.344947	0.015495
2.502304	0.771179	0.471428	0.617927	0.250000	0.344947	0.015495
2.511992	0.771179	0.471428	0.617927	0.250000	0.344947	0.015495
2.521783	0.771179	0.471428	0.617927	0.250000	0.344947	0.015495
2.531819	0.771179	0.471428	0.617927	0.250000	0.344947	0.015495
2.542245	0.781823	0.480741	0.657364	0.250000	0.269198	0.011018
2.551792	0.781823	0.480741	0.657364	0.250000	0.269198	0.011018
2.561962	0.781823	0.480741	0.657364	0.250000	0.269198	0.011018
2.572560	0.781823	0.480741	0.657364	0.250000	0.269198	0.011018
2.582799	0.789465	0.495975	0.704412	0.250000	0.111809	-0.000175
2.592006	0.789465	0.495975	0.704412	0.250000	0.111809	-0.000175
2.602119	0.789465	0.495975	0.704412	0.250000	0.111809	-0.000175
2.611856	0.789465	0.495975	0.704412	0.250000	0.111809	-0.000175
2.622323	0.789465	0.495975	0.704412	0.250000	0.111809	-0.000175
2.632060	0.795243	0.509601	0.754234	0.250000	-0.060091	-0.011997
2.641996	0.795243	0.509601	0.754234	0.250000	-0.060091	-0.011997
2.652545	0.795243	0.509601	0.754234	0.250000	-0.060091	-0.011997
2.661783	0.795243	0.509601	0.754234	0.250000	-0.060091	-0.011997
2.672083	0.795243	0.509601	0.754234	0.250000	-0.060091	-0.011997
2.681913	0.800794	0.517235	0.778599	0.250000	-0.110528	-0.015951
2.692667	0.800794	0.517235	0.778599	0.250000	-0.110528	-0.015951
2.702403	0.800794	0.517235	0.778599	0.250000	-0.110528	-0.015951
2.712049	0.800794	0.517235	0.778599	0.250000	-0.110528	-0.015951
2.721817	0.800794	0.517235	0.778599	0.250000	-0.110528	-0.015951
2.732635	0.800794	0.517235	0.778599	0.250000	-0.110528	-0.015951
2.742340	0.800794	0.517235	0.778599	0.250000	-0.110528	-0.015951
2.753982	0.800794	0.517235	0.778599	0.250000	-0.110528	-0.015951
2.761878	0.800794	0.517235	0.778599	0.250000	-0.110528	-0.015951
2.771778	0.800794	0.517235	0.778599	0.250000	-0.110528	-0.015951
2.781775	0.811519	0.528918	0.805746	0.250000	-0.154589	-0.019285
2.791787	0.811519	0.528918	0.805746	0.250000	-0.154589	-0.019285
2.802088	0.811519	0.528918	0.805746	0.250000	-0.154589	-0.019285
2.811709	0.811519	0.528918	0.805746	0.250000	-0.154589	-0.019285
2.822301	0.811519	0.528918	0.805746	0.250000	-0.154589	-0.019285
2.832070	0.811519	0.528918	0.805746	0.250000	-0.154589	-0.019285
2.841817	0.811519	0.528918	0.805746	0.250000	-0.154589	-0.019285
2.852599	0.824285	0.535999	0.822761	0.250000	-0.101275	-0.015833
2.862391	0.824285	0.535999	0.822761	0.250000	-0.101275	-0.015833
2.872145	0.824285	0.535999	0.822761	0.250000	-0.101275	-0.015833
2.881856	0.842838	0.545724	0.835633	0.250000	0.001207	-0.008840
2.892764	0.842838	0.545724	0.835633	0.250000	0.001207	-0.008840
2.902384	0.842838	0.545724	0.835633	0.250000	0.001207	-0.008840
2.912154	0.842838	0.545724	0.835633	0.250000	0.001207	-0.008840
2.921785	0.842838	0.545724	0.835633	0.250000	0.001207	-0.008840
2.932606	0.857984	0.551710	0.834192	0.250000	0.136509	0.000119
2.942406	0.857984	0.551710	0.834192	0.250000	0.136509	0.000119
2.953503	0.857984	0.551710	0.834192	0.250000	0.136509	0.000119
2.962410	0.857984	0.551710	0.834192	0.250000	0.136509	0.000119
2.971704	0.857984	0.551710	0.834192	0.250000	0.136509	0.000119
2.982428	0.857984	0.551710	0.834192	0.250000	0.136509	0.000119
2.993122	0.857984	0.551710	0.834192	0.250000	0.136509	0.000119
3.002108	0.857984	0.551710	0.834192	0.250000	0.136509	0.000119
3.012585	0.868188	0.562507	0.822836	0.250000	0.239801	0.004602
3.022553	0.868188	0.562507	0.822836	0.250000	0.239801	0.004602
3.032251	0.868188	0.562507	0.822836	0.250000	0.239801	0.004602
3.041945	0.868188	0.562507	0.822836	0.250000	0.239801	0.004602
3.051835	0.868188	0.562507	0.822836	0.250000	0.239801	0.004602
3.062575	0.868188	0.562507	0.822836	0.250000	0.239801	0.004602
3.072220	0.868188	0.562507	0.822836	0.250000	0.239801	0.004602
3.081962	0.868188	0.562507	0.822836	0.250000	0.239801	0.004602
3.091769	0.875890	0.580454	0.812157	0.250000	0.271684	0.002932
3.102475	0.875890	0.580454	0.812157	0.250000	0.271684	0.002932
3.111762	0.875890	0.580454	0.812157	0.250000	0.271684	0.002932
3.122028	0.887182	0.593252	0.800532	0.250000	0.390251	0.008177
3.131855	0.887182	0.593252	0.800532	0.250000	0.390251	0.008177
3.142003	0.887182	0.593252	0.800532	0.250000	0.390251	0.008177
3.153167	0.887182	0.593252	0.800532	0.250000	0.390251	0.008177
3.161821	0.887182	0.593252	0.800532	0.250000	0.390251	0.008177
3.171772	0.893183	0.608651	0.799254	0.250000	0.426287	0.007106
3.182545	0.893183	0.608651	0.799254	0.250000	0.426287	0.007106
3.191789	0.893183	0.608651	0.799254	0.250000	0.426287	0.007106
3.202044	0.893183	0.608651	0.799254	0.250000	0.426287	0.007106
3.211740	0.893183	0.608651	0.799254	0.250000	0.426287	0.007106
3.223109	0.893183	0.608651	0.799254	0.250000	0.426287	0.007106
3.233839	0.893183	0.608651	0.799254	0.250000	0.426287	0.007106
3.242018	0.893183	0.608651	0.799254	0.250000	0.426287	0.007106
3.251760	0.905995	0.611484	0.804529	0.250000	0.556202	0.016485
3.261932	0.905995	0.611484	0.804529	0.250000	0.556202	0.016485
3.271799	0.905995	0.611484	0.804529	0.250000	0.556202	0.016485
3.282046	0.905995	0.611484	0.804529	0.250000	0.556202	0.016485
3.291737	0.913094	0.619064	0.808528	0.250000	0.605001	0.018839
3.302553	0.913094	0.619064	0.808528	0.250000	0.605001	0.018839
3.312324	0.913094	0.619064	0.808528	0.250000	0.605001	0.018839
3.322951	0.913094	0.619064	0.808528	0.250000	0.605001	0.018839
3.331822	0.913094	0.619064	0.808528	0.250000	0.605001	0.018839
3.341759	0.913094	0.619064	0.808528	0.250000	0.605001	0.018839
3.351764	0.929719	0.625993	0.830965	0.250000	0.725755	0.028114
3.361818	0.929719	0.625993	0.830965	0.250000	0.725755	0.028114
3.371821	0.929719	0.625993	0.830965	0.250000	0.725755	0.028114
3.382536	0.929719	0.625993	0.830965	0.250000	0.725755	0.028114
3.392318	0.929719	0.625993	0.830965	0.250000	0.725755	0.028114
3.402349	0.929719	0.625993	0.830965	0.250000	0.725755	0.028114
3.411927	0.929719	0.625993	0.830965	0.250000	0.725755	0.028114
3.421727	0.938945	0.636760	0.861119	0.250000	0.747028	0.029002
3.432353	0.938945	0.636760	0.861119	0.250000	0.747028	0.029002
3.442069	0.938945	0.636760	0.861119	0.250000	0.747028	0.029002
3.451872	0.938945	0.636760	0.861119	0.250000	0.747028	0.029002
3.462590	0.938945	0.636760	0.861119	0.250000	0.747028	0.029002
3.471775	0.938945	0.636760	0.861119	0.250000	0.747028	0.029002
3.481768	0.947676	0.647564	0.896050	0.250000	0.761240	0.029524
3.491919	0.947676	0.647564	0.896050	0.250000	0.761240	0.029524
3.502766	0.947676	0.647564	0.896050	0.250000	0.761240	0.029524
3.512393	0.947676	0.647564	0.896050	0.250000	0.761240	0.029524
3.521756	0.947676	0.647564	0.896050	0.250000	0.761240	0.029524
3.531939	0.954019	0.657537	0.932259	0.250000	0.765842	0.029118
3.541734	0.954019	0.657537	0.932259	0.250000	0.765842	0.029118
3.551802	0.954019	0.657537	0.932259	0.250000	0.765842	0.029118
3.562154	0.954019	0.657537	0.932259	0.250000	0.765842	0.029118
3.571908	0.954019	0.657537	0.932259	0.250000	0.765842	0.029118
3.582777	0.960044	0.666614	0.965527	0.250000	0.786933	0.029847
3.592435	0.960044	0.666614	0.965527	0.250000	0.786933	0.029847
3.602255	0.960044	0.666614	0.965527	0.250000	0.786933	0.029847
3.611964	0.960044	0.666614	0.965527	0.250000	0.786933	0.029847
3.621733	0.960044	0.666614	0.965527	0.250000	0.786933	0.029847
3.631771	0.960044	0.666614	0.965527	0.250000	0.786933	0.029847
3.641916	0.960044	0.666614	0.965527	0.250000	0.786933	0.029847
3.651781	0.963237	0.682401	1.012768	0.250000	0.753140	0.025174
3.662804	0.963237	0.682401	1.012768	0.250000	0.753140	0.025174
3.672464	0.963237	0.682401	1.012768	0.250000	0.753140	0.025174
3.682179	0.963237	0.682401	1.012768	0.250000	0.753140	0.025174
3.693519	0.963237	0.682401	1.012768	0.250000	0.753140	0.025174
3.701964	0.963237	0.682401	1.012768	0.250000	0.753140	0.025174
3.712526	0.965321	0.690831	1.039329	0.250000	0.733003	0.022979
3.721836	0.965321	0.690831	1.039329	0.250000	0.733003	0.022979
3.732008	0.965321	0.690831	1.039329	0.250000	0.733003	0.022979
3.741800	0.965321	0.690831	1.039329	0.250000	0.733003	0.022979
3.751750	0.967298	0.699804	1.072710	0.250000	0.726841	0.021727
3.761809	0.967298	0.699804	1.072710	0.250000	0.726841	0.021727
3.771799	0.967298	0.699804	1.072710	0.250000	0.726841	0.021727
3.781798	0.967298	0.699804	1.072710	0.250000	0.726841	0.021727
3.792704	0.975541	0.705790	1.095472	0.250000	0.755780	0.025258
3.802236	0.975541	0.705790	1.095472	0.250000	0.755780	0.025258
3.811789	0.975541	0.705790	1.095472	0.250000	0.755780	0.025258
3.821774	0.975541	0.705790	1.095472	0.250000	0.755780	0.025258
3.831829	0.982513	0.716726	1.129693	0.250000	0.786343	0.028127
3.841715	0.982513	0.716726	1.129693	0.250000	0.786343	0.028127
3.854177	0.982513	0.716726	1.129693	0.250000	0.786343	0.028127
3.861826	0.982513	0.716726	1.129693	0.250000	0.786343	0.028127
3.871768	0.982513	0.716726	1.129693	0.250000	0.786343	0.028127
3.881909	0.988444	0.726982	1.153225	0.250000	0.832768	0.032084
3.892844	0.988444	0.726982	1.153225	0.250000	0.832768	0.032084
3.901807	0.988444	0.726982	1.153225	0.250000	0.832768	0.032084
3.912520	0.991644	0.734229	1.176384	0.250000	0.836271	0.033146
3.921810	0.991644	0.734229	1.176384	0.250000	0.836271	0.033146
3.932079	0.991644	0.734229	1.176384	0.250000	0.836271	0.033146
3.941825	0.991644	0.734229	1.176384	0.250000	0.836271	0.033146
3.951990	0.991644	0.734229	1.176384	0.250000	0.836271	0.033146
3.961881	0.992649	0.741486	1.195398	0.250000	0.800965	0.030926
3.972115	0.992649	0.741486	1.195398	0.250000	0.800965	0.030926
3.981825	0.992649	0.741486	1.195398	0.250000	0.800965	0.030926
3.992832	0.992649	0.741486	1.195398	0.250000	0.800965	0.030926
4.002374	0.996506	0.750877	1.219799	0.250000	0.823776	0.033796
4.012114	0.996506	0.750877	1.219799	0.250000	0.823776	0.033796
4.022035	0.996506	0.750877	1.219799	0.250000	0.823776	0.033796
4.031854	0.996506	0.750877	1.219799	0.250000	0.823776	0.033796
4.041808	0.998893	0.760340	1.250546	0.250000	0.791372	0.032796
4.052166	0.998893	0.760340	1.250546	0.250000	0.791372	0.032796
4.061866	0.998893	0.760340	1.250546	0.250000	0.791372	0.032796
4.071868	0.998893	0.760340	1.250546	0.250000	0.791372	0.032796
4.081872	0.998893	0.760340	1.250546	0.250000	0.791372	0.032796
4.092166	0.998893	0.760340	1.250546	0.250000	0.791372	0.032796
4.102113	0.998893	0.760340	1.250546	0.250000	0.791372	0.032796
4.112706	0.998893	0.760340	1.250546	0.250000	0.791372	0.032796
4.122385	1.003222	0.771354	1.291956	0.250000	0.768613	0.033739
4.131696	1.003222	0.771354	1.291956	0.250000	0.768613	0.033739
4.141918	1.003222	0.771354	1.291956	0.250000	0.768613	0.033739
4.151791	1.003222	0.771354	1.291956	0.250000	0.768613	0.033739
4.161796	1.003222	0.771354	1.291956	0.250000	0.768613	0.033739
4.171910	1.003222	0.771354	1.291956	0.250000	0.768613	0.033739
4.181767	1.007804	0.785272	1.338348	0.250000	0.740778	0.035128
4.192223	1.007804	0.785272	1.338348	0.250000	0.740778	0.035128
4.202250	1.007804	0.785272	1.338348	0.250000	0.740778	0.035128
4.212199	1.007804	0.785272	1.338348	0.250000	0.740778	0.035128
4.221944	1.007804	0.785272	1.338348	0.250000	0.740778	0.035128
4.231757	1.007804	0.785272	1.338348	0.250000	0.740778	0.035128
4.241884	1.007804	0.785272	1.338348	0.250000	0.740778	0.035128
4.252213	1.009688	0.799007	1.378260	0.250000	0.678860	0.033211
4.262088	1.009688	0.799007	1.378260	0.250000	0.678860	0.033211
4.271757	1.009688	0.799007	1.378260	0.250000	0.678860	0.033211
4.281807	1.009688	0.799007	1.378260	0.250000	0.678860	0.033211
4.292246	1.009688	0.799007	1.378260	0.250000	0.678860	0.033211
4.302165	1.011941	0.814447	1.419709	0.250000	0.617490	0.032295
4.311824	1.011941	0.814447	1.419709	0.250000	0.617490	0.032295
4.322497	1.011941	0.814447	1.419709	0.250000	0.617490	0.032295
4.332250	1.011941	0.814447	1.419709	0.250000	0.617490	0.032295
4.342039	1.006342	0.829345	1.467760	0.250000	0.442593	0.022313
4.351891	1.006342	0.829345	1.467760	0.250000	0.442593	0.022313
4.362335	1.006342	0.829345	1.467760	0.250000	0.442593	0.022313
4.371989	1.006342	0.829345	1.467760	0.250000	0.442593	0.022313
4.381770	1.006909	0.839624	1.510935	0.250000	0.333650	0.017620
4.391796	1.006909	0.839624	1.510935	0.250000	0.333650	0.017620
4.402493	1.006909	0.839624	1.510935	0.250000	0.333650	0.017620
4.411984	1.006909	0.839624	1.510935	0.250000	0.333650	0.017620
4.421785	1.006909	0.839624	1.510935	0.250000	0.333650	0.017620
4.431743	1.005029	0.847136	1.539049	0.250000	0.231893	0.012540
4.441832	1.005029	0.847136	1.539049	0.250000	0.231893	0.012540
4.451724	1.005029	0.847136	1.539049	0.250000	0.231893	0.012540
4.461825	1.005029	0.847136	1.539049	0.250000	0.231893	0.012540
4.471835	1.005029	0.847136	1.539049	0.250000	0.231893	0.012540
4.482534	1.005029	0.847136	1.539049	0.250000	0.231893	0.012540
4.492309	1.010449	0.856223	1.571070	0.250000	0.200135	0.013994
4.502252	1.010449	0.856223	1.571070	0.250000	0.200135	0.013994
4.511848	1.010449	0.856223	1.571070	0.250000	0.200135	0.013994
4.521751	1.010449	0.856223	1.571070	0.250000	0.200135	0.013994
4.532348	1.010449	0.856223	1.571070	0.250000	0.200135	0.013994
4.541838	1.010449	0.856223	1.571070	0.250000	0.200135	0.013994
4.551916	1.010449	0.856223	1.571070	0.250000	0.200135	0.013994
4.561799	1.010449	0.856223	1.571070	0.250000	0.200135	0.013994
4.572348	1.010449	0.856223	1.571070	0.250000	0.200135	0.013994
4.582129	1.006790	0.865882	1.688820	0.250000	-0.166904	-0.005366
4.591849	1.006790	0.865882	1.688820	0.250000	-0.166904	-0.005366
4.602890	1.006790	0.865882	1.688820	0.250000	-0.166904	-0.005366
4.612370	1.006790	0.865882	1.688820	0.250000	-0.166904	-0.005366
4.622185	1.006790	0.865882	1.688820	0.250000	-0.166904	-0.005366
4.631864	1.006790	0.865882	1.688820	0.250000	-0.166904	-0.005366
4.641885	1.006790	0.865882	1.688820	0.250000	-0.166904	-0.005366
4.651791	1.006790	0.865882	1.688820	0.250000	-0.166904	-0.005366
4.663631	1.007451	0.884699	1.736654	0.250000	-0.313507	-0.011029
4.671824	1.007451	0.884699	1.736654	0.250000	-0.313507	-0.011029
4.682656	1.007451	0.884699	1.736654	0.250000	-0.313507	-0.011029
4.692436	1.007451	0.884699	1.736654	0.250000	-0.313507	-0.011029
4.702386	1.007451	0.884699	1.736654	0.250000	-0.313507	-0.011029
4.712050	1.007451	0.884699	1.736654	0.250000	-0.313507	-0.011029
4.722667	1.007451	0.884699	1.736654	0.250000	-0.313507	-0.011029
4.732421	1.007451	0.884699	1.736654	0.250000	-0.313507	-0.011029
4.742161	1.002431	0.898357	1.769333	0.250000	-0.473607	-0.020586
4.752014	1.002431	0.898357	1.769333	0.250000	-0.473607	-0.020586
4.761714	1.002431	0.898357	1.769333	0.250000	-0.473607	-0.020586
4.772310	1.002431	0.898357	1.769333	0.250000	-0.473607	-0.020586
4.781934	1.002431	0.898357	1.769333	0.250000	-0.473607	-0.020586
4.791956	1.002431	0.898357	1.769333	0.250000	-0.473607	-0.020586
4.801934	1.002431	0.898357	1.769333	0.250000	-0.473607	-0.020586
4.812460	1.002431	0.898357	1.769333	0.250000	-0.473607	-0.020586
4.822170	0.997669	0.921281	1.810124	0.250000	-0.646822	-0.031315
4.831938	0.997669	0.921281	1.810124	0.250000	-0.646822	-0.031315
4.841723	0.997669	0.921281	1.810124	0.250000	-0.646822	-0.031315
4.852453	0.997669	0.921281	1.810124	0.250000	-0.646822	-0.031315
4.862284	0.997669	0.921281	1.810124	0.250000	-0.646822	-0.031315
4.872006	0.997669	0.921281	1.810124	0.250000	-0.646822	-0.031315
4.881774	0.997669	0.921281	1.810124	0.250000	-0.646822	-0.031315
4.891768	0.988724	0.938151	1.803268	0.250000	-0.719017	-0.038944
4.902236	0.988724	0.938151	1.803268	0.250000	-0.719017	-0.038944
4.911975	0.988724	0.938151	1.803268	0.250000	-0.719017	-0.038944
4.921746	0.988724	0.938151	1.803268	0.250000	-0.719017	-0.038944
4.932476	0.988724	0.938151	1.803268	0.250000	-0.719017	-0.038944
4.942254	0.988724	0.938151	1.803268	0.250000	-0.719017	-0.038944
4.952022	0.988724	0.938151	1.803268	0.250000	-0.719017	-0.038944
4.961946	0.985991	0.952096	1.775492	0.250000	-0.691604	-0.039729
4.972577	0.985991	0.952096	1.775492	0.250000	-0.691604	-0.039729
4.981800	0.985991	0.952096	1.775492	0.250000	-0.691604	-0.039729
4.991779	0.985991	0.952096	1.775492	0.250000	-0.691604	-0.039729
5.001968	0.985991	0.952096	1.775492	0.250000	-0.691604	-0.039729
5.012495	0.983693	0.967590	1.646168	0.250000	-0.401716	-0.025984
5.022260	0.983693	0.967590	1.646168	0.250000	-0.401716	-0.025984
5.031997	0.983693	0.967590	1.646168	0.250000	-0.401716	-0.025984
5.041792	0.986298	0.975479	1.618169	0.250000	-0.292050	-0.019831
5.052526	0.986298	0.975479	1.618169	0.250000	-0.292050	-0.019831
5.062237	0.986298	0.975479	1.618169	0.250000	-0.292050	-0.019831
5.072077	0.986298	0.975479	1.618169	0.250000	-0.292050	-0.019831
5.081801	0.986966	0.995213	1.600267	0.250000	-0.192247	-0.016586
5.092536	0.986966	0.995213	1.600267	0.250000	-0.192247	-0.016586
5.102350	0.986966	0.995213	1.600267	0.250000	-0.192247	-0.016586
5.112069	0.986966	0.995213	1.600267	0.250000	-0.192247	-0.016586
5.121834	0.986966	0.995213	1.600267	0.250000	-0.192247	-0.016586
5.132582	0.990820	0.997902	1.566824	0.250000	-0.059698	-0.008139
5.142309	0.990820	0.997902	1.566824	0.250000	-0.059698	-0.008139
5.151749	0.990820	0.997902	1.566824	0.250000	-0.059698	-0.008139
5.161897	0.992543	1.008252	1.629523	0.250000	-0.160447	-0.014369
5.172625	0.992543	1.008252	1.629523	0.250000	-0.160447	-0.014369
5.182350	0.992543	1.008252	1.629523	0.250000	-0.160447	-0.014369
5.192078	0.992543	1.008252	1.629523	0.250000	-0.160447	-0.014369
5.202043	0.992543	1.008252	1.629523	0.250000	-0.160447	-0.014369
5.212598	0.991402	1.016997	1.607285	0.250000	-0.080336	-0.011744
5.221723	0.991402	1.016997	1.607285	0.250000	-0.080336	-0.011744
5.231853	0.991402	1.016997	1.607285	0.250000	-0.080336	-0.011744
5.241902	0.991402	1.016997	1.607285	0.250000	-0.080336	-0.011744
5.251807	0.991402	1.016997	1.607285	0.250000	-0.080336	-0.011744
5.262079	0.991402	1.016997	1.607285	0.250000	-0.080336	-0.011744
5.271853	0.991402	1.016997	1.607285	0.250000	-0.080336	-0.011744
5.281757	0.991402	1.016997	1.607285	0.250000	-0.080336	-0.011744
5.291723	0.994988	1.034111	1.590407	0.250000	0.095204	-0.003679
5.302607	0.994988	1.034111	1.590407	0.250000	0.095204	-0.003679
5.312142	0.994988	1.034111	1.590407	0.250000	0.095204	-0.003679
5.321783	0.994988	1.034111	1.590407	0.250000	0.095204	-0.003679
5.332738	0.994988	1.034111	1.590407	0.250000	0.095204	-0.003679
5.342467	0.994988	1.034111	1.590407	0.250000	0.095204	-0.003679
5.352215	0.998295	1.050028	1.486801	0.250000	0.485990	0.015920
5.362002	0.998295	1.050028	1.486801	0.250000	0.485990	0.015920
5.371687	0.998295	1.050028	1.486801	0.250000	0.485990	0.015920
5.382428	0.998295	1.050028	1.486801	0.250000	0.485990	0.015920
5.391819	1.002801	1.060974	1.465878	0.250000	0.647670	0.024877
5.402211	1.002801	1.060974	1.465878	0.250000	0.647670	0.024877
5.412210	1.002801	1.060974	1.465878	0.250000	0.647670	0.024877
5.421791	1.002801	1.060974	1.465878	0.250000	0.647670	0.024877
5.432239	1.002801	1.060974	1.465878	0.250000	0.647670	0.024877
5.441979	1.003202	1.079686	1.447705	0.250000	0.784422	0.030428
5.451732	1.003202	1.079686	1.447705	0.250000	0.784422	0.030428
5.462507	1.003202	1.079686	1.447705	0.250000	0.784422	0.030428
5.471663	1.003202	1.079686	1.447705	0.250000	0.784422	0.030428
5.482975	1.003202	1.079686	1.447705	0.250000	0.784422	0.030428
5.491735	1.003202	1.079686	1.447705	0.250000	0.784422	0.030428
5.502534	1.003202	1.079686	1.447705	0.250000	0.784422	0.030428
5.512290	1.006474	1.095859	1.438643	0.250000	0.919917	0.038498
5.522164	1.006474	1.095859	1.438643	0.250000	0.919917	0.038498
5.531816	1.006474	1.095859	1.438643	0.250000	0.919917	0.038498
5.541765	1.006474	1.095859	1.438643	0.250000	0.919917	0.038498
5.551770	1.002945	1.109744	1.428280	0.250000	0.979897	0.040656
5.562080	1.002945	1.109744	1.428280	0.250000	0.979897	0.040656
5.571844	1.002945	1.109744	1.428280	0.250000	0.979897	0.040656
5.582143	1.002945	1.109744	1.428280	0.250000	0.979897	0.040656
5.591822	1.002945	1.109744	1.428280	0.250000	0.979897	0.040656
5.602372	1.002945	1.109744	1.428280	0.250000	0.979897	0.040656
5.611894	1.002945	1.109744	1.428280	0.250000	0.979897	0.040656
5.622571	1.002945	1.109744	1.428280	0.250000	0.979897	0.040656
5.631895	1.001231	1.113626	1.452924	0.250000	0.932982	0.037759
5.642318	1.001231	1.113626	1.452924	0.250000	0.932982	0.037759
5.651901	1.001231	1.113626	1.452924	0.250000	0.932982	0.037759
5.662659	1.001231	1.113626	1.452924	0.250000	0.932982	0.037759
5.672377	1.001231	1.113626	1.452924	0.250000	0.932982	0.037759
5.682163	1.000675	1.125897	1.484981	0.250000	0.916633	0.038455
5.692386	1.000675	1.125897	1.484981	0.250000	0.916633	0.038455
5.702653	1.000675	1.125897	1.484981	0.250000	0.916633	0.038455
5.711930	1.000675	1.125897	1.484981	0.250000	0.916633	0.038455
5.721766	1.000675	1.125897	1.484981	0.250000	0.916633	0.038455
5.731917	1.000675	1.125897	1.484981	0.250000	0.916633	0.038455
5.741794	1.000675	1.125897	1.484981	0.250000	0.916633	0.038455
5.752419	1.000675	1.125897	1.484981	0.250000	0.916633	0.038455
5.762233	1.007198	1.144413	1.539916	0.250000	0.913916	0.045077
5.771919	1.007198	1.144413	1.539916	0.250000	0.913916	0.045077
5.781756	1.007198	1.144413	1.539916	0.250000	0.913916	0.045077
5.791784	1.007198	1.144413	1.539916	0.250000	0.913916	0.045077
5.802169	1.007198	1.144413	1.539916	0.250000	0.913916	0.045077
5.811808	1.010010	1.162859	1.581029	0.250000	0.869629	0.050627
5.822669	1.010010	1.162859	1.581029	0.250000	0.869629	0.050627
5.832459	1.010010	1.162859	1.581029	0.250000	0.869629	0.050627
5.842352	1.010010	1.162859	1.581029	0.250000	0.869629	0.050627
5.852091	1.010010	1.162859	1.581029	0.250000	0.869629	0.050627
5.861758	1.010010	1.162859	1.581029	0.250000	0.869629	0.050627
5.871730	1.010010	1.162859	1.581029	0.250000	0.869629	0.050627
5.882343	1.007431	1.174118	1.628612	0.250000	0.693662	0.047659
5.892050	1.007431	1.174118	1.628612	0.250000	0.693662	0.047659
5.901941	1.007431	1.174118	1.628612	0.250000	0.693662	0.047659
5.912560	1.007431	1.174118	1.628612	0.250000	0.693662	0.047659
5.922155	1.007431	1.174118	1.628612	0.250000	0.693662	0.047659
5.932041	1.007431	1.174118	1.628612	0.250000	0.693662	0.047659
5.942070	1.007431	1.174118	1.628612	0.250000	0.693662	0.047659
5.951844	0.998735	1.184566	1.680888	0.250000	0.405177	0.034397
5.964827	0.998735	1.184566	1.680888	0.250000	0.405177	0.034397
5.971785	0.998735	1.184566	1.680888	0.250000	0.405177	0.034397
5.981745	0.998735	1.184566	1.680888	0.250000	0.405177	0.034397
5.991759	0.998735	1.184566	1.680888	0.250000	0.405177	0.034397
6.003003	0.998735	1.184566	1.680888	0.250000	0.405177	0.034397
6.011857	0.998735	1.184566	1.680888	0.250000	0.405177	0.034397
6.021810	0.998735	1.184566	1.680888	0.250000	0.405177	0.034397
6.032566	0.991774	1.204701	1.745774	0.250000	0.067448	0.019489
6.042334	0.991774	1.204701	1.745774	0.250000	0.067448	0.019489
6.052068	0.991774	1.204701	1.745774	0.250000	0.067448	0.019489
6.061863	0.991774	1.204701	1.745774	0.250000	0.067448	0.019489
6.072609	0.988975	1.223327	1.796608	0.250000	-0.123792	0.010167
6.081773	0.988975	1.223327	1.796608	0.250000	-0.123792	0.010167
6.092133	0.988975	1.223327	1.796608	0.250000	-0.123792	0.010167
6.102117	0.988975	1.223327	1.796608	0.250000	-0.123792	0.010167
6.112616	0.992678	1.238675	1.832364	0.250000	-0.178564	0.008404
6.122353	0.992678	1.238675	1.832364	0.250000	-0.178564	0.008404
6.131819	0.992678	1.238675	1.832364	0.250000	-0.178564	0.008404
6.141891	0.992678	1.238675	1.832364	0.250000	-0.178564	0.008404
6.151735	0.992678	1.238675	1.832364	0.250000	-0.178564	0.008404
6.161875	0.992678	1.238675	1.832364	0.250000	-0.178564	0.008404
6.171772	0.992678	1.238675	1.832364	0.250000	-0.178564	0.008404
6.181935	0.991086	1.242239	1.857106	0.250000	-0.258856	0.003269
6.192724	0.991086	1.242239	1.857106	0.250000	-0.258856	0.003269
6.202419	0.991086	1.242239	1.857106	0.250000	-0.258856	0.003269
6.212189	0.991086	1.242239	1.857106	0.250000	-0.258856	0.003269
6.221910	0.991086	1.242239	1.857106	0.250000	-0.258856	0.003269
6.233437	0.991086	1.242239	1.857106	0.250000	-0.258856	0.003269
6.242433	0.991086	1.242239	1.857106	0.250000	-0.258856	0.003269
6.251836	0.986664	1.254511	1.880381	0.250000	-0.339905	-0.004029
6.262733	0.986664	1.254511	1.880381	0.250000	-0.339905	-0.004029
6.271791	0.986664	1.254511	1.880381	0.250000	-0.339905	-0.004029
6.282696	0.986664	1.254511	1.880381	0.250000	-0.339905	-0.004029
6.292064	0.986664	1.254511	1.880381	0.250000	-0.339905	-0.004029
6.302028	0.977501	1.270567	1.910021	0.250000	-0.444274	-0.015938
6.311740	0.977501	1.270567	1.910021	0.250000	-0.444274	-0.015938
6.322445	0.977501	1.270567	1.910021	0.250000	-0.444274	-0.015938
6.332229	0.977501	1.270567	1.910021	0.250000	-0.444274	-0.015938
6.341956	0.971365	1.288757	1.919165	0.250000	-0.415268	-0.021037
6.351757	0.971365	1.288757	1.919165	0.250000	-0.415268	-0.021037
6.362533	0.971365	1.288757	1.919165	0.250000	-0.415268	-0.021037
6.372291	0.971365	1.288757	1.919165	0.250000	-0.415268	-0.021037
6.381994	0.971365	1.288757	1.919165	0.250000	-0.415268	-0.021037
6.391722	0.971365	1.288757	1.919165	0.250000	-0.415268	-0.021037
6.402468	0.967705	1.304253	1.911200	0.250000	-0.313095	-0.020156
6.412608	0.967705	1.304253	1.911200	0.250000	-0.313095	-0.020156
6.422004	0.967705	1.304253	1.911200	0.250000	-0.313095	-0.020156
6.431787	0.967705	1.304253	1.911200	0.250000	-0.313095	-0.020156
6.443270	0.967705	1.304253	1.911200	0.250000	-0.313095	-0.020156
6.451873	0.967705	1.304253	1.911200	0.250000	-0.313095	-0.020156
6.462173	0.967705	1.304253	1.911200	0.250000	-0.313095	-0.020156
6.471858	0.967705	1.304253	1.911200	0.250000	-0.313095	-0.020156
6.482532	0.967705	1.304253	1.911200	0.250000	-0.313095	-0.020156
6.492244	0.964035	1.310310	1.881528	0.250000	-0.214110	-0.017976
6.502228	0.964035	1.310310	1.881528	0.250000	-0.214110	-0.017976
6.511826	0.964035	1.310310	1.881528	0.250000	-0.214110	-0.017976
6.522577	0.964035	1.310310	1.881528	0.250000	-0.214110	-0.017976
6.531838	0.964035	1.310310	1.881528	0.250000	-0.214110	-0.017976
6.541861	0.964035	1.310310	1.881528	0.250000	-0.214110	-0.017976
6.551934	0.964035	1.310310	1.881528	0.250000	-0.214110	-0.017976
6.562619	0.964035	1.310310	1.881528	0.250000	-0.214110	-0.017976
6.571747	0.964035	1.310310	1.881528	0.250000	-0.214110	-0.017976
6.582150	0.963978	1.332137	1.849182	0.250000	0.079244	-0.005756
6.591878	0.963978	1.332137	1.849182	0.250000	0.079244	-0.005756
6.602723	0.963978	1.332137	1.849182	0.250000	0.079244	-0.005756
6.612541	0.956037	1.340471	1.824431	0.250000	0.183540	-0.005316
6.622411	0.956037	1.340471	1.824431	0.250000	0.183540	-0.005316
6.631918	0.956037	1.340471	1.824431	0.250000	0.183540	-0.005316
6.641706	0.956037	1.340471	1.824431	0.250000	0.183540	-0.005316
6.652436	0.956037	1.340471	1.824431	0.250000	0.183540	-0.005316
6.662384	0.951583	1.351110	1.790326	0.250000	0.332155	0.000002
6.671940	0.951583	1.351110	1.790326	0.250000	0.332155	0.000002
6.681685	0.951583	1.351110	1.790326	0.250000	0.332155	0.000002
6.692496	0.951583	1.351110	1.790326	0.250000	0.332155	0.000002
6.702464	0.951583	1.351110	1.790326	0.250000	0.332155	0.000002
6.711958	0.951583	1.351110	1.790326	0.250000	0.332155	0.000002
6.721827	0.951583	1.351110	1.790326	0.250000	0.332155	0.000002
6.732497	0.951583	1.351110	1.790326	0.250000	0.332155	0.000002
6.742228	0.951583	1.351110	1.790326	0.250000	0.332155	0.000002
6.752009	0.947606	1.357135	1.763900	0.250000	0.413418	0.002432
6.761732	0.947606	1.357135	1.763900	0.250000	0.413418	0.002432
6.772504	0.946815	1.373651	1.874674	0.250000	0.394055	-0.000805
6.783316	0.946815	1.373651	1.874674	0.250000	0.394055	-0.000805
6.791879	0.946815	1.373651	1.874674	0.250000	0.394055	-0.000805
6.803025	0.946815	1.373651	1.874674	0.250000	0.394055	-0.000805
6.812551	0.946815	1.373651	1.874674	0.250000	0.394055	-0.000805
6.822252	0.946815	1.373651	1.874674	0.250000	0.394055	-0.000805
6.834896	0.946815	1.373651	1.874674	0.250000	0.394055	-0.000805
6.842702	0.946815	1.373651	1.874674	0.250000	0.394055	-0.000805
6.851798	0.946815	1.373651	1.874674	0.250000	0.394055	-0.000805
6.862306	0.944479	1.392384	1.870952	0.250000	0.593494	0.009002
6.871881	0.944479	1.392384	1.870952	0.250000	0.593494	0.009002
6.881865	0.944479	1.392384	1.870952	0.250000	0.593494	0.009002
6.892317	0.944479	1.392384	1.870952	0.250000	0.593494	0.009002
6.902307	0.944479	1.392384	1.870952	0.250000	0.593494	0.009002
6.912051	0.944479	1.392384	1.870952	0.250000	0.593494	0.009002
6.921811	0.944479	1.392384	1.870952	0.250000	0.593494	0.009002
6.932573	0.944479	1.392384	1.870952	0.250000	0.593494	0.009002
6.941729	0.944479	1.392384	1.870952	0.250000	0.593494	0.009002
6.951782	0.939872	1.410167	1.878845	0.250000	0.745919	0.016055
6.961882	0.939872	1.410167	1.878845	0.250000	0.745919	0.016055
6.971967	0.939872	1.410167	1.878845	0.250000	0.745919	0.016055
6.982433	0.939872	1.410167	1.878845	0.250000	0.745919	0.016055
6.991829	0.939872	1.410167	1.878845	0.250000	0.745919	0.016055
7.002045	0.939872	1.410167	1.878845	0.250000	0.745919	0.016055
7.012645	0.939872	1.410167	1.878845	0.250000	0.745919	0.016055
7.021699	0.934685	1.428063	1.772981	0.250000	1.041846	0.030879
7.032153	0.934685	1.428063	1.772981	0.250000	1.041846	0.030879
7.041870	0.934685	1.428063	1.772981	0.250000	1.041846	0.030879
7.051788	0.934685	1.428063	1.772981	0.250000	1.041846	0.030879
7.061786	0.934685	1.428063	1.772981	0.250000	1.041846	0.030879
7.071800	0.934685	1.428063	1.772981	0.250000	1.041846	0.030879
7.081813	0.934685	1.428063	1.772981	0.250000	1.041846	0.030879
7.093247	0.934685	1.428063	1.772981	0.250000	1.041846	0.030879
7.102445	0.934685	1.428063	1.772981	0.250000	1.041846	0.030879
7.112187	0.928112	1.444862	1.809028	0.250000	1.114936	0.034138
7.121938	0.928112	1.444862	1.809028	0.250000	1.114936	0.034138
7.131757	0.928112	1.444862	1.809028	0.250000	1.114936	0.034138
7.142439	0.920311	1.461982	1.856895	0.250000	1.167447	0.036877
7.152178	0.920311	1.461982	1.856895	0.250000	1.167447	0.036877
7.161991	0.920311	1.461982	1.856895	0.250000	1.167447	0.036877
7.171801	0.920311	1.461982	1.856895	0.250000	1.167447	0.036877
7.181787	0.920311	1.461982	1.856895	0.250000	1.167447	0.036877
7.192261	0.914324	1.476192	1.886188	0.250000	1.217240	0.040158
