x(i)	y(i)	theta(i)
0.500942	0.243185	0.241350
0.505227	0.244283	0.260350
0.509456	0.245452	0.279436
0.513629	0.246693	0.298596
0.517747	0.248004	0.317816
0.521810	0.249384	0.337083
0.525818	0.250832	0.356381
0.529771	0.252348	0.375697
0.533671	0.253929	0.395016
0.537517	0.255577	0.414325
0.541309	0.257288	0.433608
0.545049	0.259064	0.452851
0.548736	0.260902	0.472042
0.552371	0.262802	0.491165
0.555954	0.264762	0.510207
0.559486	0.266783	0.529156
0.562967	0.268863	0.547998
0.566397	0.271000	0.566721
0.569776	0.273195	0.585313
0.573106	0.275447	0.603764
0.576385	0.277753	0.622061
0.579616	0.280114	0.640196
0.582797	0.282529	0.658159
0.585930	0.284996	0.675941
0.589015	0.287515	0.693533
0.592052	0.290084	0.710928
0.595041	0.292704	0.728119
0.597984	0.295372	0.745100
0.600879	0.298089	0.761865
0.603728	0.300852	0.778409
0.606531	0.303662	0.794727
0.609289	0.306517	0.810815
0.612001	0.309416	0.826672
0.614668	0.312359	0.842292
0.617291	0.315345	0.857676
0.619869	0.318372	0.872820
0.622403	0.321439	0.887724
0.624894	0.324546	0.902387
0.627342	0.327693	0.916809
0.629747	0.330877	0.930990
0.632109	0.334098	0.944930
0.634430	0.337355	0.958630
0.636709	0.340648	0.972093
0.638946	0.343975	0.985318
0.641142	0.347335	0.998308
0.643298	0.350727	1.011065
0.645414	0.354151	1.023592
0.647489	0.357606	1.035890
0.649526	0.361090	1.047962
0.651523	0.364603	1.059812
0.653481	0.368144	1.071442
0.655400	0.371712	1.082856
0.657282	0.375306	1.094056
0.659126	0.378925	1.105046
0.660932	0.382568	1.115829
0.662702	0.386234	1.126409
0.664435	0.389923	1.136790
0.666131	0.393633	1.146984
0.667792	0.397364	1.157163
0.669415	0.401114	1.167394
0.671001	0.404883	1.177682
0.672548	0.408669	1.188034
0.674057	0.412473	1.198456
0.675525	0.416292	1.208953
0.676954	0.420127	1.219533
0.678341	0.423975	1.230202
0.679686	0.427837	1.240965
0.680989	0.431711	1.251829
0.682248	0.435596	1.262801
0.683464	0.439492	1.273886
0.684635	0.443397	1.285092
0.685761	0.447311	1.296424
0.686840	0.451233	1.307889
0.687873	0.455161	1.319494
0.688859	0.459095	1.331246
0.689796	0.463034	1.343150
0.690684	0.466977	1.355215
0.691523	0.470923	1.367446
0.692312	0.474871	1.379850
0.693050	0.478821	1.392434
0.693736	0.482771	1.405206
0.694370	0.486720	1.418172
0.694950	0.490668	1.431338
0.695477	0.494613	1.444712
0.695950	0.498555	1.458301
0.696367	0.502493	1.472112
0.696730	0.506425	1.485093
0.697046	0.510352	1.495861
0.697322	0.514271	1.504394
0.697569	0.518183	1.510674
0.697796	0.522085	1.514685
0.698010	0.525978	1.516410
0.698222	0.529861	1.515832
0.698440	0.533731	1.512930
0.698673	0.537590	1.507683
0.698930	0.541434	1.500069
0.699219	0.545265	1.490063
0.699551	0.549080	1.477645
0.699934	0.552879	1.462795
0.700376	0.556661	1.445498
0.700887	0.560425	1.425748
0.701476	0.564170	1.403548
0.702151	0.567895	1.378918
0.702922	0.571599	1.351893
0.703798	0.575282	1.322534
0.704787	0.578942	1.290924
0.705898	0.582579	1.257179
0.707141	0.586191	1.221445
0.708524	0.589778	1.183902
0.710056	0.593338	1.145148
0.711738	0.596873	1.108301
0.713565	0.600382	1.073961
0.715528	0.603867	1.042065
0.717620	0.607328	1.012537
0.719835	0.610768	0.985288
0.722165	0.614187	0.960224
0.724603	0.617585	0.937247
0.727142	0.620965	0.916261
0.729774	0.624327	0.897173
0.732493	0.627672	0.879895
0.735290	0.631002	0.864343
0.738160	0.634316	0.850440
0.741094	0.637617	0.838119
0.744086	0.640906	0.827316
0.747129	0.644183	0.817977
0.750214	0.647450	0.810055
0.753336	0.650707	0.803509
0.756486	0.653956	0.798309
0.759658	0.657197	0.794429
0.762844	0.660433	0.791851
0.766038	0.663663	0.790566
0.769231	0.666889	0.790569
0.772418	0.670112	0.791866
0.775590	0.673333	0.794468
0.778741	0.676553	0.798394
0.781863	0.679774	0.803671
0.784948	0.682995	0.810335
0.787991	0.686219	0.818428
0.790984	0.689446	0.828002
0.793919	0.692677	0.839116
0.796789	0.695914	0.851839
0.799588	0.699157	0.866249
0.802307	0.702408	0.882395
0.804943	0.705667	0.899283
0.807495	0.708936	0.916426
0.809967	0.712216	0.933800
0.812358	0.715508	0.951378
0.814670	0.718812	0.969133
0.816905	0.722130	0.987037
0.819064	0.725463	1.005058
0.821148	0.728812	1.023165
0.823159	0.732178	1.041325
0.825099	0.735563	1.059503
0.826968	0.738966	1.077665
0.828768	0.742390	1.095777
0.830500	0.745834	1.113802
0.832167	0.749302	1.131707
0.833769	0.752792	1.149458
0.835307	0.756307	1.167022
0.836783	0.759848	1.184365
0.838199	0.763415	1.201458
0.839556	0.767010	1.218270
0.840855	0.770633	1.234775
0.842098	0.774286	1.250946
0.843286	0.777970	1.266760
0.844420	0.781686	1.282195
0.845502	0.785435	1.297231
0.846534	0.789218	1.311851
0.847516	0.793035	1.326039
0.848450	0.796889	1.339783
0.849338	0.800780	1.353071
0.850181	0.804709	1.365932
0.850979	0.808675	1.378434
0.851733	0.812676	1.390595
0.852443	0.816711	1.402432
0.853110	0.820778	1.413958
0.853734	0.824876	1.425190
0.854316	0.829003	1.436141
0.854856	0.833157	1.446825
0.855355	0.837337	1.457255
0.855813	0.841541	1.467444
0.856230	0.845768	1.477403
0.856607	0.850016	1.487145
0.856944	0.854284	1.496681
0.857242	0.858569	1.506021
0.857501	0.862871	1.515176
0.857722	0.867187	1.524156
0.857905	0.871517	1.532970
0.858050	0.875858	1.541629
0.858159	0.880209	1.550141
0.858230	0.884568	1.558515
0.858266	0.888935	1.566760
0.858266	0.893306	1.574883
0.858230	0.897681	1.582894
0.858160	0.902058	1.590800
0.858055	0.906435	1.598608
0.857917	0.910811	1.606327
0.857744	0.915185	1.613964
0.857539	0.919554	1.621527
0.857301	0.923917	1.629022
0.857031	0.928272	1.636457
0.856729	0.932618	1.643839
0.856396	0.936954	1.651176
0.856032	0.941277	1.658474
0.855637	0.945587	1.665740
0.855212	0.949881	1.672982
0.854758	0.954158	1.680268
0.854274	0.958416	1.687830
0.853759	0.962656	1.695698
0.853212	0.966875	1.703877
0.852632	0.971073	1.712376
0.852018	0.975249	1.721202
0.851369	0.979402	1.730362
0.850684	0.983531	1.739865
0.849963	0.987634	1.749719
0.849204	0.991712	1.759932
0.848407	0.995763	1.770513
0.847570	0.999786	1.781470
0.846692	1.003780	1.792813
0.845773	1.007745	1.804550
0.844811	1.011678	1.816690
0.843806	1.015580	1.829242
0.842756	1.019450	1.842215
0.841661	1.023285	1.855616
0.840520	1.027086	1.869456
0.839332	1.030851	1.883741
0.838095	1.034580	1.898480
0.836809	1.038272	1.913680
0.835472	1.041924	1.929347
0.834085	1.045538	1.945489
0.832646	1.049111	1.962110
0.831153	1.052643	1.979215
0.829607	1.056132	1.996808
0.828005	1.059578	2.014890
0.826348	1.062980	2.033464
0.824634	1.066337	2.052528
0.822862	1.069648	2.072081
0.821031	1.072911	2.092120
0.819140	1.076127	2.112639
0.817189	1.079293	2.133631
0.815176	1.082410	2.155086
0.813100	1.085475	2.176993
0.810961	1.088489	2.199337
0.808757	1.091450	2.222104
0.806487	1.094357	2.245273
0.804151	1.097209	2.268825
0.801748	1.100005	2.292735
0.799276	1.102745	2.316978
0.796735	1.105427	2.341526
0.794124	1.108050	2.366348
0.791441	1.110614	2.391413
0.788686	1.113117	2.416686
0.785858	1.115559	2.442132
0.782955	1.117938	2.467714
0.779978	1.120254	2.493395
0.776924	1.122505	2.519135
0.773794	1.124691	2.544895
0.770585	1.126811	2.570638
0.767297	1.128863	2.596323
0.763930	1.130848	2.621914
0.760482	1.132763	2.647372
0.756951	1.134607	2.672663
0.753338	1.136381	2.697751
0.749642	1.138083	2.722233
0.745865	1.139714	2.745622
0.742010	1.141274	2.767967
0.738082	1.142766	2.789323
0.734083	1.144189	2.809743
0.730016	1.145546	2.829277
0.725886	1.146836	2.847974
0.721695	1.148062	2.865881
0.717447	1.149225	2.883044
0.713145	1.150324	2.899503
0.708793	1.151362	2.915302
0.704393	1.152340	2.930477
0.699950	1.153258	2.945065
0.695467	1.154118	2.959101
0.690946	1.154920	2.972618
0.686392	1.155666	2.985646
0.681808	1.156357	2.998215
0.677197	1.156994	3.010352
0.672562	1.157578	3.022084
0.667907	1.158110	3.033435
0.663236	1.158591	3.044428
0.658551	1.159023	3.055086
0.653856	1.159405	3.065430
0.649154	1.159740	3.075481
0.644449	1.160029	3.085257
0.639744	1.160271	3.094777
0.635043	1.160470	3.104059
0.630348	1.160625	3.113120
0.625663	1.160737	3.121976
0.620992	1.160809	3.130643
0.616338	1.160840	3.139136
0.611705	1.160832	-3.135713
0.607095	1.160786	-3.127521
0.602512	1.160703	-3.119457
0.597959	1.160584	-3.111508
0.593440	1.160430	-3.103596
0.588955	1.160241	-3.095523
0.584505	1.160018	-3.087274
0.580088	1.159759	-3.078849
0.575705	1.159465	-3.070248
0.571355	1.159135	-3.061469
0.567038	1.158769	-3.052514
0.562753	1.158367	-3.043382
0.558500	1.157928	-3.034075
0.554279	1.157452	-3.024592
0.550089	1.156939	-3.014936
0.545929	1.156389	-3.005107
0.541801	1.155801	-2.995106
0.537702	1.155175	-2.984937
0.533633	1.154510	-2.974601
0.529593	1.153808	-2.964100
0.525582	1.153066	-2.953438
0.521600	1.152286	-2.942618
0.517646	1.151466	-2.931643
0.513720	1.150607	-2.920518
0.509821	1.149707	-2.909245
0.505950	1.148768	-2.897831
0.502105	1.147788	-2.886280
0.498287	1.146768	-2.874597
0.494494	1.145706	-2.862787
0.490727	1.144604	-2.850857
0.486985	1.143459	-2.838813
0.483268	1.142274	-2.826662
0.479576	1.141046	-2.814409
0.475908	1.139775	-2.802063
0.472263	1.138463	-2.789631
0.468642	1.137107	-2.777120
0.465043	1.135708	-2.764538
0.461468	1.134266	-2.751894
0.457914	1.132780	-2.739195
0.454383	1.131250	-2.726450
0.450872	1.129676	-2.713668
0.447383	1.128058	-2.700857
0.443915	1.126395	-2.688025
0.440467	1.124686	-2.675183
0.437039	1.122933	-2.662338
0.433630	1.121134	-2.649499
0.430241	1.119289	-2.636676
0.426871	1.117397	-2.623876
0.423519	1.115460	-2.611109
0.420185	1.113476	-2.598383
0.416869	1.111445	-2.585706
0.413570	1.109366	-2.573086
0.410288	1.107241	-2.560532
0.407023	1.105067	-2.548052
0.403774	1.102845	-2.535652
0.400541	1.100576	-2.523340
0.397323	1.098257	-2.511218
0.394120	1.095891	-2.499460
0.390932	1.093478	-2.488066
0.387759	1.091020	-2.477033
0.384599	1.088517	-2.466354
0.381453	1.085971	-2.456025
0.378321	1.083382	-2.446042
0.375201	1.080752	-2.436399
0.372093	1.078082	-2.427091
0.368998	1.075373	-2.418114
0.365914	1.072625	-2.409460
0.362842	1.069841	-2.401126
0.359781	1.067020	-2.393106
0.356730	1.064164	-2.385396
0.353690	1.061275	-2.377989
0.350659	1.058353	-2.370881
0.347638	1.055399	-2.364066
0.344626	1.052414	-2.357541
0.341623	1.049400	-2.351301
0.338628	1.046358	-2.345340
0.335641	1.043288	-2.339655
0.332662	1.040191	-2.334241
0.329689	1.037069	-2.329094
0.326724	1.033923	-2.324210
0.323765	1.030754	-2.319585
0.320813	1.027563	-2.315215
0.317866	1.024350	-2.311098
0.314924	1.021118	-2.307229
0.311987	1.017867	-2.303606
0.309055	1.014598	-2.300225
0.306127	1.011312	-2.297084
0.303203	1.008010	-2.294181
0.300283	1.004694	-2.291511
0.297365	1.001364	-2.289075
0.294451	0.998022	-2.286868
0.291538	0.994668	-2.284890
0.288628	0.991304	-2.283138
0.285719	0.987930	-2.281610
0.282812	0.984549	-2.280307
0.279905	0.981160	-2.279225
0.276999	0.977765	-2.278365
0.274093	0.974365	-2.277724
0.271187	0.970961	-2.277303
0.268280	0.967554	-2.277101
0.265372	0.964145	-2.277117
0.262462	0.960736	-2.277352
0.259551	0.957327	-2.277804
0.256638	0.953919	-2.278475
0.253722	0.950513	-2.279363
0.250803	0.947112	-2.280471
