t	x(t)	y(t)	theta(t)	v(t)	gamma(t)	efa
0.010008	0.306505	0.213212	0.117694	0.250000	-0.413242	-0.037847
0.011331	0.306113	0.215942	0.132769	0.250000	-0.413242	-0.037847
0.020648	0.306113	0.215942	0.132769	0.250000	-0.475045	-0.042649
0.030642	0.306113	0.215942	0.132769	0.250000	-0.475045	-0.042649
0.040989	0.306113	0.215942	0.132769	0.250000	-0.475045	-0.042649
0.050915	0.306113	0.215942	0.132769	0.250000	-0.475045	-0.042649
0.061816	0.306089	0.215544	0.129122	0.250000	-0.462945	-0.041764
0.070556	0.306089	0.215544	0.129122	0.250000	-0.462945	-0.041764
0.080493	0.306089	0.215544	0.129122	0.250000	-0.462945	-0.041764
0.090582	0.306089	0.215544	0.129122	0.250000	-0.462945	-0.041764
0.100546	0.306482	0.212815	0.114048	0.250000	-0.400723	-0.036959
0.110543	0.306482	0.212815	0.114048	0.250000	-0.400723	-0.036959
0.120605	0.306482	0.212815	0.114048	0.250000	-0.400723	-0.036959
0.130565	0.306482	0.212815	0.114048	0.250000	-0.400723	-0.036959
0.140684	0.306482	0.212815	0.114048	0.250000	-0.400723	-0.036959
0.151302	0.306458	0.212417	0.110401	0.250000	-0.388125	-0.036069
0.160544	0.306458	0.212417	0.110401	0.250000	-0.388125	-0.036069
0.171057	0.306458	0.212417	0.110401	0.250000	-0.388125	-0.036069
0.180577	0.306458	0.212417	0.110401	0.250000	-0.388125	-0.036069
0.191248	0.308530	0.211015	0.104454	0.250000	-0.349659	-0.033519
0.200863	0.308530	0.211015	0.104454	0.250000	-0.349659	-0.033519
0.210808	0.308530	0.211015	0.104454	0.250000	-0.349659	-0.033519
0.220536	0.308530	0.211015	0.104454	0.250000	-0.349659	-0.033519
0.231305	0.308530	0.211015	0.104454	0.250000	-0.349659	-0.033519
0.241099	0.308530	0.211015	0.104454	0.250000	-0.349659	-0.033519
0.250826	0.308530	0.211015	0.104454	0.250000	-0.349659	-0.033519
0.260577	0.308530	0.211015	0.104454	0.250000	-0.349659	-0.033519
0.271288	0.314429	0.213389	0.102553	0.250000	-0.354989	-0.034846
0.280539	0.314429	0.213389	0.102553	0.250000	-0.354989	-0.034846
0.290764	0.314429	0.213389	0.102553	0.250000	-0.354989	-0.034846
0.300541	0.314429	0.213389	0.102553	0.250000	-0.354989	-0.034846
0.312762	0.323794	0.213282	0.076858	0.250000	-0.264024	-0.029823
0.321032	0.323794	0.213282	0.076858	0.250000	-0.264024	-0.029823
0.330794	0.323794	0.213282	0.076858	0.250000	-0.264024	-0.029823
0.343558	0.323794	0.213282	0.076858	0.250000	-0.264024	-0.029823
0.350570	0.333520	0.214766	0.057318	0.250000	-0.189215	-0.026550
0.360598	0.333520	0.214766	0.057318	0.250000	-0.189215	-0.026550
0.370852	0.333520	0.214766	0.057318	0.250000	-0.189215	-0.026550
0.380565	0.333520	0.214766	0.057318	0.250000	-0.189215	-0.026550
0.390445	0.333520	0.214766	0.057318	0.250000	-0.189215	-0.026550
0.400509	0.341442	0.213904	0.034463	0.250000	-0.103264	-0.021484
0.411362	0.341442	0.213904	0.034463	0.250000	-0.103264	-0.021484
0.420639	0.341442	0.213904	0.034463	0.250000	-0.103264	-0.021484
0.430477	0.341442	0.213904	0.034463	0.250000	-0.103264	-0.021484
0.441129	0.341442	0.213904	0.034463	0.250000	-0.103264	-0.021484
0.450840	0.341442	0.213904	0.034463	0.250000	-0.103264	-0.021484
0.460626	0.355213	0.211973	0.010898	0.250000	0.033665	-0.013554
0.471343	0.355213	0.211973	0.010898	0.250000	0.033665	-0.013554
0.481158	0.355213	0.211973	0.010898	0.250000	0.033665	-0.013554
0.490751	0.355213	0.211973	0.010898	0.250000	0.033665	-0.013554
0.500537	0.355213	0.211973	0.010898	0.250000	0.033665	-0.013554
0.510501	0.355213	0.211973	0.010898	0.250000	0.033665	-0.013554
0.521104	0.355213	0.211973	0.010898	0.250000	0.033665	-0.013554
0.530916	0.355213	0.211973	0.010898	0.250000	0.033665	-0.013554
0.540627	0.371295	0.211527	-0.013608	0.250000	0.164343	-0.006692
0.551367	0.371295	0.211527	-0.013608	0.250000	0.164343	-0.006692
0.561088	0.371295	0.211527	-0.013608	0.250000	0.164343	-0.006692
0.571982	0.388932	0.210071	-0.041263	0.250000	0.348714	0.003057
0.580692	0.388932	0.210071	-0.041263	0.250000	0.348714	0.003057
0.591216	0.388932	0.210071	-0.041263	0.250000	0.348714	0.003057
0.601235	0.388932	0.210071	-0.041263	0.250000	0.348714	0.003057
0.611040	0.388932	0.210071	-0.041263	0.250000	0.348714	0.003057
0.620846	0.399579	0.211821	-0.061304	0.250000	0.432193	0.006366
0.630489	0.399579	0.211821	-0.061304	0.250000	0.432193	0.006366
0.640551	0.399579	0.211821	-0.061304	0.250000	0.432193	0.006366
0.650502	0.399579	0.211821	-0.061304	0.250000	0.432193	0.006366
0.660768	0.399579	0.211821	-0.061304	0.250000	0.432193	0.006366
0.670874	0.399579	0.211821	-0.061304	0.250000	0.432193	0.006366
0.681196	0.399579	0.211821	-0.061304	0.250000	0.432193	0.006366
0.690942	0.399579	0.211821	-0.061304	0.250000	0.432193	0.006366
0.700519	0.399579	0.211821	-0.061304	0.250000	0.432193	0.006366
0.710501	0.411356	0.211079	-0.076024	0.250000	0.533750	0.011377
0.720481	0.411356	0.211079	-0.076024	0.250000	0.533750	0.011377
0.730481	0.411356	0.211079	-0.076024	0.250000	0.533750	0.011377
0.741251	0.424633	0.210267	-0.079604	0.250000	0.647995	0.016580
0.750582	0.424633	0.210267	-0.079604	0.250000	0.647995	0.016580
0.761304	0.424633	0.210267	-0.079604	0.250000	0.647995	0.016580
0.771050	0.424633	0.210267	-0.079604	0.250000	0.647995	0.016580
0.780519	0.438734	0.208958	-0.067087	0.250000	0.743926	0.020373
0.793905	0.438734	0.208958	-0.067087	0.250000	0.743926	0.020373
0.800715	0.438734	0.208958	-0.067087	0.250000	0.743926	0.020373
0.810534	0.438734	0.208958	-0.067087	0.250000	0.743926	0.020373
0.820527	0.438734	0.208958	-0.067087	0.250000	0.743926	0.020373
0.830705	0.438734	0.208958	-0.067087	0.250000	0.743926	0.020373
0.840518	0.438734	0.208958	-0.067087	0.250000	0.743926	0.020373
0.851048	0.438734	0.208958	-0.067087	0.250000	0.743926	0.020373
0.860773	0.452464	0.206848	-0.048719	0.250000	0.860888	0.024585
0.870592	0.452464	0.206848	-0.048719	0.250000	0.860888	0.024585
0.881300	0.452464	0.206848	-0.048719	0.250000	0.860888	0.024585
0.891009	0.452464	0.206848	-0.048719	0.250000	0.860888	0.024585
0.900827	0.452464	0.206848	-0.048719	0.250000	0.860888	0.024585
0.910603	0.452464	0.206848	-0.048719	0.250000	0.860888	0.024585
0.920493	0.452464	0.206848	-0.048719	0.250000	0.860888	0.024585
0.931115	0.468153	0.206965	-0.028764	0.250000	1.061633	0.028484
0.940861	0.468153	0.206965	-0.028764	0.250000	1.061633	0.028484
0.950676	0.468153	0.206965	-0.028764	0.250000	1.061633	0.028484
0.960804	0.468153	0.206965	-0.028764	0.250000	1.061633	0.028484
0.971104	0.468153	0.206965	-0.028764	0.250000	1.061633	0.028484
0.980577	0.468153	0.206965	-0.028764	0.250000	1.061633	0.028484
0.990579	0.468153	0.206965	-0.028764	0.250000	1.061633	0.028484
1.000493	0.484289	0.206103	0.001715	0.250000	1.170927	0.029342
1.010522	0.484289	0.206103	0.001715	0.250000	1.170927	0.029342
1.020833	0.484289	0.206103	0.001715	0.250000	1.170927	0.029342
1.032134	0.484289	0.206103	0.001715	0.250000	1.170927	0.029342
1.040501	0.484289	0.206103	0.001715	0.250000	1.170927	0.029342
1.051143	0.484289	0.206103	0.001715	0.250000	1.170927	0.029342
1.060580	0.484289	0.206103	0.001715	0.250000	1.170927	0.029342
1.070663	0.484289	0.206103	0.001715	0.250000	1.170927	0.029342
1.081387	0.501084	0.207400	0.038988	0.250000	1.293339	0.028330
1.091144	0.501084	0.207400	0.038988	0.250000	1.293339	0.028330
1.100909	0.501084	0.207400	0.038988	0.250000	1.293339	0.028330
1.110690	0.501084	0.207400	0.038988	0.250000	1.293339	0.028330
1.121371	0.501084	0.207400	0.038988	0.250000	1.293339	0.028330
1.131936	0.501084	0.207400	0.038988	0.250000	1.293339	0.028330
1.140948	0.501084	0.207400	0.038988	0.250000	1.293339	0.028330
1.150699	0.501084	0.207400	0.038988	0.250000	1.293339	0.028330
1.161443	0.501084	0.207400	0.038988	0.250000	1.293339	0.028330
1.170482	0.501084	0.207400	0.038988	0.250000	1.293339	0.028330
1.180541	0.501084	0.207400	0.038988	0.250000	1.293339	0.028330
1.190783	0.501084	0.207400	0.038988	0.250000	1.293339	0.028330
1.200478	0.501084	0.207400	0.038988	0.250000	1.293339	0.028330
1.210485	0.501084	0.207400	0.038988	0.250000	1.293339	0.028330
1.220507	0.501084	0.207400	0.038988	0.250000	1.293339	0.028330
1.230762	0.501084	0.207400	0.038988	0.250000	1.293339	0.028330
1.240478	0.501084	0.207400	0.038988	0.250000	1.293339	0.028330
1.251199	0.501084	0.207400	0.038988	0.250000	1.293339	0.028330
1.261015	0.501084	0.207400	0.038988	0.250000	1.293339	0.028330
1.270737	0.501084	0.207400	0.038988	0.250000	1.293339	0.028330
1.280510	0.501084	0.207400	0.038988	0.250000	1.293339	0.028330
1.291211	0.501084	0.207400	0.038988	0.250000	1.293339	0.028330
1.300472	0.519189	0.219668	0.099110	0.250000	1.457941	0.017789
1.311795	0.519189	0.219668	0.099110	0.250000	1.457941	0.017789
1.320528	0.519189	0.219668	0.099110	0.250000	1.457941	0.017789
1.334192	0.519189	0.219668	0.099110	0.250000	1.457941	0.017789
1.343091	0.519189	0.219668	0.099110	0.250000	1.457941	0.017789
1.350453	0.519189	0.219668	0.099110	0.250000	1.457941	0.017789
1.360473	0.546011	0.220811	0.162780	0.250000	1.529857	0.018044
1.371240	0.546011	0.220811	0.162780	0.250000	1.529857	0.018044
1.380970	0.546011	0.220811	0.162780	0.250000	1.529857	0.018044
1.390711	0.546011	0.220811	0.162780	0.250000	1.529857	0.018044
1.400539	0.568361	0.227574	0.231277	0.250000	1.562506	0.015010
1.410556	0.568361	0.227574	0.231277	0.250000	1.562506	0.015010
1.421014	0.568361	0.227574	0.231277	0.250000	1.562506	0.015010
1.430772	0.568361	0.227574	0.231277	0.250000	1.562506	0.015010
1.440589	0.584378	0.223185	0.285079	0.250000	1.590759	0.022192
1.451305	0.584378	0.223185	0.285079	0.250000	1.590759	0.022192
1.461020	0.584378	0.223185	0.285079	0.250000	1.590759	0.022192
1.470789	0.584378	0.223185	0.285079	0.250000	1.590759	0.022192
1.480559	0.584378	0.223185	0.285079	0.250000	1.590759	0.022192
1.491288	0.590999	0.229953	0.314134	0.250000	1.663857	0.019301
1.501060	0.590999	0.229953	0.314134	0.250000	1.663857	0.019301
1.510993	0.590999	0.229953	0.314134	0.250000	1.663857	0.019301
1.520528	0.590999	0.229953	0.314134	0.250000	1.663857	0.019301
1.531325	0.600602	0.232022	0.334659	0.250000	1.655176	0.020343
1.541071	0.600602	0.232022	0.334659	0.250000	1.655176	0.020343
1.550787	0.600602	0.232022	0.334659	0.250000	1.655176	0.020343
1.560596	0.600602	0.232022	0.334659	0.250000	1.655176	0.020343
1.571349	0.600602	0.232022	0.334659	0.250000	1.655176	0.020343
1.581067	0.609318	0.236445	0.355925	0.250000	1.621748	0.019273
1.590584	0.609318	0.236445	0.355925	0.250000	1.621748	0.019273
1.600574	0.609318	0.236445	0.355925	0.250000	1.621748	0.019273
1.610555	0.609318	0.236445	0.355925	0.250000	1.621748	0.019273
1.620499	0.609318	0.236445	0.355925	0.250000	1.621748	0.019273
1.630878	0.609318	0.236445	0.355925	0.250000	1.621748	0.019273
1.640585	0.609318	0.236445	0.355925	0.250000	1.621748	0.019273
1.651347	0.609318	0.236445	0.355925	0.250000	1.621748	0.019273
1.660545	0.618987	0.242773	0.394791	0.250000	1.715468	0.019601
1.670556	0.618987	0.242773	0.394791	0.250000	1.715468	0.019601
1.680664	0.618987	0.242773	0.394791	0.250000	1.715468	0.019601
1.690527	0.618987	0.242773	0.394791	0.250000	1.715468	0.019601
1.700477	0.630026	0.246499	0.428907	0.250000	1.703130	0.021526
1.710530	0.630026	0.246499	0.428907	0.250000	1.703130	0.021526
1.720576	0.630026	0.246499	0.428907	0.250000	1.703130	0.021526
1.730464	0.630026	0.246499	0.428907	0.250000	1.703130	0.021526
1.740466	0.642726	0.247536	0.468179	0.250000	1.730782	0.027589
1.750593	0.642726	0.247536	0.468179	0.250000	1.730782	0.027589
1.760567	0.642726	0.247536	0.468179	0.250000	1.730782	0.027589
1.770938	0.642726	0.247536	0.468179	0.250000	1.730782	0.027589
1.781168	0.642726	0.247536	0.468179	0.250000	1.730782	0.027589
1.790482	0.642726	0.247536	0.468179	0.250000	1.730782	0.027589
1.800526	0.642726	0.247536	0.468179	0.250000	1.730782	0.027589
1.810503	0.642726	0.247536	0.468179	0.250000	1.730782	0.027589
1.821165	0.642726	0.247536	0.468179	0.250000	1.730782	0.027589
1.830977	0.642726	0.247536	0.468179	0.250000	1.730782	0.027589
1.840694	0.642726	0.247536	0.468179	0.250000	1.730782	0.027589
1.851404	0.642726	0.247536	0.468179	0.250000	1.730782	0.027589
1.861292	0.657097	0.253687	0.512594	0.250000	1.724639	0.031175
1.870931	0.657097	0.253687	0.512594	0.250000	1.724639	0.031175
1.880554	0.657097	0.253687	0.512594	0.250000	1.724639	0.031175
1.890489	0.657097	0.253687	0.512594	0.250000	1.724639	0.031175
1.901227	0.657097	0.253687	0.512594	0.250000	1.724639	0.031175
1.910970	0.657097	0.253687	0.512594	0.250000	1.724639	0.031175
1.920678	0.669680	0.263311	0.552694	0.250000	1.831735	0.034002
1.930472	0.669680	0.263311	0.552694	0.250000	1.831735	0.034002
1.941291	0.669680	0.263311	0.552694	0.250000	1.831735	0.034002
1.950986	0.669680	0.263311	0.552694	0.250000	1.831735	0.034002
1.960703	0.669680	0.263311	0.552694	0.250000	1.831735	0.034002
1.970496	0.669680	0.263311	0.552694	0.250000	1.831735	0.034002
1.981212	0.669680	0.263311	0.552694	0.250000	1.831735	0.034002
1.990953	0.669680	0.263311	0.552694	0.250000	1.831735	0.034002
2.000691	0.681784	0.275912	0.609967	0.250000	1.781174	0.034656
2.010488	0.681784	0.275912	0.609967	0.250000	1.781174	0.034656
2.020454	0.681784	0.275912	0.609967	0.250000	1.781174	0.034656
2.030551	0.681784	0.275912	0.609967	0.250000	1.781174	0.034656
2.040585	0.681784	0.275912	0.609967	0.250000	1.781174	0.034656
2.050434	0.690614	0.283483	0.639560	0.250000	1.890457	0.038673
2.062038	0.690614	0.283483	0.639560	0.250000	1.890457	0.038673
2.070962	0.690614	0.283483	0.639560	0.250000	1.890457	0.038673
2.080729	0.690614	0.283483	0.639560	0.250000	1.890457	0.038673
2.090479	0.690614	0.283483	0.639560	0.250000	1.890457	0.038673
2.100519	0.690614	0.283483	0.639560	0.250000	1.890457	0.038673
2.110562	0.690614	0.283483	0.639560	0.250000	1.890457	0.038673
2.120733	0.699319	0.292851	0.677165	0.250000	1.870197	0.040444
2.130481	0.699319	0.292851	0.677165	0.250000	1.870197	0.040444
2.141276	0.699319	0.292851	0.677165	0.250000	1.870197	0.040444
2.151579	0.699319	0.292851	0.677165	0.250000	1.870197	0.040444
2.160592	0.699319	0.292851	0.677165	0.250000	1.870197	0.040444
2.170792	0.699319	0.292851	0.677165	0.250000	1.870197	0.040444
2.180487	0.699319	0.292851	0.677165	0.250000	1.870197	0.040444
2.191029	0.699319	0.292851	0.677165	0.250000	1.870197	0.040444
2.200524	0.710036	0.301324	0.717982	0.250000	1.877215	0.045491
2.210549	0.710036	0.301324	0.717982	0.250000	1.877215	0.045491
2.221307	0.710036	0.301324	0.717982	0.250000	1.877215	0.045491
2.231054	0.710036	0.301324	0.717982	0.250000	1.877215	0.045491
2.240793	0.719966	0.311980	0.760314	0.250000	1.974333	0.052054
2.250509	0.719966	0.311980	0.760314	0.250000	1.974333	0.052054
2.261240	0.719966	0.311980	0.760314	0.250000	1.974333	0.052054
2.271037	0.729917	0.319001	0.823932	0.250000	1.998748	0.062876
2.280851	0.729917	0.319001	0.823932	0.250000	1.998748	0.062876
2.290520	0.729917	0.319001	0.823932	0.250000	1.998748	0.062876
2.301334	0.729917	0.319001	0.823932	0.250000	1.998748	0.062876
2.312840	0.729917	0.319001	0.823932	0.250000	1.998748	0.062876
2.320471	0.737068	0.323928	0.840354	0.250000	2.014658	0.067211
2.330701	0.737068	0.323928	0.840354	0.250000	2.014658	0.067211
2.344240	0.737068	0.323928	0.840354	0.250000	2.014658	0.067211
2.350394	0.737068	0.323928	0.840354	0.250000	2.014658	0.067211
2.360852	0.737068	0.323928	0.840354	0.250000	2.014658	0.067211
2.370558	0.737068	0.323928	0.840354	0.250000	2.014658	0.067211
2.381578	0.737068	0.323928	0.840354	0.250000	2.014658	0.067211
2.390487	0.737068	0.323928	0.840354	0.250000	2.014658	0.067211
2.400878	0.743739	0.330916	0.868717	0.250000	2.019836	0.071955
2.410612	0.743739	0.330916	0.868717	0.250000	2.019836	0.071955
2.420577	0.743739	0.330916	0.868717	0.250000	2.019836	0.071955
2.431152	0.743739	0.330916	0.868717	0.250000	2.019836	0.071955
2.440886	0.743739	0.330916	0.868717	0.250000	2.019836	0.071955
2.450658	0.747552	0.341151	0.877325	0.250000	2.079022	0.072215
2.460483	0.747552	0.341151	0.877325	0.250000	2.079022	0.072215
2.470542	0.747552	0.341151	0.877325	0.250000	2.079022	0.072215
2.480629	0.747552	0.341151	0.877325	0.250000	2.079022	0.072215
2.490548	0.747552	0.341151	0.877325	0.250000	2.079022	0.072215
2.500591	0.750851	0.353712	0.905599	0.250000	2.047061	0.071679
2.510954	0.750851	0.353712	0.905599	0.250000	2.047061	0.071679
2.521037	0.750851	0.353712	0.905599	0.250000	2.047061	0.071679
2.530595	0.750851	0.353712	0.905599	0.250000	2.047061	0.071679
2.540825	0.750851	0.353712	0.905599	0.250000	2.047061	0.071679
2.550575	0.750851	0.353712	0.905599	0.250000	2.047061	0.071679
2.560610	0.757928	0.362133	0.951831	0.250000	2.129053	0.083216
2.570716	0.757928	0.362133	0.951831	0.250000	2.129053	0.083216
2.580990	0.757928	0.362133	0.951831	0.250000	2.129053	0.083216
2.590568	0.757928	0.362133	0.951831	0.250000	2.129053	0.083216
2.600601	0.757928	0.362133	0.951831	0.250000	2.129053	0.083216
2.610785	0.766511	0.369660	1.008434	0.250000	2.146625	0.096575
2.620559	0.766511	0.369660	1.008434	0.250000	2.146625	0.096575
2.630553	0.766511	0.369660	1.008434	0.250000	2.146625	0.096575
2.640672	0.773980	0.377913	1.056358	0.250000	2.152842	0.107866
2.650678	0.773980	0.377913	1.056358	0.250000	2.152842	0.107866
2.660594	0.773980	0.377913	1.056358	0.250000	2.152842	0.107866
2.670543	0.773980	0.377913	1.056358	0.250000	2.152842	0.107866
2.680643	0.773980	0.377913	1.056358	0.250000	2.152842	0.107866
2.690637	0.773980	0.377913	1.056358	0.250000	2.152842	0.107866
2.700552	0.773980	0.377913	1.056358	0.250000	2.152842	0.107866
2.710567	0.779284	0.385820	1.083307	0.250000	2.207841	0.116771
2.720936	0.779284	0.385820	1.083307	0.250000	2.207841	0.116771
2.730613	0.779284	0.385820	1.083307	0.250000	2.207841	0.116771
2.740584	0.781871	0.395067	1.090001	0.250000	2.198480	0.116115
2.750771	0.781871	0.395067	1.090001	0.250000	2.198480	0.116115
2.760664	0.781871	0.395067	1.090001	0.250000	2.198480	0.116115
2.770781	0.781871	0.395067	1.090001	0.250000	2.198480	0.116115
2.780829	0.781871	0.395067	1.090001	0.250000	2.198480	0.116115
2.790810	0.785703	0.402914	1.130341	0.250000	2.190769	0.124497
2.800573	0.785703	0.402914	1.130341	0.250000	2.190769	0.124497
2.810555	0.785703	0.402914	1.130341	0.250000	2.190769	0.124497
2.820547	0.785703	0.402914	1.130341	0.250000	2.190769	0.124497
2.830732	0.785703	0.402914	1.130341	0.250000	2.190769	0.124497
2.840586	0.785703	0.402914	1.130341	0.250000	2.190769	0.124497
2.850916	0.785703	0.402914	1.130341	0.250000	2.190769	0.124497
2.861585	0.785703	0.402914	1.130341	0.250000	2.190769	0.124497
2.870625	0.785703	0.402914	1.130341	0.250000	2.190769	0.124497
2.880569	0.785703	0.402914	1.130341	0.250000	2.190769	0.124497
2.890581	0.788722	0.414602	1.160370	0.250000	2.222476	0.131743
2.900621	0.788722	0.414602	1.160370	0.250000	2.222476	0.131743
2.910506	0.788722	0.414602	1.160370	0.250000	2.222476	0.131743
2.920509	0.788722	0.414602	1.160370	0.250000	2.222476	0.131743
2.930562	0.794438	0.421567	1.190173	0.250000	2.222586	0.140902
2.940650	0.794438	0.421567	1.190173	0.250000	2.222586	0.140902
2.950583	0.794438	0.421567	1.190173	0.250000	2.222586	0.140902
2.960559	0.794438	0.421567	1.190173	0.250000	2.222586	0.140902
2.970578	0.794438	0.421567	1.190173	0.250000	2.222586	0.140902
2.980604	0.794438	0.421567	1.190173	0.250000	2.222586	0.140902
2.990526	0.794438	0.421567	1.190173	0.250000	2.222586	0.140902
3.000521	0.794438	0.421567	1.190173	0.250000	2.222586	0.140902
3.010593	0.798560	0.432680	1.242726	0.250000	1.710392	0.368324
3.020616	0.798560	0.432680	1.242726	0.250000	1.710392	0.368324
3.030639	0.798560	0.432680	1.242726	0.250000	1.710392	0.368324
3.040872	0.798560	0.432680	1.242726	0.250000	1.710392	0.368324
3.050849	0.802707	0.442852	1.279845	0.250000	1.672667	0.373396
3.060812	0.802707	0.442852	1.279845	0.250000	1.672667	0.373396
3.070558	0.802707	0.442852	1.279845	0.250000	1.672667	0.373396
3.080492	0.802707	0.442852	1.279845	0.250000	1.672667	0.373396
3.090547	0.802707	0.442852	1.279845	0.250000	1.672667	0.373396
3.100699	0.803117	0.455919	1.318773	0.250000	1.634981	0.374329
3.110590	0.803117	0.455919	1.318773	0.250000	1.634981	0.374329
3.120548	0.803117	0.455919	1.318773	0.250000	1.634981	0.374329
3.130634	0.803117	0.455919	1.318773	0.250000	1.634981	0.374329
3.140588	0.803117	0.455919	1.318773	0.250000	1.634981	0.374329
3.150556	0.806029	0.467338	1.321247	0.250000	1.637184	0.376964
3.160872	0.806029	0.467338	1.321247	0.250000	1.637184	0.376964
3.170546	0.806029	0.467338	1.321247	0.250000	1.637184	0.376964
3.180608	0.806029	0.467338	1.321247	0.250000	1.637184	0.376964
3.190562	0.806029	0.467338	1.321247	0.250000	1.637184	0.376964
3.200539	0.806029	0.467338	1.321247	0.250000	1.637184	0.376964
3.210613	0.806029	0.467338	1.321247	0.250000	1.637184	0.376964
3.220585	0.806029	0.467338	1.321247	0.250000	1.637184	0.376964
3.230669	0.805891	0.478506	1.354049	0.250000	1.609046	0.375748
3.240556	0.805891	0.478506	1.354049	0.250000	1.609046	0.375748
3.250520	0.805891	0.478506	1.354049	0.250000	1.609046	0.375748
3.260675	0.805891	0.478506	1.354049	0.250000	1.609046	0.375748
3.270692	0.805891	0.478506	1.354049	0.250000	1.609046	0.375748
3.280522	0.805891	0.478506	1.354049	0.250000	1.609046	0.375748
3.290556	0.805891	0.478506	1.354049	0.250000	1.609046	0.375748
3.302356	0.805891	0.478506	1.354049	0.250000	1.609046	0.375748
3.310838	0.805891	0.478506	1.354049	0.250000	1.609046	0.375748
3.320537	0.807038	0.493732	1.399652	0.250000	1.575388	0.374901
3.330600	0.807038	0.493732	1.399652	0.250000	1.575388	0.374901
3.341506	0.809222	0.505208	1.439995	0.250000	1.543521	0.374322
3.350600	0.809222	0.505208	1.439995	0.250000	1.543521	0.374322
3.360541	0.809222	0.505208	1.439995	0.250000	1.543521	0.374322
3.370518	0.809222	0.505208	1.439995	0.250000	1.543521	0.374322
3.380598	0.809222	0.505208	1.439995	0.250000	1.543521	0.374322
3.390584	0.809222	0.505208	1.439995	0.250000	1.543521	0.374322
3.400619	0.809222	0.505208	1.439995	0.250000	1.543521	0.374322
3.414729	0.813352	0.513830	1.471200	0.250000	1.524084	0.376493
3.420664	0.813352	0.513830	1.471200	0.250000	1.524084	0.376493
3.430724	0.813352	0.513830	1.471200	0.250000	1.524084	0.376493
3.440530	0.813352	0.513830	1.471200	0.250000	1.524084	0.376493
3.450560	0.813352	0.513830	1.471200	0.250000	1.524084	0.376493
3.460582	0.813229	0.521911	1.505293	0.250000	1.500937	0.374092
3.470620	0.813229	0.521911	1.505293	0.250000	1.500937	0.374092
3.480581	0.813229	0.521911	1.505293	0.250000	1.500937	0.374092
3.490839	0.813229	0.521911	1.505293	0.250000	1.500937	0.374092
3.500567	0.813229	0.521911	1.505293	0.250000	1.500937	0.374092
3.510477	0.813229	0.521911	1.505293	0.250000	1.500937	0.374092
3.520525	0.813229	0.521911	1.505293	0.250000	1.500937	0.374092
3.531338	0.813229	0.521911	1.505293	0.250000	1.500937	0.374092
3.540559	0.811518	0.537148	1.549691	0.250000	1.467518	0.368737
3.550559	0.811518	0.537148	1.549691	0.250000	1.467518	0.368737
3.560557	0.811518	0.537148	1.549691	0.250000	1.467518	0.368737
3.570560	0.811518	0.537148	1.549691	0.250000	1.467518	0.368737
3.580579	0.811518	0.537148	1.549691	0.250000	1.467518	0.368737
3.590579	0.811518	0.537148	1.549691	0.250000	1.467518	0.368737
3.600573	0.811518	0.537148	1.549691	0.250000	1.467518	0.368737
3.610561	0.811518	0.537148	1.549691	0.250000	1.467518	0.368737
3.620626	0.811518	0.537148	1.549691	0.250000	1.467518	0.368737
3.630560	0.808893	0.555002	1.609206	0.250000	1.428066	0.361462
3.640640	0.808893	0.555002	1.609206	0.250000	1.428066	0.361462
3.650586	0.808893	0.555002	1.609206	0.250000	1.428066	0.361462
3.660621	0.808893	0.555002	1.609206	0.250000	1.428066	0.361462
3.670651	0.808893	0.555002	1.609206	0.250000	1.428066	0.361462
3.680569	0.807239	0.570468	1.660326	0.250000	1.401840	0.355881
3.691639	0.807239	0.570468	1.660326	0.250000	1.401840	0.355881
3.700654	0.807239	0.570468	1.660326	0.250000	1.401840	0.355881
3.710624	0.807239	0.570468	1.660326	0.250000	1.401840	0.355881
3.720660	0.807239	0.570468	1.660326	0.250000	1.401840	0.355881
3.730618	0.807239	0.570468	1.660326	0.250000	1.401840	0.355881
3.740624	0.807239	0.570468	1.660326	0.250000	1.401840	0.355881
3.750593	0.807239	0.570468	1.660326	0.250000	1.401840	0.355881
3.760675	0.807239	0.570468	1.660326	0.250000	1.401840	0.355881
3.770549	0.807239	0.570468	1.660326	0.250000	1.401840	0.355881
3.780705	0.805278	0.583876	1.708142	0.250000	1.371330	0.349989
3.790584	0.805278	0.583876	1.708142	0.250000	1.371330	0.349989
3.800527	0.805278	0.583876	1.708142	0.250000	1.371330	0.349989
3.810583	0.805278	0.583876	1.708142	0.250000	1.371330	0.349989
3.820539	0.803411	0.594576	1.754432	0.250000	1.343803	0.343931
3.830599	0.803411	0.594576	1.754432	0.250000	1.343803	0.343931
3.840547	0.803411	0.594576	1.754432	0.250000	1.343803	0.343931
3.850879	0.803411	0.594576	1.754432	0.250000	1.343803	0.343931
3.860551	0.803411	0.594576	1.754432	0.250000	1.343803	0.343931
3.870583	0.803411	0.594576	1.754432	0.250000	1.343803	0.343931
3.880557	0.803411	0.594576	1.754432	0.250000	1.343803	0.343931
3.890540	0.803411	0.594576	1.754432	0.250000	1.343803	0.343931
3.900633	0.802542	0.605580	1.842868	0.250000	1.259429	0.332400
3.910741	0.802542	0.605580	1.842868	0.250000	1.259429	0.332400
3.920563	0.802542	0.605580	1.842868	0.250000	1.259429	0.332400
3.930599	0.802542	0.605580	1.842868	0.250000	1.259429	0.332400
3.940634	0.802542	0.605580	1.842868	0.250000	1.259429	0.332400
3.950565	0.802542	0.605580	1.842868	0.250000	1.259429	0.332400
3.960545	0.802542	0.605580	1.842868	0.250000	1.259429	0.332400
3.970583	0.802542	0.605580	1.842868	0.250000	1.259429	0.332400
3.980533	0.802542	0.605580	1.842868	0.250000	1.259429	0.332400
3.990683	0.797769	0.617639	1.890622	0.250000	1.230041	0.323058
4.000524	0.797769	0.617639	1.890622	0.250000	1.230041	0.323058
4.010633	0.797769	0.617639	1.890622	0.250000	1.230041	0.323058
4.020479	0.790516	0.631383	1.931974	0.250000	1.207800	0.313176
4.030595	0.790516	0.631383	1.931974	0.250000	1.207800	0.313176
4.040616	0.790516	0.631383	1.931974	0.250000	1.207800	0.313176
4.050565	0.790516	0.631383	1.931974	0.250000	1.207800	0.313176
4.060852	0.790516	0.631383	1.931974	0.250000	1.207800	0.313176
4.070658	0.790516	0.631383	1.931974	0.250000	1.207800	0.313176
4.080611	0.790516	0.631383	1.931974	0.250000	1.207800	0.313176
4.090543	0.790516	0.631383	1.931974	0.250000	1.207800	0.313176
4.100530	0.783515	0.645256	1.939348	0.250000	1.225882	0.309755
4.112067	0.783515	0.645256	1.939348	0.250000	1.225882	0.309755
4.120539	0.783515	0.645256	1.939348	0.250000	1.225882	0.309755
4.131754	0.783515	0.645256	1.939348	0.250000	1.225882	0.309755
4.141926	0.783515	0.645256	1.939348	0.250000	1.225882	0.309755
4.150566	0.783515	0.645256	1.939348	0.250000	1.225882	0.309755
4.160556	0.783515	0.645256	1.939348	0.250000	1.225882	0.309755
4.170518	0.783515	0.645256	1.939348	0.250000	1.225882	0.309755
4.180747	0.783515	0.645256	1.939348	0.250000	1.225882	0.309755
4.190782	0.775722	0.658920	1.989090	0.250000	1.196574	0.298841
4.202011	0.775722	0.658920	1.989090	0.250000	1.196574	0.298841
4.211216	0.775722	0.658920	1.989090	0.250000	1.196574	0.298841
4.220691	0.775722	0.658920	1.989090	0.250000	1.196574	0.298841
4.230694	0.775722	0.658920	1.989090	0.250000	1.196574	0.298841
4.240670	0.772868	0.671736	2.024786	0.250000	1.172943	0.295186
4.251163	0.772868	0.671736	2.024786	0.250000	1.172943	0.295186
4.260489	0.772868	0.671736	2.024786	0.250000	1.172943	0.295186
4.270555	0.772868	0.671736	2.024786	0.250000	1.172943	0.295186
4.280624	0.766396	0.683441	2.067857	0.250000	1.153317	0.286434
4.290572	0.766396	0.683441	2.067857	0.250000	1.153317	0.286434
4.300613	0.766396	0.683441	2.067857	0.250000	1.153317	0.286434
4.310643	0.766396	0.683441	2.067857	0.250000	1.153317	0.286434
4.320621	0.766396	0.683441	2.067857	0.250000	1.153317	0.286434
4.330734	0.764026	0.691070	2.091954	0.250000	1.142399	0.283331
4.341985	0.764026	0.691070	2.091954	0.250000	1.142399	0.283331
4.350609	0.764026	0.691070	2.091954	0.250000	1.142399	0.283331
4.360549	0.764026	0.691070	2.091954	0.250000	1.142399	0.283331
4.370512	0.764026	0.691070	2.091954	0.250000	1.142399	0.283331
4.380703	0.764026	0.691070	2.091954	0.250000	1.142399	0.283331
4.390512	0.755343	0.699124	2.170089	0.250000	1.062132	0.265118
4.400628	0.755343	0.699124	2.170089	0.250000	1.062132	0.265118
4.410544	0.755343	0.699124	2.170089	0.250000	1.062132	0.265118
4.420785	0.750458	0.705666	2.219797	0.250000	1.017086	0.254467
4.430583	0.750458	0.705666	2.219797	0.250000	1.017086	0.254467
4.440563	0.750458	0.705666	2.219797	0.250000	1.017086	0.254467
4.450528	0.750458	0.705666	2.219797	0.250000	1.017086	0.254467
4.460555	0.742369	0.709723	2.275691	0.250000	0.942577	0.239311
4.470585	0.742369	0.709723	2.275691	0.250000	0.942577	0.239311
4.480720	0.742369	0.709723	2.275691	0.250000	0.942577	0.239311
4.490620	0.742369	0.709723	2.275691	0.250000	0.942577	0.239311
4.500514	0.742369	0.709723	2.275691	0.250000	0.942577	0.239311
4.510553	0.742369	0.709723	2.275691	0.250000	0.942577	0.239311
4.520591	0.737061	0.713321	2.257090	0.250000	0.979408	0.240421
4.530519	0.737061	0.713321	2.257090	0.250000	0.979408	0.240421
4.540563	0.737061	0.713321	2.257090	0.250000	0.979408	0.240421
4.550588	0.737061	0.713321	2.257090	0.250000	0.979408	0.240421
4.560713	0.737061	0.713321	2.257090	0.250000	0.979408	0.240421
4.570623	0.733829	0.716867	2.262641	0.250000	0.988028	0.238253
4.580639	0.733829	0.716867	2.262641	0.250000	0.988028	0.238253
4.590736	0.733829	0.716867	2.262641	0.250000	0.988028	0.238253
4.600522	0.731779	0.723427	2.240321	0.250000	1.035338	0.244385
4.610447	0.731779	0.723427	2.240321	0.250000	1.035338	0.244385
4.620519	0.731779	0.723427	2.240321	0.250000	1.035338	0.244385
4.630585	0.731779	0.723427	2.240321	0.250000	1.035338	0.244385
4.640573	0.731779	0.723427	2.240321	0.250000	1.035338	0.244385
4.650634	0.731779	0.723427	2.240321	0.250000	1.035338	0.244385
4.660766	0.731779	0.723427	2.240321	0.250000	1.035338	0.244385
4.670569	0.731779	0.723427	2.240321	0.250000	1.035338	0.244385
4.680606	0.731779	0.723427	2.240321	0.250000	1.035338	0.244385
4.690602	0.730625	0.727047	2.275288	0.250000	0.993567	0.239048
4.700542	0.730625	0.727047	2.275288	0.250000	0.993567	0.239048
4.710528	0.730625	0.727047	2.275288	0.250000	0.993567	0.239048
4.720558	0.730625	0.727047	2.275288	0.250000	0.993567	0.239048
4.730566	0.730625	0.727047	2.275288	0.250000	0.993567	0.239048
4.740591	0.730625	0.727047	2.275288	0.250000	0.993567	0.239048
4.750562	0.730625	0.727047	2.275288	0.250000	0.993567	0.239048
4.760645	0.730625	0.727047	2.275288	0.250000	0.993567	0.239048
4.770524	0.730625	0.727047	2.275288	0.250000	0.993567	0.239048
4.780552	0.725977	0.731095	2.264812	0.250000	1.021738	0.239358
4.790559	0.725977	0.731095	2.264812	0.250000	1.021738	0.239358
4.800626	0.725977	0.731095	2.264812	0.250000	1.021738	0.239358
4.810631	0.725977	0.731095	2.264812	0.250000	1.021738	0.239358
4.820552	0.725977	0.731095	2.264812	0.250000	1.021738	0.239358
4.830594	0.725977	0.731095	2.264812	0.250000	1.021738	0.239358
4.840661	0.725977	0.731095	2.264812	0.250000	1.021738	0.239358
4.850805	0.725977	0.731095	2.264812	0.250000	1.021738	0.239358
4.860548	0.725977	0.731095	2.264812	0.250000	1.021738	0.239358
4.870566	0.725977	0.731095	2.264812	0.250000	1.021738	0.239358
4.880646	0.725977	0.731095	2.264812	0.250000	1.021738	0.239358
4.890572	0.720542	0.733917	2.280187	0.250000	0.999440	0.234125
4.900523	0.720542	0.733917	2.280187	0.250000	0.999440	0.234125
4.910622	0.720542	0.733917	2.280187	0.250000	0.999440	0.234125
4.920554	0.717428	0.736985	2.258377	0.250000	1.042557	0.237041
4.930758	0.717428	0.736985	2.258377	0.250000	1.042557	0.237041
4.940605	0.717428	0.736985	2.258377	0.250000	1.042557	0.237041
4.950600	0.717428	0.736985	2.258377	0.250000	1.042557	0.237041
4.960632	0.717428	0.736985	2.258377	0.250000	1.042557	0.237041
4.970706	0.717428	0.736985	2.258377	0.250000	1.042557	0.237041
4.980584	0.717428	0.736985	2.258377	0.250000	1.042557	0.237041
4.990551	0.717428	0.736985	2.258377	0.250000	1.042557	0.237041
5.000844	0.713452	0.739358	2.299037	0.250000	1.006104	0.227327
5.012090	0.713452	0.739358	2.299037	0.250000	1.006104	0.227327
5.020624	0.713452	0.739358	2.299037	0.250000	1.006104	0.227327
5.030826	0.713452	0.739358	2.299037	0.250000	1.006104	0.227327
5.040582	0.713452	0.739358	2.299037	0.250000	1.006104	0.227327
5.050606	0.713452	0.739358	2.299037	0.250000	1.006104	0.227327
5.060577	0.713452	0.739358	2.299037	0.250000	1.006104	0.227327
5.070536	0.713452	0.739358	2.299037	0.250000	1.006104	0.227327
5.080595	0.713452	0.739358	2.299037	0.250000	1.006104	0.227327
5.093301	0.709868	0.742816	2.302427	0.250000	1.001285	0.226325
5.100564	0.709868	0.742816	2.302427	0.250000	1.001285	0.226325
5.110546	0.709868	0.742816	2.302427	0.250000	1.001285	0.226325
5.120673	0.709868	0.742816	2.302427	0.250000	1.001285	0.226325
5.130615	0.709868	0.742816	2.302427	0.250000	1.001285	0.226325
5.140609	0.709868	0.742816	2.302427	0.250000	1.001285	0.226325
5.150541	0.709868	0.742816	2.302427	0.250000	1.001285	0.226325
5.160546	0.703073	0.746715	2.355356	0.250000	0.946202	0.213243
5.170566	0.703073	0.746715	2.355356	0.250000	0.946202	0.213243
5.181300	0.703073	0.746715	2.355356	0.250000	0.946202	0.213243
5.190627	0.703073	0.746715	2.355356	0.250000	0.946202	0.213243
5.200587	0.703073	0.746715	2.355356	0.250000	0.946202	0.213243
5.210620	0.700875	0.752817	2.363227	0.250000	0.956639	0.213660
5.220575	0.700875	0.752817	2.363227	0.250000	0.956639	0.213660
5.230636	0.700875	0.752817	2.363227	0.250000	0.956639	0.213660
5.240635	0.700875	0.752817	2.363227	0.250000	0.956639	0.213660
5.251271	0.700875	0.752817	2.363227	0.250000	0.956639	0.213660
5.260633	0.700875	0.752817	2.363227	0.250000	0.956639	0.213660
5.270534	0.700875	0.752817	2.363227	0.250000	0.956639	0.213660
5.280573	0.696230	0.759429	2.415251	0.250000	0.906783	0.204244
5.290645	0.696230	0.759429	2.415251	0.250000	0.906783	0.204244
5.300620	0.696230	0.759429	2.415251	0.250000	0.906783	0.204244
5.313564	0.696230	0.759429	2.415251	0.250000	0.906783	0.204244
5.320601	0.696230	0.759429	2.415251	0.250000	0.906783	0.204244
5.330566	0.696230	0.759429	2.415251	0.250000	0.906783	0.204244
5.343422	0.696230	0.759429	2.415251	0.250000	0.906783	0.204244
5.350708	0.696230	0.759429	2.415251	0.250000	0.906783	0.204244
5.360624	0.696230	0.759429	2.415251	0.250000	0.906783	0.204244
5.370755	0.690105	0.768386	2.419708	0.250000	0.921455	0.205089
5.380561	0.690105	0.768386	2.419708	0.250000	0.921455	0.205089
5.390559	0.690105	0.768386	2.419708	0.250000	0.921455	0.205089
5.400545	0.690105	0.768386	2.419708	0.250000	0.921455	0.205089
5.410584	0.690105	0.768386	2.419708	0.250000	0.921455	0.205089
5.420501	0.690105	0.768386	2.419708	0.250000	0.921455	0.205089
5.431846	0.677612	0.773409	2.468558	0.250000	0.863886	0.190526
5.440691	0.677612	0.773409	2.468558	0.250000	0.863886	0.190526
5.450841	0.677612	0.773409	2.468558	0.250000	0.863886	0.190526
5.460598	0.677612	0.773409	2.468558	0.250000	0.863886	0.190526
5.471301	0.677612	0.773409	2.468558	0.250000	0.863886	0.190526
5.481102	0.677612	0.773409	2.468558	0.250000	0.863886	0.190526
5.490842	0.677612	0.773409	2.468558	0.250000	0.863886	0.190526
5.500572	0.665326	0.774707	2.515773	0.250000	0.799046	0.173901
5.510530	0.665326	0.774707	2.515773	0.250000	0.799046	0.173901
5.520566	0.665326	0.774707	2.515773	0.250000	0.799046	0.173901
5.530823	0.665326	0.774707	2.515773	0.250000	0.799046	0.173901
5.540660	0.665326	0.774707	2.515773	0.250000	0.799046	0.173901
5.551337	0.652571	0.780260	2.557164	0.250000	0.757486	0.160820
5.561070	0.652571	0.780260	2.557164	0.250000	0.757486	0.160820
5.570813	0.652571	0.780260	2.557164	0.250000	0.757486	0.160820
5.580558	0.652571	0.780260	2.557164	0.250000	0.757486	0.160820
5.591424	0.643450	0.786576	2.564166	0.250000	0.758863	0.158559
5.600586	0.643450	0.786576	2.564166	0.250000	0.758863	0.158559
5.610545	0.643450	0.786576	2.564166	0.250000	0.758863	0.158559
5.620642	0.643450	0.786576	2.564166	0.250000	0.758863	0.158559
5.630556	0.643450	0.786576	2.564166	0.250000	0.758863	0.158559
5.640574	0.643450	0.786576	2.564166	0.250000	0.758863	0.158559
5.650768	0.643450	0.786576	2.564166	0.250000	0.758863	0.158559
5.661474	0.643450	0.786576	2.564166	0.250000	0.758863	0.158559
5.672505	0.632493	0.797715	2.582957	0.250000	0.768371	0.155031
5.680613	0.632493	0.797715	2.582957	0.250000	0.768371	0.155031
5.690672	0.632493	0.797715	2.582957	0.250000	0.768371	0.155031
5.700592	0.632493	0.797715	2.582957	0.250000	0.768371	0.155031
5.710588	0.632493	0.797715	2.582957	0.250000	0.768371	0.155031
5.720747	0.623029	0.801509	2.618137	0.250000	0.717801	0.145677
5.730590	0.623029	0.801509	2.618137	0.250000	0.717801	0.145677
5.740614	0.623029	0.801509	2.618137	0.250000	0.717801	0.145677
5.750512	0.623029	0.801509	2.618137	0.250000	0.717801	0.145677
5.760573	0.614106	0.808310	2.656342	0.250000	0.674649	0.137638
5.770598	0.614106	0.808310	2.656342	0.250000	0.674649	0.137638
5.780670	0.614106	0.808310	2.656342	0.250000	0.674649	0.137638
5.790590	0.614106	0.808310	2.656342	0.250000	0.674649	0.137638
5.800924	0.614106	0.808310	2.656342	0.250000	0.674649	0.137638
5.810644	0.614106	0.808310	2.656342	0.250000	0.674649	0.137638
5.820729	0.605482	0.810454	2.679725	0.250000	0.634235	0.129907
5.830605	0.605482	0.810454	2.679725	0.250000	0.634235	0.129907
5.840625	0.605482	0.810454	2.679725	0.250000	0.634235	0.129907
5.852260	0.605482	0.810454	2.679725	0.250000	0.634235	0.129907
5.860783	0.605482	0.810454	2.679725	0.250000	0.634235	0.129907
5.870594	0.605482	0.810454	2.679725	0.250000	0.634235	0.129907
5.880584	0.605482	0.810454	2.679725	0.250000	0.634235	0.129907
5.890598	0.605482	0.810454	2.679725	0.250000	0.634235	0.129907
5.900790	0.605482	0.810454	2.679725	0.250000	0.634235	0.129907
5.910513	0.592311	0.814942	2.729159	0.250000	0.549520	0.116346
5.920539	0.592311	0.814942	2.729159	0.250000	0.549520	0.116346
5.930626	0.592311	0.814942	2.729159	0.250000	0.549520	0.116346
5.941811	0.592311	0.814942	2.729159	0.250000	0.549520	0.116346
5.950557	0.592311	0.814942	2.729159	0.250000	0.549520	0.116346
5.960624	0.579549	0.819250	2.762847	0.250000	0.484974	0.106079
5.970620	0.579549	0.819250	2.762847	0.250000	0.484974	0.106079
5.980752	0.579549	0.819250	2.762847	0.250000	0.484974	0.106079
5.990558	0.579549	0.819250	2.762847	0.250000	0.484974	0.106079
6.000688	0.579549	0.819250	2.762847	0.250000	0.484974	0.106079
6.010612	0.579549	0.819250	2.762847	0.250000	0.484974	0.106079
6.020544	0.579549	0.819250	2.762847	0.250000	0.484974	0.106079
6.030571	0.565103	0.825326	2.810661	0.250000	0.388297	0.092988
6.040598	0.565103	0.825326	2.810661	0.250000	0.388297	0.092988
6.050613	0.565103	0.825326	2.810661	0.250000	0.388297	0.092988
6.060948	0.565103	0.825326	2.810661	0.250000	0.388297	0.092988
6.070572	0.565103	0.825326	2.810661	0.250000	0.388297	0.092988
6.080562	0.565103	0.825326	2.810661	0.250000	0.388297	0.092988
6.090593	0.565103	0.825326	2.810661	0.250000	0.388297	0.092988
6.100582	0.565103	0.825326	2.810661	0.250000	0.388297	0.092988
6.110574	0.565103	0.825326	2.810661	0.250000	0.388297	0.092988
6.120501	0.565103	0.825326	2.810661	0.250000	0.388297	0.092988
6.130589	0.565103	0.825326	2.810661	0.250000	0.388297	0.092988
6.140956	0.565103	0.825326	2.810661	0.250000	0.388297	0.092988
6.150640	0.565103	0.825326	2.810661	0.250000	0.388297	0.092988
6.160680	0.565103	0.825326	2.810661	0.250000	0.388297	0.092988
6.170659	0.565103	0.825326	2.810661	0.250000	0.388297	0.092988
6.180815	0.565103	0.825326	2.810661	0.250000	0.388297	0.092988
6.190608	0.565103	0.825326	2.810661	0.250000	0.388297	0.092988
6.200541	0.565103	0.825326	2.810661	0.250000	0.388297	0.092988
6.210528	0.565103	0.825326	2.810661	0.250000	0.388297	0.092988
6.220696	0.565103	0.825326	2.810661	0.250000	0.388297	0.092988
6.230573	0.565103	0.825326	2.810661	0.250000	0.388297	0.092988
6.240571	0.565103	0.825326	2.810661	0.250000	0.388297	0.092988
6.250565	0.565103	0.825326	2.810661	0.250000	0.388297	0.092988
6.260537	0.565103	0.825326	2.810661	0.250000	0.388297	0.092988
6.270557	0.565103	0.825326	2.810661	0.250000	0.388297	0.092988
6.280509	0.565103	0.825326	2.810661	0.250000	0.388297	0.092988
6.290590	0.565103	0.825326	2.810661	0.250000	0.388297	0.092988
6.300711	0.565103	0.825326	2.810661	0.250000	0.388297	0.092988
6.313068	0.565103	0.825326	2.810661	0.250000	0.388297	0.092988
6.320575	0.565103	0.825326	2.810661	0.250000	0.388297	0.092988
6.330495	0.565103	0.825326	2.810661	0.250000	0.388297	0.092988
6.342038	0.552922	0.830437	2.829718	0.250000	0.336677	0.085187
6.350579	0.552922	0.830437	2.829718	0.250000	0.336677	0.085187
6.360569	0.552922	0.830437	2.829718	0.250000	0.336677	0.085187
6.370640	0.552922	0.830437	2.829718	0.250000	0.336677	0.085187
6.380609	0.552922	0.830437	2.829718	0.250000	0.336677	0.085187
6.390645	0.552922	0.830437	2.829718	0.250000	0.336677	0.085187
6.400559	0.534450	0.835184	2.879464	0.250000	0.195373	0.069942
6.410551	0.534450	0.835184	2.879464	0.250000	0.195373	0.069942
6.420581	0.534450	0.835184	2.879464	0.250000	0.195373	0.069942
6.430670	0.534450	0.835184	2.879464	0.250000	0.195373	0.069942
6.440806	0.534450	0.835184	2.879464	0.250000	0.195373	0.069942
6.450589	0.534450	0.835184	2.879464	0.250000	0.195373	0.069942
6.460587	0.534450	0.835184	2.879464	0.250000	0.195373	0.069942
6.470600	0.513011	0.838273	2.937516	0.250000	-0.003187	0.051733
6.480579	0.513011	0.838273	2.937516	0.250000	-0.003187	0.051733
6.490545	0.513011	0.838273	2.937516	0.250000	-0.003187	0.051733
6.500567	0.513011	0.838273	2.937516	0.250000	-0.003187	0.051733
6.510699	0.513011	0.838273	2.937516	0.250000	-0.003187	0.051733
6.520558	0.486141	0.839704	3.004590	0.250000	-0.300920	0.028437
6.530548	0.486141	0.839704	3.004590	0.250000	-0.300920	0.028437
6.540697	0.486141	0.839704	3.004590	0.250000	-0.300920	0.028437
6.550653	0.463697	0.838381	3.051066	0.250000	-0.564509	0.010043
6.560596	0.463697	0.838381	3.051066	0.250000	-0.564509	0.010043
6.570517	0.463697	0.838381	3.051066	0.250000	-0.564509	0.010043
6.580662	0.463697	0.838381	3.051066	0.250000	-0.564509	0.010043
6.590623	0.463697	0.838381	3.051066	0.250000	-0.564509	0.010043
6.600521	0.463697	0.838381	3.051066	0.250000	-0.564509	0.010043
6.610873	0.463697	0.838381	3.051066	0.250000	-0.564509	0.010043
6.620552	0.463697	0.838381	3.051066	0.250000	-0.564509	0.010043
6.630614	0.463697	0.838381	3.051066	0.250000	-0.564509	0.010043
6.640543	0.463697	0.838381	3.051066	0.250000	-0.564509	0.010043
6.650540	0.443633	0.836795	3.079447	0.250000	-0.747799	-0.002242
6.660586	0.443633	0.836795	3.079447	0.250000	-0.747799	-0.002242
6.670617	0.443633	0.836795	3.079447	0.250000	-0.747799	-0.002242
6.680529	0.443633	0.836795	3.079447	0.250000	-0.747799	-0.002242
6.690704	0.430477	0.835604	3.095456	0.250000	-0.884912	-0.011552
6.704387	0.430477	0.835604	3.095456	0.250000	-0.884912	-0.011552
6.710725	0.430477	0.835604	3.095456	0.250000	-0.884912	-0.011552
6.720524	0.430477	0.835604	3.095456	0.250000	-0.884912	-0.011552
6.730684	0.430477	0.835604	3.095456	0.250000	-0.884912	-0.011552
6.740674	0.430477	0.835604	3.095456	0.250000	-0.884912	-0.011552
6.753732	0.430477	0.835604	3.095456	0.250000	-0.884912	-0.011552
6.760513	0.430477	0.835604	3.095456	0.250000	-0.884912	-0.011552
6.770566	0.430477	0.835604	3.095456	0.250000	-0.884912	-0.011552
6.780562	0.414583	0.836608	3.096470	0.250000	-0.997595	-0.019481
6.790658	0.414583	0.836608	3.096470	0.250000	-0.997595	-0.019481
6.800567	0.414583	0.836608	3.096470	0.250000	-0.997595	-0.019481
6.810685	0.414583	0.836608	3.096470	0.250000	-0.997595	-0.019481
6.820589	0.414583	0.836608	3.096470	0.250000	-0.997595	-0.019481
6.830664	0.401141	0.838246	3.079134	0.250000	-1.063056	-0.024594
6.840618	0.401141	0.838246	3.079134	0.250000	-1.063056	-0.024594
6.850837	0.401141	0.838246	3.079134	0.250000	-1.063056	-0.024594
6.860979	0.401141	0.838246	3.079134	0.250000	-1.063056	-0.024594
6.870614	0.401141	0.838246	3.079134	0.250000	-1.063056	-0.024594
6.880705	0.385536	0.843330	3.050472	0.250000	-1.116294	-0.028067
6.890566	0.385536	0.843330	3.050472	0.250000	-1.116294	-0.028067
6.901895	0.385536	0.843330	3.050472	0.250000	-1.116294	-0.028067
6.910834	0.373453	0.846065	3.026559	0.250000	-1.173770	-0.031809
6.920607	0.373453	0.846065	3.026559	0.250000	-1.173770	-0.031809
6.930578	0.373453	0.846065	3.026559	0.250000	-1.173770	-0.031809
6.941188	0.373453	0.846065	3.026559	0.250000	-1.173770	-0.031809
6.950959	0.373453	0.846065	3.026559	0.250000	-1.173770	-0.031809
6.960605	0.364519	0.845269	3.004932	0.250000	-1.191214	-0.034059
6.970620	0.364519	0.845269	3.004932	0.250000	-1.191214	-0.034059
6.980579	0.364519	0.845269	3.004932	0.250000	-1.191214	-0.034059
6.990601	0.364519	0.845269	3.004932	0.250000	-1.191214	-0.034059
7.000641	0.364519	0.845269	3.004932	0.250000	-1.191214	-0.034059
7.010570	0.357493	0.845040	2.985848	0.250000	-1.251135	-0.038478
7.020576	0.357493	0.845040	2.985848	0.250000	-1.251135	-0.038478
7.030631	0.357493	0.845040	2.985848	0.250000	-1.251135	-0.038478
7.040655	0.357493	0.845040	2.985848	0.250000	-1.251135	-0.038478
7.050689	0.349138	0.844648	2.967253	0.250000	-1.275638	-0.040962
7.060709	0.349138	0.844648	2.967253	0.250000	-1.275638	-0.040962
7.071829	0.349138	0.844648	2.967253	0.250000	-1.275638	-0.040962
7.081006	0.349138	0.844648	2.967253	0.250000	-1.275638	-0.040962
7.090562	0.349138	0.844648	2.967253	0.250000	-1.275638	-0.040962
7.100534	0.349138	0.844648	2.967253	0.250000	-1.275638	-0.040962
7.110784	0.349138	0.844648	2.967253	0.250000	-1.275638	-0.040962
7.121170	0.349138	0.844648	2.967253	0.250000	-1.275638	-0.040962
7.130567	0.342235	0.850410	2.941649	0.250000	-1.273769	-0.039189
7.140619	0.342235	0.850410	2.941649	0.250000	-1.273769	-0.039189
7.150605	0.342235	0.850410	2.941649	0.250000	-1.273769	-0.039189
7.160660	0.342235	0.850410	2.941649	0.250000	-1.273769	-0.039189
7.171423	0.336619	0.851617	2.915408	0.250000	-1.318171	-0.041743
7.185431	0.336619	0.851617	2.915408	0.250000	-1.318171	-0.041743
7.190598	0.336619	0.851617	2.915408	0.250000	-1.318171	-0.041743
7.200580	0.336619	0.851617	2.915408	0.250000	-1.318171	-0.041743
7.210660	0.327693	0.853142	2.890806	0.250000	-1.327106	-0.042654
7.220616	0.327693	0.853142	2.890806	0.250000	-1.327106	-0.042654
7.230744	0.327693	0.853142	2.890806	0.250000	-1.327106	-0.042654
7.240523	0.327693	0.853142	2.890806	0.250000	-1.327106	-0.042654
7.250601	0.327693	0.853142	2.890806	0.250000	-1.327106	-0.042654
7.260536	0.327693	0.853142	2.890806	0.250000	-1.327106	-0.042654
7.270512	0.327693	0.853142	2.890806	0.250000	-1.327106	-0.042654
7.280604	0.317770	0.851825	2.896701	0.250000	-1.419514	-0.049298
7.290710	0.317770	0.851825	2.896701	0.250000	-1.419514	-0.049298
7.300534	0.317770	0.851825	2.896701	0.250000	-1.419514	-0.049298
7.310631	0.317770	0.851825	2.896701	0.250000	-1.419514	-0.049298
7.320621	0.317770	0.851825	2.896701	0.250000	-1.419514	-0.049298
7.330585	0.304981	0.853773	2.877044	0.250000	-1.492519	-0.054152
7.342093	0.304981	0.853773	2.877044	0.250000	-1.492519	-0.054152
7.350560	0.304981	0.853773	2.877044	0.250000	-1.492519	-0.054152
7.360627	0.304981	0.853773	2.877044	0.250000	-1.492519	-0.054152
7.370539	0.304981	0.853773	2.877044	0.250000	-1.492519	-0.054152
7.380533	0.304981	0.853773	2.877044	0.250000	-1.492519	-0.054152
7.390838	0.304981	0.853773	2.877044	0.250000	-1.492519	-0.054152
7.400672	0.299645	0.860273	2.850310	0.250000	-1.501811	-0.052511
7.410583	0.299645	0.860273	2.850310	0.250000	-1.501811	-0.052511
7.420676	0.299645	0.860273	2.850310	0.250000	-1.501811	-0.052511
7.430634	0.299645	0.860273	2.850310	0.250000	-1.501811	-0.052511
7.440625	0.287562	0.866053	2.805530	0.250000	-1.508713	-0.052833
7.450595	0.287562	0.866053	2.805530	0.250000	-1.508713	-0.052833
7.460550	0.287562	0.866053	2.805530	0.250000	-1.508713	-0.052833
7.470625	0.287562	0.866053	2.805530	0.250000	-1.508713	-0.052833
7.480597	0.287562	0.866053	2.805530	0.250000	-1.508713	-0.052833
7.490618	0.287562	0.866053	2.805530	0.250000	-1.508713	-0.052833
7.500543	0.277091	0.870225	2.780156	0.250000	-1.557384	-0.056000
7.511038	0.277091	0.870225	2.780156	0.250000	-1.557384	-0.056000
7.520590	0.277091	0.870225	2.780156	0.250000	-1.557384	-0.056000
7.530621	0.277091	0.870225	2.780156	0.250000	-1.557384	-0.056000
7.540528	0.267390	0.871448	2.762157	0.250000	-1.594330	-0.059950
7.550506	0.267390	0.871448	2.762157	0.250000	-1.594330	-0.059950
7.560551	0.267390	0.871448	2.762157	0.250000	-1.594330	-0.059950
7.570797	0.258491	0.874188	2.735155	0.250000	-1.647586	-0.064609
7.580694	0.258491	0.874188	2.735155	0.250000	-1.647586	-0.064609
7.590546	0.258491	0.874188	2.735155	0.250000	-1.647586	-0.064609
7.600604	0.258491	0.874188	2.735155	0.250000	-1.647586	-0.064609
7.610604	0.258491	0.874188	2.735155	0.250000	-1.647586	-0.064609
7.620568	0.249966	0.877309	2.709239	0.250000	-1.658401	-0.066692
7.630577	0.249966	0.877309	2.709239	0.250000	-1.658401	-0.066692
7.640626	0.249966	0.877309	2.709239	0.250000	-1.658401	-0.066692
7.650962	0.249966	0.877309	2.709239	0.250000	-1.658401	-0.066692
7.660769	0.249966	0.877309	2.709239	0.250000	-1.658401	-0.066692
7.670560	0.249966	0.877309	2.709239	0.250000	-1.658401	-0.066692
7.680581	0.249966	0.877309	2.709239	0.250000	-1.658401	-0.066692
7.694046	0.249966	0.877309	2.709239	0.250000	-1.658401	-0.066692
7.700694	0.249966	0.877309	2.709239	0.250000	-1.658401	-0.066692
7.710577	0.233764	0.881612	2.680157	0.250000	-1.720611	-0.073909
7.720594	0.233764	0.881612	2.680157	0.250000	-1.720611	-0.073909
7.730599	0.233764	0.881612	2.680157	0.250000	-1.720611	-0.073909
7.740521	0.233764	0.881612	2.680157	0.250000	-1.720611	-0.073909
7.750695	0.233764	0.881612	2.680157	0.250000	-1.720611	-0.073909
7.761017	0.223136	0.886198	2.643548	0.250000	-1.719938	-0.076420
7.778599	0.223136	0.886198	2.643548	0.250000	-1.719938	-0.076420
7.780522	0.223136	0.886198	2.643548	0.250000	-1.719938	-0.076420
7.790786	0.223136	0.886198	2.643548	0.250000	-1.719938	-0.076420
7.800699	0.223136	0.886198	2.643548	0.250000	-1.719938	-0.076420
7.810581	0.223136	0.886198	2.643548	0.250000	-1.719938	-0.076420
7.820509	0.223136	0.886198	2.643548	0.250000	-1.719938	-0.076420
7.830623	0.223136	0.886198	2.643548	0.250000	-1.719938	-0.076420
7.840608	0.223136	0.886198	2.643548	0.250000	-1.719938	-0.076420
7.850754	0.208955	0.893474	2.637146	0.250000	-1.784099	-0.081818
7.861627	0.208955	0.893474	2.637146	0.250000	-1.784099	-0.081818
7.872272	0.208955	0.893474	2.637146	0.250000	-1.784099	-0.081818
7.880625	0.208955	0.893474	2.637146	0.250000	-1.784099	-0.081818
7.890614	0.208955	0.893474	2.637146	0.250000	-1.784099	-0.081818
7.900524	0.198979	0.900292	2.622692	0.250000	-1.827271	-0.085860
7.910516	0.198979	0.900292	2.622692	0.250000	-1.827271	-0.085860
7.920586	0.198979	0.900292	2.622692	0.250000	-1.827271	-0.085860
7.930675	0.198979	0.900292	2.622692	0.250000	-1.827271	-0.085860
7.940684	0.198979	0.900292	2.622692	0.250000	-1.827271	-0.085860
7.950698	0.198979	0.900292	2.622692	0.250000	-1.827271	-0.085860
7.960595	0.198979	0.900292	2.622692	0.250000	-1.827271	-0.085860
7.970686	0.186296	0.909020	2.588747	0.250000	-1.848476	-0.090209
7.980545	0.186296	0.909020	2.588747	0.250000	-1.848476	-0.090209
7.990539	0.186296	0.909020	2.588747	0.250000	-1.848476	-0.090209
8.000547	0.186296	0.909020	2.588747	0.250000	-1.848476	-0.090209
8.010749	0.186296	0.909020	2.588747	0.250000	-1.848476	-0.090209
8.020496	0.176481	0.916198	2.524611	0.250000	-1.866015	-0.098118
8.030858	0.176481	0.916198	2.524611	0.250000	-1.866015	-0.098118
8.040608	0.176481	0.916198	2.524611	0.250000	-1.866015	-0.098118
8.050584	0.176481	0.916198	2.524611	0.250000	-1.866015	-0.098118
8.060548	0.176481	0.916198	2.524611	0.250000	-1.866015	-0.098118
8.070580	0.176481	0.916198	2.524611	0.250000	-1.866015	-0.098118
8.080596	0.176481	0.916198	2.524611	0.250000	-1.866015	-0.098118
8.090731	0.176481	0.916198	2.524611	0.250000	-1.866015	-0.098118
8.101263	0.176481	0.916198	2.524611	0.250000	-1.866015	-0.098118
8.111052	0.165656	0.924599	2.462213	0.250000	-1.854624	-0.103915
8.120641	0.165656	0.924599	2.462213	0.250000	-1.854624	-0.103915
8.130625	0.165656	0.924599	2.462213	0.250000	-1.854624	-0.103915
8.140551	0.165656	0.924599	2.462213	0.250000	-1.854624	-0.103915
8.150596	0.165656	0.924599	2.462213	0.250000	-1.854624	-0.103915
8.160572	0.157416	0.931433	2.426937	0.250000	-1.865200	-0.109645
8.170538	0.157416	0.931433	2.426937	0.250000	-1.865200	-0.109645
8.180593	0.157416	0.931433	2.426937	0.250000	-1.865200	-0.109645
8.190627	0.157416	0.931433	2.426937	0.250000	-1.865200	-0.109645
8.201929	0.151950	0.936226	2.401917	0.250000	-1.880946	-0.115262
8.210967	0.151950	0.936226	2.401917	0.250000	-1.880946	-0.115262
8.220694	0.151950	0.936226	2.401917	0.250000	-1.880946	-0.115262
8.230526	0.151950	0.936226	2.401917	0.250000	-1.880946	-0.115262
8.240558	0.151950	0.936226	2.401917	0.250000	-1.880946	-0.115262
8.250815	0.151950	0.936226	2.401917	0.250000	-1.880946	-0.115262
8.260664	0.151950	0.936226	2.401917	0.250000	-1.880946	-0.115262
8.270532	0.151950	0.936226	2.401917	0.250000	-1.880946	-0.115262
8.280598	0.151950	0.936226	2.401917	0.250000	-1.880946	-0.115262
8.290728	0.143377	0.943579	2.375922	0.250000	-1.893418	-0.121414
8.300586	0.143377	0.943579	2.375922	0.250000	-1.893418	-0.121414
8.310544	0.143377	0.943579	2.375922	0.250000	-1.893418	-0.121414
8.320915	0.143377	0.943579	2.375922	0.250000	-1.893418	-0.121414
8.330860	0.143377	0.943579	2.375922	0.250000	-1.893418	-0.121414
8.340576	0.143377	0.943579	2.375922	0.250000	-1.893418	-0.121414
8.351590	0.143377	0.943579	2.375922	0.250000	-1.893418	-0.121414
8.360512	0.143377	0.943579	2.375922	0.250000	-1.893418	-0.121414
8.370592	0.134437	0.951317	2.347433	0.250000	-1.900605	-0.128026
8.380567	0.134437	0.951317	2.347433	0.250000	-1.900605	-0.128026
8.390918	0.134437	0.951317	2.347433	0.250000	-1.900605	-0.128026
8.400552	0.134437	0.951317	2.347433	0.250000	-1.900605	-0.128026
8.410608	0.134437	0.951317	2.347433	0.250000	-1.900605	-0.128026
8.420691	0.134437	0.951317	2.347433	0.250000	-1.900605	-0.128026
8.430615	0.134437	0.951317	2.347433	0.250000	-1.900605	-0.128026
8.440626	0.134437	0.951317	2.347433	0.250000	-1.900605	-0.128026
8.450582	0.125503	0.960367	2.307573	0.250000	-1.903098	-0.137045
8.460620	0.125503	0.960367	2.307573	0.250000	-1.903098	-0.137045
8.470568	0.125503	0.960367	2.307573	0.250000	-1.903098	-0.137045
8.480581	0.125503	0.960367	2.307573	0.250000	-1.903098	-0.137045
8.490539	0.116707	0.970669	2.258787	0.250000	-1.895264	-0.148344
8.500554	0.116707	0.970669	2.258787	0.250000	-1.895264	-0.148344
8.510505	0.116707	0.970669	2.258787	0.250000	-1.895264	-0.148344
8.520511	0.111265	0.978047	2.220979	0.250000	-1.877857	-0.156337
8.530937	0.111265	0.978047	2.220979	0.250000	-1.877857	-0.156337
8.540642	0.111265	0.978047	2.220979	0.250000	-1.877857	-0.156337
8.550663	0.111265	0.978047	2.220979	0.250000	-1.877857	-0.156337
8.560571	0.111265	0.978047	2.220979	0.250000	-1.877857	-0.156337
8.570664	0.104050	0.987249	2.190457	0.250000	-1.863467	-0.166924
8.580762	0.104050	0.987249	2.190457	0.250000	-1.863467	-0.166924
8.590616	0.104050	0.987249	2.190457	0.250000	-1.863467	-0.166924
8.600604	0.104050	0.987249	2.190457	0.250000	-1.863467	-0.166924
8.610704	0.104050	0.987249	2.190457	0.250000	-1.863467	-0.166924
8.620566	0.099483	0.994270	2.165163	0.250000	-1.840267	-0.176405
8.630524	0.099483	0.994270	2.165163	0.250000	-1.840267	-0.176405
8.642196	0.099483	0.994270	2.165163	0.250000	-1.840267	-0.176405
8.650582	0.099483	0.994270	2.165163	0.250000	-1.840267	-0.176405
8.660609	0.094500	1.001350	2.132466	0.250000	-1.795258	-0.188072
8.670976	0.094500	1.001350	2.132466	0.250000	-1.795258	-0.188072
8.680571	0.094500	1.001350	2.132466	0.250000	-1.795258	-0.188072
8.690642	0.094500	1.001350	2.132466	0.250000	-1.795258	-0.188072
8.706007	0.094500	1.001350	2.132466	0.250000	-1.795258	-0.188072
8.710567	0.094500	1.001350	2.132466	0.250000	-1.795258	-0.188072
8.720493	0.094500	1.001350	2.132466	0.250000	-1.795258	-0.188072
8.730989	0.087349	1.012388	2.095972	0.250000	-1.629209	-0.216457
8.740745	0.087349	1.012388	2.095972	0.250000	-1.629209	-0.216457
8.750537	0.087349	1.012388	2.095972	0.250000	-1.629209	-0.216457
8.761227	0.087349	1.012388	2.095972	0.250000	-1.629209	-0.216457
8.770926	0.087349	1.012388	2.095972	0.250000	-1.629209	-0.216457
8.780717	0.081560	1.023343	2.052661	0.250000	-1.409176	-0.228422
