x(i)	y(i)	theta(i)
1.251708	0.894122	0.528141
1.256079	0.896784	0.566670
1.260066	0.899437	0.608567
1.263687	0.902081	0.653969
1.266961	0.904717	0.702934
1.269904	0.907343	0.755413
1.272536	0.909962	0.811213
1.274875	0.912572	0.869964
1.276939	0.915173	0.931102
1.278746	0.917766	0.993863
1.280314	0.920350	1.057302
1.281662	0.922926	1.120340
1.282808	0.925494	1.181827
1.283770	0.928053	1.240622
1.284565	0.930604	1.295662
1.285214	0.933147	1.346019
1.285732	0.935682	1.390932
1.286140	0.938208	1.429810
1.286454	0.940726	1.462220
1.286694	0.943236	1.487856
1.286877	0.945739	1.506511
1.287022	0.948233	1.518040
1.287146	0.950719	1.522340
1.287269	0.953197	1.519331
1.287407	0.955667	1.508949
1.287580	0.958130	1.491154
1.287806	0.960584	1.465946
1.288102	0.963031	1.434028
1.288478	0.965470	1.401604
1.288933	0.967901	1.370257
1.289464	0.970325	1.340026
1.290069	0.972741	1.310937
1.290746	0.975149	1.283007
1.291492	0.977550	1.256242
1.292305	0.979943	1.230643
1.293182	0.982328	1.206202
1.294122	0.984707	1.182906
1.295122	0.987077	1.160737
1.296179	0.989441	1.139673
1.297292	0.991797	1.119690
1.298458	0.994145	1.100763
1.299674	0.996487	1.082862
1.300938	0.998821	1.065960
1.302249	1.001148	1.050027
1.303603	1.003468	1.035036
1.304998	1.005780	1.020958
1.306432	1.008086	1.007765
1.307903	1.010384	0.995431
1.309408	1.012676	0.983932
1.310946	1.014960	0.973243
1.312512	1.017237	0.963343
1.314106	1.019508	0.954209
1.315725	1.021772	0.945825
1.317367	1.024029	0.938171
1.319029	1.026279	0.931232
1.320709	1.028522	0.924995
1.322404	1.030759	0.919447
1.324113	1.032988	0.914578
1.325832	1.035212	0.910379
1.327561	1.037428	0.906844
1.329295	1.039638	0.903969
1.331034	1.041842	0.901749
1.332774	1.044039	0.900185
1.334513	1.046229	0.899277
1.336249	1.048413	0.899029
1.337980	1.050591	0.899445
1.339704	1.052762	0.900532
1.341417	1.054927	0.902300
1.343118	1.057086	0.904760
1.344804	1.059238	0.907927
1.346473	1.061384	0.911817
1.348123	1.063524	0.916448
1.349751	1.065658	0.921843
1.351355	1.067786	0.928025
1.352932	1.069908	0.935022
1.354481	1.072023	0.942863
1.355999	1.074133	0.951583
1.357483	1.076237	0.961217
1.358932	1.078334	0.971806
1.360343	1.080426	0.983392
1.361713	1.082513	0.996024
1.363040	1.084593	1.009752
1.364323	1.086667	1.024628
1.365558	1.088736	1.040712
1.366744	1.090799	1.058064
1.367877	1.092857	1.076748
1.368956	1.094908	1.096830
1.369978	1.096955	1.118378
1.370942	1.098995	1.141310
1.371845	1.101030	1.164774
1.372689	1.103060	1.188610
1.373475	1.105084	1.212795
1.374202	1.107103	1.237306
1.374872	1.109117	1.262116
1.375485	1.111125	1.287195
1.376041	1.113128	1.312513
1.376542	1.115125	1.338037
1.376987	1.117118	1.363732
1.377378	1.119105	1.389562
1.377715	1.121087	1.415489
1.377998	1.123064	1.441474
1.378229	1.125036	1.467480
1.378407	1.127003	1.493466
1.378533	1.128965	1.519394
1.378608	1.130922	1.545224
1.378633	1.132873	1.570920
1.378608	1.134821	1.596442
1.378534	1.136763	1.621757
1.378411	1.138700	1.646830
1.378239	1.140633	1.671629
1.378020	1.142561	1.696124
1.377754	1.144484	1.720287
1.377442	1.146403	1.744091
1.377083	1.148317	1.767515
1.376680	1.150226	1.790537
1.376232	1.152131	1.813139
1.375739	1.154031	1.835304
1.375204	1.155927	1.857020
1.374625	1.157818	1.878275
1.374004	1.159705	1.899060
1.373341	1.161588	1.919369
1.372638	1.163466	1.939196
1.371893	1.165340	1.958537
1.371109	1.167210	1.977393
1.370285	1.169076	1.995763
1.369422	1.170937	2.013648
1.368522	1.172794	2.031052
1.367583	1.174647	2.047979
1.366608	1.176496	2.064433
1.365596	1.178341	2.080420
1.364548	1.180182	2.095947
1.363465	1.182019	2.111022
1.362347	1.183852	2.125652
1.361195	1.185681	2.139846
1.360010	1.187507	2.153612
1.358791	1.189328	2.166959
1.357541	1.191146	2.179896
1.356258	1.192960	2.192433
1.354944	1.194770	2.204579
1.353600	1.196577	2.216343
1.352226	1.198380	2.227735
1.350822	1.200180	2.238764
1.349389	1.201975	2.249439
1.347928	1.203768	2.259769
1.346440	1.205557	2.269764
1.344924	1.207342	2.279432
1.343382	1.209124	2.288781
1.341814	1.210903	2.297821
1.340221	1.212678	2.306559
1.338603	1.214450	2.315003
1.336961	1.216219	2.323162
1.335295	1.217985	2.331042
1.333606	1.219747	2.338652
1.331895	1.221506	2.345997
1.330162	1.223262	2.353085
1.328408	1.225015	2.359923
1.326633	1.226765	2.366517
1.324838	1.228512	2.372872
1.323023	1.230257	2.378996
1.321190	1.231998	2.384892
1.319339	1.233736	2.390568
1.317469	1.235471	2.396028
1.315583	1.237204	2.401278
1.313680	1.238934	2.406321
1.311761	1.240661	2.411162
1.309827	1.242385	2.415807
1.307878	1.244107	2.420258
1.305915	1.245826	2.424520
1.303938	1.247542	2.428598
1.301948	1.249256	2.432493
1.299946	1.250967	2.436210
1.297932	1.252676	2.439752
1.295906	1.254383	2.443122
1.293870	1.256087	2.446323
1.291824	1.257789	2.449357
1.289768	1.259488	2.452227
1.287704	1.261185	2.454936
1.285631	1.262880	2.457485
1.283550	1.264572	2.459877
1.281462	1.266263	2.462114
1.279368	1.267951	2.464196
1.277268	1.269637	2.466127
1.275162	1.271321	2.467907
1.273051	1.273003	2.469538
1.270936	1.274683	2.471020
1.268818	1.276361	2.472355
1.266696	1.278037	2.473544
1.264572	1.279711	2.474587
1.262446	1.281384	2.475485
1.260319	1.283054	2.476239
1.258191	1.284723	2.476848
1.256063	1.286390	2.477314
1.253936	1.288055	2.477635
1.251809	1.289719	2.477812
1.249684	1.291381	2.477845
1.247561	1.293041	2.477811
1.245441	1.294700	2.477767
1.243322	1.296357	2.477714
1.241206	1.298013	2.477651
1.239091	1.299667	2.477578
1.236979	1.301320	2.477496
1.234869	1.302972	2.477405
1.232762	1.304622	2.477304
1.230656	1.306271	2.477193
1.228552	1.307919	2.477072
1.226451	1.309565	2.476942
1.224351	1.311211	2.476802
1.222254	1.312855	2.476653
1.220159	1.314498	2.476493
1.218066	1.316140	2.476324
1.215975	1.317780	2.476145
1.213886	1.319420	2.475956
1.211799	1.321059	2.475758
1.209714	1.322697	2.475549
1.207631	1.324334	2.475331
1.205551	1.325970	2.475103
1.203472	1.327606	2.474865
1.201395	1.329240	2.474617
1.199321	1.330874	2.474359
1.197248	1.332508	2.474091
1.195178	1.334140	2.473813
1.193109	1.335772	2.473526
1.191042	1.337403	2.473228
1.188978	1.339034	2.472920
1.186915	1.340664	2.472602
1.184855	1.342294	2.472274
1.182796	1.343923	2.471936
1.180739	1.345552	2.471589
1.178685	1.347180	2.471231
1.176632	1.348808	2.470863
1.174581	1.350436	2.470484
1.172532	1.352064	2.470096
1.170486	1.353691	2.469698
1.168441	1.355318	2.469290
1.166398	1.356945	2.468871
1.164357	1.358572	2.468443
1.162317	1.360198	2.468004
1.160280	1.361825	2.467555
1.158245	1.363452	2.467096
1.156211	1.365079	2.466627
1.154180	1.366705	2.466148
1.152150	1.368332	2.465659
1.150122	1.369959	2.465160
1.148096	1.371587	2.464650
1.146072	1.373214	2.464131
1.144050	1.374842	2.463601
1.142030	1.376470	2.463061
1.140011	1.378098	2.462511
1.137995	1.379727	2.461951
1.135980	1.381356	2.461381
1.133967	1.382985	2.460801
1.131956	1.384615	2.460211
1.129946	1.386245	2.459610
1.127939	1.387876	2.459000
1.125933	1.389508	2.458379
1.123929	1.391140	2.457749
1.121927	1.392773	2.457108
1.119927	1.394407	2.456458
1.117928	1.396041	2.455797
1.115932	1.397676	2.455126
1.113937	1.399312	2.454445
1.111943	1.400949	2.453755
1.109952	1.402586	2.453054
1.107962	1.404225	2.452343
1.105974	1.405864	2.451623
1.103988	1.407505	2.450892
1.102003	1.409146	2.450152
1.100021	1.410789	2.449402
1.098039	1.412432	2.448641
1.096060	1.414077	2.447871
1.094082	1.415723	2.447091
1.092106	1.417370	2.446302
1.090132	1.419019	2.445502
1.088160	1.420668	2.444693
1.086189	1.422319	2.443874
1.084219	1.423972	2.443045
1.082252	1.425625	2.442207
1.080286	1.427281	2.441359
1.078322	1.428937	2.440501
1.076359	1.430595	2.439633
1.074398	1.432255	2.438756
1.072439	1.433916	2.437870
1.070481	1.435579	2.436974
1.068525	1.437244	2.436068
1.066571	1.438910	2.435153
1.064618	1.440578	2.434228
1.062667	1.442248	2.433294
1.060717	1.443920	2.432351
1.058769	1.445593	2.431398
1.056823	1.447268	2.430436
1.054878	1.448945	2.429464
1.052935	1.450625	2.428484
1.050993	1.452306	2.427494
1.049053	1.453989	2.426495
1.047115	1.455674	2.425487
1.045178	1.457361	2.424469
1.043242	1.459051	2.423443
1.041308	1.460742	2.422408
1.039376	1.462436	2.421363
1.037445	1.464132	2.420310
1.035516	1.465831	2.419248
1.033588	1.467531	2.418177
1.031662	1.469234	2.417097
1.029737	1.470940	2.416008
1.027813	1.472648	2.414911
1.025892	1.474358	2.413805
1.023971	1.476071	2.412690
1.022052	1.477786	2.411567
1.020135	1.479504	2.410435
1.018219	1.481225	2.409294
1.016305	1.482948	2.408146
1.014392	1.484674	2.406988
1.012480	1.486402	2.405823
1.010570	1.488134	2.404649
1.008661	1.489868	2.403467
1.006754	1.491605	2.402277
1.004848	1.493345	2.401078
1.002944	1.495088	2.399872
1.001041	1.496833	2.398657
0.999139	1.498582	2.397434
0.997239	1.500334	2.396204
0.995340	1.502089	2.394966
0.993443	1.503847	2.393719
0.991547	1.505608	2.392465
0.989652	1.507372	2.391204
0.987759	1.509139	2.389935
0.985867	1.510910	2.388658
0.983976	1.512684	2.387373
0.982087	1.514461	2.386081
0.980199	1.516242	2.384782
0.978313	1.518026	2.383475
0.976427	1.519813	2.382162
0.974543	1.521604	2.380840
0.972661	1.523398	2.379512
0.970780	1.525196	2.378177
0.968900	1.526998	2.376834
0.967021	1.528803	2.375485
0.965144	1.530612	2.374128
0.963267	1.532424	2.372765
0.961393	1.534240	2.371395
0.959519	1.536060	2.370019
0.957647	1.537884	2.368635
0.955776	1.539712	2.367245
0.953906	1.541543	2.365849
0.952038	1.543378	2.364446
0.950170	1.545218	2.363037
0.948304	1.547061	2.361621
0.946439	1.548908	2.360200
0.944576	1.550759	2.358772
0.942714	1.552615	2.357338
0.940852	1.554474	2.355898
0.938992	1.556338	2.354452
0.937134	1.558206	2.353000
0.935276	1.560078	2.351542
0.933420	1.561955	2.350078
0.931565	1.563836	2.348609
0.929711	1.565721	2.347134
0.927858	1.567610	2.345654
0.926006	1.569504	2.344168
0.924156	1.571402	2.342677
0.922306	1.573305	2.341181
0.920458	1.575213	2.339679
0.918611	1.577125	2.338172
0.916765	1.579041	2.336660
0.914920	1.580963	2.335143
0.913077	1.582889	2.333621
0.911234	1.584819	2.332094
0.909392	1.586755	2.330562
0.907552	1.588695	2.329026
0.905713	1.590640	2.327485
0.903875	1.592590	2.325939
0.902038	1.594545	2.324389
0.900201	1.596504	2.322835
0.898366	1.598469	2.321276
0.896533	1.600439	2.319713
0.894700	1.602414	2.318146
0.892868	1.604394	2.316574
0.891037	1.606379	2.314999
0.889207	1.608369	2.313419
0.887379	1.610364	2.311836
0.885551	1.612365	2.310249
0.883725	1.614371	2.308658
0.881899	1.616382	2.307064
0.880074	1.618398	2.305466
0.878251	1.620420	2.303864
0.876428	1.622448	2.302259
0.874606	1.624481	2.300651
0.872786	1.626519	2.299039
0.870966	1.628563	2.297424
0.869147	1.630612	2.295806
0.867330	1.632667	2.294185
0.865513	1.634728	2.292561
0.863697	1.636794	2.290934
0.861882	1.638866	2.289305
0.860068	1.640944	2.287672
0.858255	1.643028	2.286037
0.856443	1.645117	2.284399
0.854632	1.647213	2.282759
0.852822	1.649314	2.281117
0.851013	1.651421	2.279472
