t	x(t)	y(t)	theta(t)	v(t)	gamma(t)	efa
0.002783	0.239665	0.157050	0.210661	0.250000	0.774874	0.023631
0.009742	0.239665	0.157050	0.210661	0.250000	0.774874	0.023631
0.013494	0.239665	0.157050	0.210661	0.250000	0.774874	0.023631
0.025114	0.239665	0.157050	0.210661	0.250000	0.774874	0.023631
0.034041	0.239665	0.157050	0.210661	0.250000	0.774874	0.023631
0.043809	0.239665	0.157050	0.210661	0.250000	0.774874	0.023631
0.053562	0.239665	0.157050	0.210661	0.250000	0.774874	0.023631
0.064602	0.239665	0.157050	0.210661	0.250000	0.774874	0.023631
0.074041	0.239665	0.157050	0.210661	0.250000	0.774874	0.023631
0.083607	0.239665	0.157050	0.210661	0.250000	0.774874	0.023631
0.093469	0.239665	0.157050	0.210661	0.250000	0.774874	0.023631
0.104045	0.239665	0.157050	0.210661	0.250000	0.774874	0.023631
0.113877	0.239665	0.157050	0.210661	0.250000	0.774874	0.023631
0.123743	0.239665	0.157050	0.210661	0.250000	0.774874	0.023631
0.135658	0.239665	0.157050	0.210661	0.250000	0.774874	0.023631
0.144152	0.239665	0.157050	0.210661	0.250000	0.774874	0.023631
0.153812	0.239665	0.157050	0.210661	0.250000	0.774874	0.023631
0.164496	0.239665	0.157050	0.210661	0.250000	0.774874	0.023631
0.175078	0.239665	0.157050	0.210661	0.250000	0.774874	0.023631
0.183507	0.239665	0.157050	0.210661	0.250000	0.774874	0.023631
0.194098	0.239665	0.157050	0.210661	0.250000	0.774874	0.023631
0.203825	0.239665	0.157050	0.210661	0.250000	0.774874	0.023631
0.213556	0.239665	0.157050	0.210661	0.250000	0.774874	0.023631
0.224227	0.239665	0.157050	0.210661	0.250000	0.774874	0.023631
0.234231	0.239665	0.157050	0.210661	0.250000	0.774874	0.023631
0.244066	0.239665	0.157050	0.210661	0.250000	0.774874	0.023631
0.253768	0.239665	0.157050	0.210661	0.250000	0.774874	0.023631
0.263610	0.239665	0.157050	0.210661	0.250000	0.774874	0.023631
0.273430	0.239665	0.157050	0.210661	0.250000	0.774874	0.023631
0.283706	0.239665	0.157050	0.210661	0.250000	0.774874	0.023631
0.293502	0.243191	0.158792	0.205870	0.250000	0.775468	0.023254
0.306489	0.243191	0.158792	0.205870	0.250000	0.775468	0.023254
0.314349	0.243191	0.158792	0.205870	0.250000	0.775468	0.023254
0.324092	0.243191	0.158792	0.205870	0.250000	0.775468	0.023254
0.333984	0.243191	0.158792	0.205870	0.250000	0.775468	0.023254
0.343670	0.243191	0.158792	0.205870	0.250000	0.775468	0.023254
0.353455	0.243191	0.158792	0.205870	0.250000	0.775468	0.023254
0.363294	0.243191	0.158792	0.205870	0.250000	0.775468	0.023254
0.376889	0.243191	0.158792	0.205870	0.250000	0.775468	0.023254
0.384729	0.243191	0.158792	0.205870	0.250000	0.775468	0.023254
0.394089	0.243191	0.158792	0.205870	0.250000	0.775468	0.023254
0.404295	0.243191	0.158792	0.205870	0.250000	0.775468	0.023254
0.413655	0.243191	0.158792	0.205870	0.250000	0.775468	0.023254
0.423485	0.243191	0.158792	0.205870	0.250000	0.775468	0.023254
0.434012	0.252610	0.162158	0.218801	0.250000	0.802926	0.024894
0.445065	0.252610	0.162158	0.218801	0.250000	0.802926	0.024894
0.454065	0.252610	0.162158	0.218801	0.250000	0.802926	0.024894
0.463356	0.252610	0.162158	0.218801	0.250000	0.802926	0.024894
0.473808	0.252610	0.162158	0.218801	0.250000	0.802926	0.024894
0.483503	0.252610	0.162158	0.218801	0.250000	0.802926	0.024894
0.493538	0.252610	0.162158	0.218801	0.250000	0.802926	0.024894
0.503472	0.252610	0.162158	0.218801	0.250000	0.802926	0.024894
0.514010	0.252610	0.162158	0.218801	0.250000	0.802926	0.024894
0.523779	0.252610	0.162158	0.218801	0.250000	0.802926	0.024894
0.533495	0.252610	0.162158	0.218801	0.250000	0.802926	0.024894
0.544389	0.252610	0.162158	0.218801	0.250000	0.802926	0.024894
0.553981	0.252610	0.162158	0.218801	0.250000	0.802926	0.024894
0.563734	0.252610	0.162158	0.218801	0.250000	0.802926	0.024894
0.573735	0.272299	0.167146	0.263071	0.250000	0.844718	0.028512
0.584257	0.272299	0.167146	0.263071	0.250000	0.844718	0.028512
0.593988	0.272299	0.167146	0.263071	0.250000	0.844718	0.028512
0.603711	0.272299	0.167146	0.263071	0.250000	0.844718	0.028512
0.613783	0.272299	0.167146	0.263071	0.250000	0.844718	0.028512
0.624240	0.272299	0.167146	0.263071	0.250000	0.844718	0.028512
0.633984	0.272299	0.167146	0.263071	0.250000	0.844718	0.028512
0.644533	0.272299	0.167146	0.263071	0.250000	0.844718	0.028512
0.653425	0.297296	0.173651	0.321545	0.250000	0.943438	0.036151
0.671656	0.297296	0.173651	0.321545	0.250000	0.943438	0.036151
0.674174	0.297296	0.173651	0.321545	0.250000	0.943438	0.036151
0.683681	0.297296	0.173651	0.321545	0.250000	0.943438	0.036151
0.693509	0.297296	0.173651	0.321545	0.250000	0.943438	0.036151
0.703454	0.297296	0.173651	0.321545	0.250000	0.943438	0.036151
0.713868	0.297296	0.173651	0.321545	0.250000	0.943438	0.036151
0.723789	0.297296	0.173651	0.321545	0.250000	0.943438	0.036151
0.733505	0.297296	0.173651	0.321545	0.250000	0.943438	0.036151
0.743472	0.297296	0.173651	0.321545	0.250000	0.943438	0.036151
0.753767	0.297296	0.173651	0.321545	0.250000	0.943438	0.036151
0.763466	0.297296	0.173651	0.321545	0.250000	0.943438	0.036151
0.773587	0.297296	0.173651	0.321545	0.250000	0.943438	0.036151
0.783679	0.323059	0.182960	0.374943	0.250000	1.015983	0.041411
0.794038	0.323059	0.182960	0.374943	0.250000	1.015983	0.041411
0.804092	0.323059	0.182960	0.374943	0.250000	1.015983	0.041411
0.813560	0.323059	0.182960	0.374943	0.250000	1.015983	0.041411
0.823405	0.323059	0.182960	0.374943	0.250000	1.015983	0.041411
0.833409	0.323059	0.182960	0.374943	0.250000	1.015983	0.041411
0.843487	0.323059	0.182960	0.374943	0.250000	1.015983	0.041411
0.853718	0.323059	0.182960	0.374943	0.250000	1.015983	0.041411
0.864284	0.347774	0.196079	0.426417	0.250000	1.123014	0.047190
0.874099	0.347774	0.196079	0.426417	0.250000	1.123014	0.047190
0.884241	0.347774	0.196079	0.426417	0.250000	1.123014	0.047190
0.894775	0.347774	0.196079	0.426417	0.250000	1.123014	0.047190
0.903335	0.347774	0.196079	0.426417	0.250000	1.123014	0.047190
0.914141	0.347774	0.196079	0.426417	0.250000	1.123014	0.047190
0.923630	0.347774	0.196079	0.426417	0.250000	1.123014	0.047190
0.934183	0.347774	0.196079	0.426417	0.250000	1.123014	0.047190
0.944074	0.347774	0.196079	0.426417	0.250000	1.123014	0.047190
0.953716	0.347774	0.196079	0.426417	0.250000	1.123014	0.047190
0.964031	0.347774	0.196079	0.426417	0.250000	1.123014	0.047190
0.973475	0.347774	0.196079	0.426417	0.250000	1.123014	0.047190
0.983422	0.370322	0.208061	0.493240	0.250000	1.196425	0.051263
0.993370	0.370322	0.208061	0.493240	0.250000	1.196425	0.051263
1.003450	0.370322	0.208061	0.493240	0.250000	1.196425	0.051263
1.013778	0.370322	0.208061	0.493240	0.250000	1.196425	0.051263
1.023597	0.370322	0.208061	0.493240	0.250000	1.196425	0.051263
1.033363	0.370322	0.208061	0.493240	0.250000	1.196425	0.051263
1.043357	0.370322	0.208061	0.493240	0.250000	1.196425	0.051263
1.053764	0.370322	0.208061	0.493240	0.250000	1.196425	0.051263
1.063424	0.370322	0.208061	0.493240	0.250000	1.196425	0.051263
1.073326	0.390381	0.219527	0.562826	0.250000	1.243018	0.054107
1.083641	0.390381	0.219527	0.562826	0.250000	1.243018	0.054107
1.093453	0.390381	0.219527	0.562826	0.250000	1.243018	0.054107
1.103618	0.390381	0.219527	0.562826	0.250000	1.243018	0.054107
1.113427	0.390381	0.219527	0.562826	0.250000	1.243018	0.054107
1.123782	0.390381	0.219527	0.562826	0.250000	1.243018	0.054107
1.133401	0.390381	0.219527	0.562826	0.250000	1.243018	0.054107
1.143363	0.406726	0.228441	0.618941	0.250000	1.300715	0.060029
1.153387	0.406726	0.228441	0.618941	0.250000	1.300715	0.060029
1.163690	0.406726	0.228441	0.618941	0.250000	1.300715	0.060029
1.173379	0.406726	0.228441	0.618941	0.250000	1.300715	0.060029
1.183465	0.406726	0.228441	0.618941	0.250000	1.300715	0.060029
1.193401	0.406726	0.228441	0.618941	0.250000	1.300715	0.060029
1.203351	0.406726	0.228441	0.618941	0.250000	1.300715	0.060029
1.213381	0.419887	0.237922	0.661498	0.250000	1.310126	0.063461
1.223395	0.419887	0.237922	0.661498	0.250000	1.310126	0.063461
1.233525	0.419887	0.237922	0.661498	0.250000	1.310126	0.063461
1.243376	0.419887	0.237922	0.661498	0.250000	1.310126	0.063461
1.253300	0.419887	0.237922	0.661498	0.250000	1.310126	0.063461
1.263453	0.419887	0.237922	0.661498	0.250000	1.310126	0.063461
1.273404	0.419887	0.237922	0.661498	0.250000	1.310126	0.063461
1.283395	0.432065	0.249892	0.703378	0.250000	1.312620	0.071432
1.293384	0.432065	0.249892	0.703378	0.250000	1.312620	0.071432
1.303490	0.432065	0.249892	0.703378	0.250000	1.312620	0.071432
1.313394	0.432065	0.249892	0.703378	0.250000	1.312620	0.071432
1.324672	0.432065	0.249892	0.703378	0.250000	1.312620	0.071432
1.333582	0.432065	0.249892	0.703378	0.250000	1.312620	0.071432
1.343409	0.432065	0.249892	0.703378	0.250000	1.312620	0.071432
1.353851	0.432065	0.249892	0.703378	0.250000	1.312620	0.071432
1.363528	0.432065	0.249892	0.703378	0.250000	1.312620	0.071432
1.373787	0.432065	0.249892	0.703378	0.250000	1.312620	0.071432
1.383586	0.432065	0.249892	0.703378	0.250000	1.312620	0.071432
1.393394	0.432065	0.249892	0.703378	0.250000	1.312620	0.071432
1.403784	0.444081	0.261803	0.739251	0.250000	1.216520	0.080491
1.413497	0.444081	0.261803	0.739251	0.250000	1.216520	0.080491
1.424204	0.444081	0.261803	0.739251	0.250000	1.216520	0.080491
1.434158	0.444081	0.261803	0.739251	0.250000	1.216520	0.080491
1.443773	0.444081	0.261803	0.739251	0.250000	1.216520	0.080491
1.453519	0.444081	0.261803	0.739251	0.250000	1.216520	0.080491
1.464329	0.444081	0.261803	0.739251	0.250000	1.216520	0.080491
1.474045	0.444081	0.261803	0.739251	0.250000	1.216520	0.080491
1.483963	0.444081	0.261803	0.739251	0.250000	1.216520	0.080491
1.493580	0.444081	0.261803	0.739251	0.250000	1.216520	0.080491
1.504018	0.444081	0.261803	0.739251	0.250000	1.216520	0.080491
1.514152	0.444081	0.261803	0.739251	0.250000	1.216520	0.080491
1.523962	0.444081	0.261803	0.739251	0.250000	1.216520	0.080491
1.533760	0.444081	0.261803	0.739251	0.250000	1.216520	0.080491
1.543497	0.444081	0.261803	0.739251	0.250000	1.216520	0.080491
1.554204	0.444081	0.261803	0.739251	0.250000	1.216520	0.080491
1.563924	0.444081	0.261803	0.739251	0.250000	1.216520	0.080491
1.573558	0.444081	0.261803	0.739251	0.250000	1.216520	0.080491
1.583520	0.444081	0.261803	0.739251	0.250000	1.216520	0.080491
1.593426	0.444081	0.261803	0.739251	0.250000	1.216520	0.080491
1.603844	0.444081	0.261803	0.739251	0.250000	1.216520	0.080491
1.613542	0.444081	0.261803	0.739251	0.250000	1.216520	0.080491
1.623569	0.444081	0.261803	0.739251	0.250000	1.216520	0.080491
1.633826	0.444081	0.261803	0.739251	0.250000	1.216520	0.080491
1.646021	0.444081	0.261803	0.739251	0.250000	1.216520	0.080491
1.653396	0.444081	0.261803	0.739251	0.250000	1.216520	0.080491
1.666117	0.444081	0.261803	0.739251	0.250000	1.216520	0.080491
1.674521	0.444081	0.261803	0.739251	0.250000	1.216520	0.080491
1.683843	0.444081	0.261803	0.739251	0.250000	1.216520	0.080491
1.693439	0.444081	0.261803	0.739251	0.250000	1.216520	0.080491
1.704190	0.444081	0.261803	0.739251	0.250000	1.216520	0.080491
1.714851	0.444081	0.261803	0.739251	0.250000	1.216520	0.080491
1.723722	0.444081	0.261803	0.739251	0.250000	1.216520	0.080491
1.733421	0.444081	0.261803	0.739251	0.250000	1.216520	0.080491
1.744325	0.444081	0.261803	0.739251	0.250000	1.216520	0.080491
1.753673	0.444081	0.261803	0.739251	0.250000	1.216520	0.080491
1.763718	0.458969	0.279635	0.815871	0.250000	0.937114	0.082582
1.773533	0.458969	0.279635	0.815871	0.250000	0.937114	0.082582
1.784630	0.458969	0.279635	0.815871	0.250000	0.937114	0.082582
1.793951	0.458969	0.279635	0.815871	0.250000	0.937114	0.082582
1.803584	0.458969	0.279635	0.815871	0.250000	0.937114	0.082582
1.814266	0.458969	0.279635	0.815871	0.250000	0.937114	0.082582
1.845072	0.458969	0.279635	0.815871	0.250000	0.937114	0.082582
1.851821	0.458969	0.279635	0.815871	0.250000	0.937114	0.082582
1.857893	0.458969	0.279635	0.815871	0.250000	0.937114	0.082582
1.859242	0.458969	0.279635	0.815871	0.250000	0.937114	0.082582
1.863496	0.458969	0.279635	0.815871	0.250000	0.937114	0.082582
1.873395	0.458969	0.279635	0.815871	0.250000	0.937114	0.082582
1.884020	0.458969	0.279635	0.815871	0.250000	0.937114	0.082582
1.893558	0.458969	0.279635	0.815871	0.250000	0.937114	0.082582
1.903357	0.481977	0.306412	0.936580	0.250000	0.603200	0.068474
1.914198	0.481977	0.306412	0.936580	0.250000	0.603200	0.068474
1.923897	0.481977	0.306412	0.936580	0.250000	0.603200	0.068474
1.933684	0.481977	0.306412	0.936580	0.250000	0.603200	0.068474
1.944422	0.481977	0.306412	0.936580	0.250000	0.603200	0.068474
1.954432	0.481977	0.306412	0.936580	0.250000	0.603200	0.068474
1.963444	0.481977	0.306412	0.936580	0.250000	0.603200	0.068474
1.973691	0.481977	0.306412	0.936580	0.250000	0.603200	0.068474
1.984187	0.481977	0.306412	0.936580	0.250000	0.603200	0.068474
1.993670	0.481977	0.306412	0.936580	0.250000	0.603200	0.068474
2.003371	0.481977	0.306412	0.936580	0.250000	0.603200	0.068474
2.013425	0.481977	0.306412	0.936580	0.250000	0.603200	0.068474
2.023657	0.505986	0.343639	1.085614	0.250000	0.140710	0.039294
2.034179	0.505986	0.343639	1.085614	0.250000	0.140710	0.039294
2.043861	0.505986	0.343639	1.085614	0.250000	0.140710	0.039294
2.053480	0.505986	0.343639	1.085614	0.250000	0.140710	0.039294
2.063344	0.505986	0.343639	1.085614	0.250000	0.140710	0.039294
2.074132	0.505986	0.343639	1.085614	0.250000	0.140710	0.039294
2.083925	0.505986	0.343639	1.085614	0.250000	0.140710	0.039294
2.098418	0.505986	0.343639	1.085614	0.250000	0.140710	0.039294
2.103356	0.505986	0.343639	1.085614	0.250000	0.140710	0.039294
2.113396	0.505986	0.343639	1.085614	0.250000	0.140710	0.039294
2.124177	0.505986	0.343639	1.085614	0.250000	0.140710	0.039294
2.133651	0.505986	0.343639	1.085614	0.250000	0.140710	0.039294
2.143421	0.505986	0.343639	1.085614	0.250000	0.140710	0.039294
2.153372	0.505986	0.343639	1.085614	0.250000	0.140710	0.039294
2.163705	0.505986	0.343639	1.085614	0.250000	0.140710	0.039294
2.174159	0.505986	0.343639	1.085614	0.250000	0.140710	0.039294
2.184087	0.526715	0.385160	1.218294	0.250000	-0.373233	0.007773
2.194514	0.526715	0.385160	1.218294	0.250000	-0.373233	0.007773
2.203963	0.526715	0.385160	1.218294	0.250000	-0.373233	0.007773
2.213549	0.526715	0.385160	1.218294	0.250000	-0.373233	0.007773
2.224175	0.526715	0.385160	1.218294	0.250000	-0.373233	0.007773
2.233968	0.526715	0.385160	1.218294	0.250000	-0.373233	0.007773
2.243411	0.526715	0.385160	1.218294	0.250000	-0.373233	0.007773
2.254038	0.526715	0.385160	1.218294	0.250000	-0.373233	0.007773
2.263712	0.536881	0.414789	1.316795	0.250000	-0.773330	-0.016763
2.273585	0.536881	0.414789	1.316795	0.250000	-0.773330	-0.016763
2.283316	0.536881	0.414789	1.316795	0.250000	-0.773330	-0.016763
2.293487	0.536881	0.414789	1.316795	0.250000	-0.773330	-0.016763
2.303559	0.536881	0.414789	1.316795	0.250000	-0.773330	-0.016763
2.313497	0.536881	0.414789	1.316795	0.250000	-0.773330	-0.016763
2.323915	0.536881	0.414789	1.316795	0.250000	-0.773330	-0.016763
2.333653	0.536881	0.414789	1.316795	0.250000	-0.773330	-0.016763
2.344344	0.536881	0.414789	1.316795	0.250000	-0.773330	-0.016763
2.354053	0.542357	0.441866	1.388469	0.250000	-1.039364	-0.034324
2.364068	0.542357	0.441866	1.388469	0.250000	-1.039364	-0.034324
2.373672	0.542357	0.441866	1.388469	0.250000	-1.039364	-0.034324
2.384376	0.542357	0.441866	1.388469	0.250000	-1.039364	-0.034324
2.393445	0.542357	0.441866	1.388469	0.250000	-1.039364	-0.034324
2.403462	0.542357	0.441866	1.388469	0.250000	-1.039364	-0.034324
2.413463	0.542357	0.441866	1.388469	0.250000	-1.039364	-0.034324
2.423510	0.542357	0.441866	1.388469	0.250000	-1.039364	-0.034324
2.434448	0.542357	0.441866	1.388469	0.250000	-1.039364	-0.034324
2.443537	0.542357	0.441866	1.388469	0.250000	-1.039364	-0.034324
2.454296	0.545867	0.460585	1.424393	0.250000	-1.167797	-0.043744
2.464021	0.545867	0.460585	1.424393	0.250000	-1.167797	-0.043744
2.474195	0.545867	0.460585	1.424393	0.250000	-1.167797	-0.043744
2.483625	0.545867	0.460585	1.424393	0.250000	-1.167797	-0.043744
2.493569	0.545867	0.460585	1.424393	0.250000	-1.167797	-0.043744
2.504538	0.545867	0.460585	1.424393	0.250000	-1.167797	-0.043744
2.514190	0.545867	0.460585	1.424393	0.250000	-1.167797	-0.043744
2.523469	0.545867	0.460585	1.424393	0.250000	-1.167797	-0.043744
2.533781	0.545867	0.460585	1.424393	0.250000	-1.167797	-0.043744
2.544709	0.545867	0.460585	1.424393	0.250000	-1.167797	-0.043744
2.563334	0.545867	0.460585	1.424393	0.250000	-1.167797	-0.043744
2.568095	0.545867	0.460585	1.424393	0.250000	-1.167797	-0.043744
2.573912	0.545867	0.460585	1.424393	0.250000	-1.167797	-0.043744
2.583759	0.545867	0.460585	1.424393	0.250000	-1.167797	-0.043744
2.593441	0.545867	0.460585	1.424393	0.250000	-1.167797	-0.043744
2.603667	0.545867	0.460585	1.424393	0.250000	-1.167797	-0.043744
2.613572	0.545867	0.460585	1.424393	0.250000	-1.167797	-0.043744
2.623695	0.545867	0.460585	1.424393	0.250000	-1.167797	-0.043744
2.633475	0.545867	0.460585	1.424393	0.250000	-1.167797	-0.043744
2.645119	0.545867	0.460585	1.424393	0.250000	-1.167797	-0.043744
2.653438	0.545867	0.460585	1.424393	0.250000	-1.167797	-0.043744
2.664995	0.545867	0.460585	1.424393	0.250000	-1.167797	-0.043744
2.674704	0.545867	0.460585	1.424393	0.250000	-1.167797	-0.043744
2.683846	0.545867	0.460585	1.424393	0.250000	-1.167797	-0.043744
2.693513	0.553004	0.493707	1.411290	0.250000	-1.277325	-0.058784
2.703552	0.553004	0.493707	1.411290	0.250000	-1.277325	-0.058784
2.713801	0.553004	0.493707	1.411290	0.250000	-1.277325	-0.058784
2.723429	0.553004	0.493707	1.411290	0.250000	-1.277325	-0.058784
2.733954	0.553004	0.493707	1.411290	0.250000	-1.277325	-0.058784
2.743783	0.553004	0.493707	1.411290	0.250000	-1.277325	-0.058784
2.753497	0.553004	0.493707	1.411290	0.250000	-1.277325	-0.058784
2.763392	0.553004	0.493707	1.411290	0.250000	-1.277325	-0.058784
2.774375	0.553004	0.493707	1.411290	0.250000	-1.277325	-0.058784
2.783990	0.553004	0.493707	1.411290	0.250000	-1.277325	-0.058784
2.793480	0.561264	0.524538	1.349120	0.250000	-1.291946	-0.073258
2.804318	0.561264	0.524538	1.349120	0.250000	-1.291946	-0.073258
2.819493	0.561264	0.524538	1.349120	0.250000	-1.291946	-0.073258
2.823811	0.561264	0.524538	1.349120	0.250000	-1.291946	-0.073258
2.833458	0.561264	0.524538	1.349120	0.250000	-1.291946	-0.073258
2.843907	0.561264	0.524538	1.349120	0.250000	-1.291946	-0.073258
2.853981	0.561264	0.524538	1.349120	0.250000	-1.291946	-0.073258
2.863452	0.561264	0.524538	1.349120	0.250000	-1.291946	-0.073258
2.873550	0.561264	0.524538	1.349120	0.250000	-1.291946	-0.073258
2.884332	0.573028	0.559368	1.265650	0.250000	-1.209973	-0.083274
2.894091	0.573028	0.559368	1.265650	0.250000	-1.209973	-0.083274
2.903733	0.573028	0.559368	1.265650	0.250000	-1.209973	-0.083274
2.914161	0.573028	0.559368	1.265650	0.250000	-1.209973	-0.083274
2.924256	0.573028	0.559368	1.265650	0.250000	-1.209973	-0.083274
2.934075	0.573028	0.559368	1.265650	0.250000	-1.209973	-0.083274
2.944193	0.573028	0.559368	1.265650	0.250000	-1.209973	-0.083274
2.953996	0.573028	0.559368	1.265650	0.250000	-1.209973	-0.083274
2.971704	0.573028	0.559368	1.265650	0.250000	-1.209973	-0.083274
2.973461	0.573028	0.559368	1.265650	0.250000	-1.209973	-0.083274
2.983730	0.573028	0.559368	1.265650	0.250000	-1.209973	-0.083274
2.993455	0.573028	0.559368	1.265650	0.250000	-1.209973	-0.083274
3.003502	0.573028	0.559368	1.265650	0.250000	-1.209973	-0.083274
3.013410	0.582833	0.582243	1.199811	0.250000	-1.081544	-0.087103
3.023950	0.582833	0.582243	1.199811	0.250000	-1.081544	-0.087103
3.033387	0.582833	0.582243	1.199811	0.250000	-1.081544	-0.087103
3.043419	0.582833	0.582243	1.199811	0.250000	-1.081544	-0.087103
3.054560	0.582833	0.582243	1.199811	0.250000	-1.081544	-0.087103
3.063974	0.594845	0.606704	1.139767	0.250000	-0.876461	-0.085311
3.074010	0.594845	0.606704	1.139767	0.250000	-0.876461	-0.085311
3.083465	0.594845	0.606704	1.139767	0.250000	-0.876461	-0.085311
3.093855	0.594845	0.606704	1.139767	0.250000	-0.876461	-0.085311
3.103549	0.594845	0.606704	1.139767	0.250000	-0.876461	-0.085311
3.113369	0.594845	0.606704	1.139767	0.250000	-0.876461	-0.085311
3.123616	0.594845	0.606704	1.139767	0.250000	-0.876461	-0.085311
3.133986	0.594845	0.606704	1.139767	0.250000	-0.876461	-0.085311
3.143888	0.594845	0.606704	1.139767	0.250000	-0.876461	-0.085311
3.154810	0.604103	0.622232	1.086696	0.250000	-0.631659	-0.076187
3.164877	0.604103	0.622232	1.086696	0.250000	-0.631659	-0.076187
3.173478	0.604103	0.622232	1.086696	0.250000	-0.631659	-0.076187
3.183486	0.604103	0.622232	1.086696	0.250000	-0.631659	-0.076187
3.193618	0.604103	0.622232	1.086696	0.250000	-0.631659	-0.076187
3.203441	0.604103	0.622232	1.086696	0.250000	-0.631659	-0.076187
3.214063	0.604103	0.622232	1.086696	0.250000	-0.631659	-0.076187
3.223618	0.604103	0.622232	1.086696	0.250000	-0.631659	-0.076187
3.233724	0.604103	0.622232	1.086696	0.250000	-0.631659	-0.076187
3.243481	0.604103	0.622232	1.086696	0.250000	-0.631659	-0.076187
3.254231	0.613503	0.632363	0.972406	0.250000	-0.290919	-0.053901
3.263536	0.613503	0.632363	0.972406	0.250000	-0.290919	-0.053901
3.273926	0.613503	0.632363	0.972406	0.250000	-0.290919	-0.053901
3.283571	0.613503	0.632363	0.972406	0.250000	-0.290919	-0.053901
3.293690	0.613503	0.632363	0.972406	0.250000	-0.290919	-0.053901
3.303572	0.613503	0.632363	0.972406	0.250000	-0.290919	-0.053901
3.314090	0.613503	0.632363	0.972406	0.250000	-0.290919	-0.053901
3.323962	0.613503	0.632363	0.972406	0.250000	-0.290919	-0.053901
3.333410	0.613503	0.632363	0.972406	0.250000	-0.290919	-0.053901
3.343524	0.623666	0.641948	0.917406	0.250000	-0.040746	-0.038773
3.353370	0.623666	0.641948	0.917406	0.250000	-0.040746	-0.038773
3.364099	0.623666	0.641948	0.917406	0.250000	-0.040746	-0.038773
3.374138	0.623666	0.641948	0.917406	0.250000	-0.040746	-0.038773
3.383602	0.623666	0.641948	0.917406	0.250000	-0.040746	-0.038773
3.393837	0.623666	0.641948	0.917406	0.250000	-0.040746	-0.038773
3.404119	0.623666	0.641948	0.917406	0.250000	-0.040746	-0.038773
3.413859	0.623666	0.641948	0.917406	0.250000	-0.040746	-0.038773
3.423462	0.636551	0.660515	0.877087	0.250000	0.229482	-0.024992
3.433845	0.636551	0.660515	0.877087	0.250000	0.229482	-0.024992
3.443538	0.636551	0.660515	0.877087	0.250000	0.229482	-0.024992
3.453457	0.636551	0.660515	0.877087	0.250000	0.229482	-0.024992
3.463672	0.636551	0.660515	0.877087	0.250000	0.229482	-0.024992
3.473548	0.636551	0.660515	0.877087	0.250000	0.229482	-0.024992
3.484192	0.636551	0.660515	0.877087	0.250000	0.229482	-0.024992
3.493560	0.636551	0.660515	0.877087	0.250000	0.229482	-0.024992
3.503774	0.636551	0.660515	0.877087	0.250000	0.229482	-0.024992
3.513394	0.636551	0.660515	0.877087	0.250000	0.229482	-0.024992
3.523544	0.636551	0.660515	0.877087	0.250000	0.229482	-0.024992
3.533487	0.636551	0.660515	0.877087	0.250000	0.229482	-0.024992
3.543630	0.636551	0.660515	0.877087	0.250000	0.229482	-0.024992
3.553497	0.636551	0.660515	0.877087	0.250000	0.229482	-0.024992
3.563492	0.636551	0.660515	0.877087	0.250000	0.229482	-0.024992
3.573528	0.636551	0.660515	0.877087	0.250000	0.229482	-0.024992
3.583503	0.636551	0.660515	0.877087	0.250000	0.229482	-0.024992
3.593477	0.653215	0.680214	0.876169	0.250000	0.477019	-0.011152
3.604225	0.653215	0.680214	0.876169	0.250000	0.477019	-0.011152
3.613420	0.653215	0.680214	0.876169	0.250000	0.477019	-0.011152
3.624013	0.653215	0.680214	0.876169	0.250000	0.477019	-0.011152
3.633513	0.653215	0.680214	0.876169	0.250000	0.477019	-0.011152
3.644349	0.653215	0.680214	0.876169	0.250000	0.477019	-0.011152
3.653507	0.653215	0.680214	0.876169	0.250000	0.477019	-0.011152
3.663411	0.653215	0.680214	0.876169	0.250000	0.477019	-0.011152
3.673468	0.653215	0.680214	0.876169	0.250000	0.477019	-0.011152
3.683506	0.672763	0.702726	0.853357	0.250000	0.756071	0.005160
3.693525	0.672763	0.702726	0.853357	0.250000	0.756071	0.005160
3.703848	0.672763	0.702726	0.853357	0.250000	0.756071	0.005160
3.713871	0.672763	0.702726	0.853357	0.250000	0.756071	0.005160
3.723464	0.672763	0.702726	0.853357	0.250000	0.756071	0.005160
3.733901	0.672763	0.702726	0.853357	0.250000	0.756071	0.005160
3.743697	0.672763	0.702726	0.853357	0.250000	0.756071	0.005160
3.753388	0.672763	0.702726	0.853357	0.250000	0.756071	0.005160
3.764150	0.672763	0.702726	0.853357	0.250000	0.756071	0.005160
3.773916	0.689814	0.714182	0.823293	0.250000	0.976605	0.019581
3.783476	0.689814	0.714182	0.823293	0.250000	0.976605	0.019581
3.794179	0.689814	0.714182	0.823293	0.250000	0.976605	0.019581
3.803813	0.689814	0.714182	0.823293	0.250000	0.976605	0.019581
3.815294	0.689814	0.714182	0.823293	0.250000	0.976605	0.019581
3.823479	0.689814	0.714182	0.823293	0.250000	0.976605	0.019581
3.833520	0.689814	0.714182	0.823293	0.250000	0.976605	0.019581
3.843817	0.689814	0.714182	0.823293	0.250000	0.976605	0.019581
3.854077	0.689814	0.714182	0.823293	0.250000	0.976605	0.019581
3.863996	0.689814	0.714182	0.823293	0.250000	0.976605	0.019581
3.873858	0.705129	0.727403	0.838040	0.250000	1.096500	0.029127
3.883543	0.705129	0.727403	0.838040	0.250000	1.096500	0.029127
3.894237	0.705129	0.727403	0.838040	0.250000	1.096500	0.029127
3.905011	0.705129	0.727403	0.838040	0.250000	1.096500	0.029127
3.914032	0.705129	0.727403	0.838040	0.250000	1.096500	0.029127
3.923534	0.705129	0.727403	0.838040	0.250000	1.096500	0.029127
3.933397	0.705129	0.727403	0.838040	0.250000	1.096500	0.029127
3.944146	0.705129	0.727403	0.838040	0.250000	1.096500	0.029127
3.953838	0.705129	0.727403	0.838040	0.250000	1.096500	0.029127
3.963515	0.718788	0.742292	0.875833	0.250000	1.180167	0.037655
3.974267	0.718788	0.742292	0.875833	0.250000	1.180167	0.037655
3.984095	0.718788	0.742292	0.875833	0.250000	1.180167	0.037655
3.993394	0.718788	0.742292	0.875833	0.250000	1.180167	0.037655
4.003495	0.718788	0.742292	0.875833	0.250000	1.180167	0.037655
4.014283	0.718788	0.742292	0.875833	0.250000	1.180167	0.037655
4.024043	0.733310	0.761492	0.937893	0.250000	1.228244	0.045863
4.033768	0.733310	0.761492	0.937893	0.250000	1.228244	0.045863
4.043551	0.733310	0.761492	0.937893	0.250000	1.228244	0.045863
4.054285	0.733310	0.761492	0.937893	0.250000	1.228244	0.045863
4.065632	0.733310	0.761492	0.937893	0.250000	1.228244	0.045863
4.073417	0.733310	0.761492	0.937893	0.250000	1.228244	0.045863
4.083661	0.733310	0.761492	0.937893	0.250000	1.228244	0.045863
4.094315	0.733310	0.761492	0.937893	0.250000	1.228244	0.045863
4.103434	0.733310	0.761492	0.937893	0.250000	1.228244	0.045863
4.113869	0.733310	0.761492	0.937893	0.250000	1.228244	0.045863
4.123579	0.733310	0.761492	0.937893	0.250000	1.228244	0.045863
4.133331	0.733310	0.761492	0.937893	0.250000	1.228244	0.045863
4.144067	0.733310	0.761492	0.937893	0.250000	1.228244	0.045863
4.154018	0.733310	0.761492	0.937893	0.250000	1.228244	0.045863
4.163570	0.733310	0.761492	0.937893	0.250000	1.228244	0.045863
4.175647	0.733310	0.761492	0.937893	0.250000	1.228244	0.045863
4.183423	0.748011	0.787196	0.994535	0.250000	1.271706	0.055214
4.195543	0.748011	0.787196	0.994535	0.250000	1.271706	0.055214
4.203525	0.748011	0.787196	0.994535	0.250000	1.271706	0.055214
4.213420	0.748011	0.787196	0.994535	0.250000	1.271706	0.055214
4.223481	0.748011	0.787196	0.994535	0.250000	1.271706	0.055214
4.233510	0.748011	0.787196	0.994535	0.250000	1.271706	0.055214
4.243483	0.748011	0.787196	0.994535	0.250000	1.271706	0.055214
4.253381	0.748011	0.787196	0.994535	0.250000	1.271706	0.055214
4.263552	0.755304	0.791481	1.047468	0.250000	1.257284	0.059792
4.273383	0.755304	0.791481	1.047468	0.250000	1.257284	0.059792
4.283640	0.755304	0.791481	1.047468	0.250000	1.257284	0.059792
4.293550	0.755304	0.791481	1.047468	0.250000	1.257284	0.059792
4.303379	0.755304	0.791481	1.047468	0.250000	1.257284	0.059792
4.313404	0.755304	0.791481	1.047468	0.250000	1.257284	0.059792
4.323548	0.755304	0.791481	1.047468	0.250000	1.257284	0.059792
4.337804	0.755304	0.791481	1.047468	0.250000	1.257284	0.059792
4.344221	0.755304	0.791481	1.047468	0.250000	1.257284	0.059792
4.353515	0.755304	0.791481	1.047468	0.250000	1.257284	0.059792
4.364608	0.764496	0.807009	1.101856	0.250000	1.242330	0.065515
4.373460	0.764496	0.807009	1.101856	0.250000	1.242330	0.065515
4.384187	0.764496	0.807009	1.101856	0.250000	1.242330	0.065515
4.393711	0.764496	0.807009	1.101856	0.250000	1.242330	0.065515
4.403609	0.764496	0.807009	1.101856	0.250000	1.242330	0.065515
4.413438	0.764496	0.807009	1.101856	0.250000	1.242330	0.065515
4.423414	0.764496	0.807009	1.101856	0.250000	1.242330	0.065515
4.433458	0.771782	0.819691	1.168254	0.250000	1.200410	0.071566
4.444281	0.771782	0.819691	1.168254	0.250000	1.200410	0.071566
4.453391	0.771782	0.819691	1.168254	0.250000	1.200410	0.071566
4.464271	0.771782	0.819691	1.168254	0.250000	1.200410	0.071566
4.473791	0.771782	0.819691	1.168254	0.250000	1.200410	0.071566
4.483491	0.771782	0.819691	1.168254	0.250000	1.200410	0.071566
4.494414	0.771782	0.819691	1.168254	0.250000	1.200410	0.071566
4.503979	0.771782	0.819691	1.168254	0.250000	1.200410	0.071566
4.513962	0.771782	0.819691	1.168254	0.250000	1.200410	0.071566
4.523679	0.771782	0.819691	1.168254	0.250000	1.200410	0.071566
4.533624	0.771782	0.819691	1.168254	0.250000	1.200410	0.071566
4.543551	0.771782	0.819691	1.168254	0.250000	1.200410	0.071566
4.553572	0.781872	0.848336	1.220339	0.250000	1.140834	0.079810
4.564934	0.781872	0.848336	1.220339	0.250000	1.140834	0.079810
4.574877	0.781872	0.848336	1.220339	0.250000	1.140834	0.079810
4.583538	0.781872	0.848336	1.220339	0.250000	1.140834	0.079810
4.593655	0.781872	0.848336	1.220339	0.250000	1.140834	0.079810
4.604969	0.781872	0.848336	1.220339	0.250000	1.140834	0.079810
4.613498	0.781872	0.848336	1.220339	0.250000	1.140834	0.079810
4.623601	0.781872	0.848336	1.220339	0.250000	1.140834	0.079810
4.633537	0.781872	0.848336	1.220339	0.250000	1.140834	0.079810
4.643567	0.787434	0.865843	1.271569	0.250000	1.029522	0.081872
4.654058	0.787434	0.865843	1.271569	0.250000	1.029522	0.081872
4.664045	0.787434	0.865843	1.271569	0.250000	1.029522	0.081872
4.674160	0.787434	0.865843	1.271569	0.250000	1.029522	0.081872
4.683812	0.787434	0.865843	1.271569	0.250000	1.029522	0.081872
4.694389	0.787434	0.865843	1.271569	0.250000	1.029522	0.081872
4.707860	0.787434	0.865843	1.271569	0.250000	1.029522	0.081872
4.714046	0.787434	0.865843	1.271569	0.250000	1.029522	0.081872
4.723881	0.787434	0.865843	1.271569	0.250000	1.029522	0.081872
4.734552	0.787434	0.865843	1.271569	0.250000	1.029522	0.081872
4.744694	0.787434	0.865843	1.271569	0.250000	1.029522	0.081872
4.753843	0.787434	0.865843	1.271569	0.250000	1.029522	0.081872
4.763606	0.787434	0.865843	1.271569	0.250000	1.029522	0.081872
4.773776	0.787434	0.865843	1.271569	0.250000	1.029522	0.081872
4.784321	0.787434	0.865843	1.271569	0.250000	1.029522	0.081872
4.793619	0.787434	0.865843	1.271569	0.250000	1.029522	0.081872
4.803776	0.793468	0.889374	1.328915	0.250000	0.826624	0.079821
4.816274	0.793468	0.889374	1.328915	0.250000	0.826624	0.079821
4.823979	0.793468	0.889374	1.328915	0.250000	0.826624	0.079821
4.833402	0.793468	0.889374	1.328915	0.250000	0.826624	0.079821
4.844532	0.793468	0.889374	1.328915	0.250000	0.826624	0.079821
4.854260	0.793468	0.889374	1.328915	0.250000	0.826624	0.079821
4.863562	0.793468	0.889374	1.328915	0.250000	0.826624	0.079821
4.873548	0.793468	0.889374	1.328915	0.250000	0.826624	0.079821
4.884258	0.793468	0.889374	1.328915	0.250000	0.826624	0.079821
4.893511	0.793468	0.889374	1.328915	0.250000	0.826624	0.079821
4.903447	0.793468	0.889374	1.328915	0.250000	0.826624	0.079821
4.913893	0.800138	0.920344	1.401884	0.250000	0.457727	0.065981
4.923530	0.800138	0.920344	1.401884	0.250000	0.457727	0.065981
4.933490	0.800138	0.920344	1.401884	0.250000	0.457727	0.065981
4.943636	0.800138	0.920344	1.401884	0.250000	0.457727	0.065981
4.953467	0.800138	0.920344	1.401884	0.250000	0.457727	0.065981
4.963546	0.800138	0.920344	1.401884	0.250000	0.457727	0.065981
4.973473	0.800138	0.920344	1.401884	0.250000	0.457727	0.065981
4.984473	0.800138	0.920344	1.401884	0.250000	0.457727	0.065981
4.993557	0.800138	0.920344	1.401884	0.250000	0.457727	0.065981
5.003458	0.800138	0.920344	1.401884	0.250000	0.457727	0.065981
5.013572	0.800138	0.920344	1.401884	0.250000	0.457727	0.065981
5.023448	0.800138	0.920344	1.401884	0.250000	0.457727	0.065981
5.033416	0.800138	0.920344	1.401884	0.250000	0.457727	0.065981
5.043412	0.800138	0.920344	1.401884	0.250000	0.457727	0.065981
5.053641	0.800138	0.920344	1.401884	0.250000	0.457727	0.065981
5.064409	0.800138	0.920344	1.401884	0.250000	0.457727	0.065981
5.074208	0.800138	0.920344	1.401884	0.250000	0.457727	0.065981
5.084175	0.800138	0.920344	1.401884	0.250000	0.457727	0.065981
5.093732	0.804639	0.957488	1.503111	0.250000	0.007549	0.039200
5.103691	0.804639	0.957488	1.503111	0.250000	0.007549	0.039200
5.114473	0.804639	0.957488	1.503111	0.250000	0.007549	0.039200
5.124074	0.804639	0.957488	1.503111	0.250000	0.007549	0.039200
5.133691	0.804639	0.957488	1.503111	0.250000	0.007549	0.039200
5.143483	0.804639	0.957488	1.503111	0.250000	0.007549	0.039200
5.154219	0.804639	0.957488	1.503111	0.250000	0.007549	0.039200
5.163750	0.804639	0.957488	1.503111	0.250000	0.007549	0.039200
5.173412	0.804639	0.957488	1.503111	0.250000	0.007549	0.039200
5.183588	0.804693	0.985357	1.585345	0.250000	-0.399004	0.015060
5.193565	0.804693	0.985357	1.585345	0.250000	-0.399004	0.015060
5.203469	0.804693	0.985357	1.585345	0.250000	-0.399004	0.015060
5.213437	0.804693	0.985357	1.585345	0.250000	-0.399004	0.015060
5.224638	0.804693	0.985357	1.585345	0.250000	-0.399004	0.015060
5.234393	0.804693	0.985357	1.585345	0.250000	-0.399004	0.015060
5.244329	0.804693	0.985357	1.585345	0.250000	-0.399004	0.015060
5.254005	0.804693	0.985357	1.585345	0.250000	-0.399004	0.015060
5.263672	0.804693	0.985357	1.585345	0.250000	-0.399004	0.015060
5.273382	0.804693	0.985357	1.585345	0.250000	-0.399004	0.015060
5.283999	0.804693	0.985357	1.585345	0.250000	-0.399004	0.015060
5.293803	0.801469	1.007784	1.672070	0.250000	-0.741870	-0.004511
5.306240	0.801469	1.007784	1.672070	0.250000	-0.741870	-0.004511
5.313419	0.801469	1.007784	1.672070	0.250000	-0.741870	-0.004511
5.323591	0.801469	1.007784	1.672070	0.250000	-0.741870	-0.004511
5.333513	0.801469	1.007784	1.672070	0.250000	-0.741870	-0.004511
5.343670	0.801469	1.007784	1.672070	0.250000	-0.741870	-0.004511
5.353413	0.801469	1.007784	1.672070	0.250000	-0.741870	-0.004511
5.364321	0.801469	1.007784	1.672070	0.250000	-0.741870	-0.004511
5.373622	0.801469	1.007784	1.672070	0.250000	-0.741870	-0.004511
5.383489	0.799857	1.024970	1.713355	0.250000	-0.933960	-0.015400
5.396784	0.799857	1.024970	1.713355	0.250000	-0.933960	-0.015400
5.403518	0.799857	1.024970	1.713355	0.250000	-0.933960	-0.015400
5.413881	0.799857	1.024970	1.713355	0.250000	-0.933960	-0.015400
5.423501	0.799857	1.024970	1.713355	0.250000	-0.933960	-0.015400
5.433720	0.799857	1.024970	1.713355	0.250000	-0.933960	-0.015400
5.443511	0.799857	1.024970	1.713355	0.250000	-0.933960	-0.015400
5.453429	0.799857	1.024970	1.713355	0.250000	-0.933960	-0.015400
5.464001	0.798125	1.046849	1.744439	0.250000	-1.128191	-0.027119
5.474482	0.798125	1.046849	1.744439	0.250000	-1.128191	-0.027119
5.484124	0.798125	1.046849	1.744439	0.250000	-1.128191	-0.027119
5.493456	0.798125	1.046849	1.744439	0.250000	-1.128191	-0.027119
5.504449	0.798125	1.046849	1.744439	0.250000	-1.128191	-0.027119
5.513521	0.798125	1.046849	1.744439	0.250000	-1.128191	-0.027119
5.523443	0.798125	1.046849	1.744439	0.250000	-1.128191	-0.027119
5.533694	0.798125	1.046849	1.744439	0.250000	-1.128191	-0.027119
5.543615	0.798125	1.046849	1.744439	0.250000	-1.128191	-0.027119
5.553381	0.798125	1.046849	1.744439	0.250000	-1.128191	-0.027119
5.564157	0.794845	1.061837	1.860246	0.250000	-1.324731	-0.034777
5.573870	0.794845	1.061837	1.860246	0.250000	-1.324731	-0.034777
5.583728	0.794845	1.061837	1.860246	0.250000	-1.324731	-0.034777
5.593464	0.794845	1.061837	1.860246	0.250000	-1.324731	-0.034777
5.604462	0.794845	1.061837	1.860246	0.250000	-1.324731	-0.034777
5.613558	0.794845	1.061837	1.860246	0.250000	-1.324731	-0.034777
5.623475	0.794845	1.061837	1.860246	0.250000	-1.324731	-0.034777
5.633533	0.794845	1.061837	1.860246	0.250000	-1.324731	-0.034777
5.643727	0.794845	1.061837	1.860246	0.250000	-1.324731	-0.034777
5.653759	0.794845	1.061837	1.860246	0.250000	-1.324731	-0.034777
5.665735	0.791791	1.080247	1.943305	0.250000	-1.479605	-0.042033
5.673810	0.791791	1.080247	1.943305	0.250000	-1.479605	-0.042033
5.683464	0.791791	1.080247	1.943305	0.250000	-1.479605	-0.042033
5.693894	0.791791	1.080247	1.943305	0.250000	-1.479605	-0.042033
5.703934	0.791791	1.080247	1.943305	0.250000	-1.479605	-0.042033
5.713525	0.791791	1.080247	1.943305	0.250000	-1.479605	-0.042033
5.723457	0.791791	1.080247	1.943305	0.250000	-1.479605	-0.042033
5.733384	0.791791	1.080247	1.943305	0.250000	-1.479605	-0.042033
5.743802	0.791791	1.080247	1.943305	0.250000	-1.479605	-0.042033
5.753472	0.791791	1.080247	1.943305	0.250000	-1.479605	-0.042033
5.763374	0.791791	1.080247	1.943305	0.250000	-1.479605	-0.042033
5.773494	0.791791	1.080247	1.943305	0.250000	-1.479605	-0.042033
5.783597	0.791791	1.080247	1.943305	0.250000	-1.479605	-0.042033
5.793538	0.791791	1.080247	1.943305	0.250000	-1.479605	-0.042033
5.803498	0.791791	1.080247	1.943305	0.250000	-1.479605	-0.042033
5.816620	0.791791	1.080247	1.943305	0.250000	-1.479605	-0.042033
5.827371	0.791791	1.080247	1.943305	0.250000	-1.479605	-0.042033
5.833735	0.790670	1.101557	1.992934	0.250000	-1.585168	-0.045902
5.844540	0.790670	1.101557	1.992934	0.250000	-1.585168	-0.045902
5.854638	0.790670	1.101557	1.992934	0.250000	-1.585168	-0.045902
5.863466	0.790670	1.101557	1.992934	0.250000	-1.585168	-0.045902
5.873737	0.790670	1.101557	1.992934	0.250000	-1.585168	-0.045902
5.883703	0.790670	1.101557	1.992934	0.250000	-1.585168	-0.045902
5.893613	0.790670	1.101557	1.992934	0.250000	-1.585168	-0.045902
5.903493	0.790670	1.101557	1.992934	0.250000	-1.585168	-0.045902
5.913542	0.790670	1.101557	1.992934	0.250000	-1.585168	-0.045902
5.923616	0.790670	1.101557	1.992934	0.250000	-1.585168	-0.045902
5.933530	0.790670	1.101557	1.992934	0.250000	-1.585168	-0.045902
5.943826	0.790670	1.101557	1.992934	0.250000	-1.585168	-0.045902
5.953730	0.790670	1.101557	1.992934	0.250000	-1.585168	-0.045902
5.963598	0.792586	1.128019	1.864497	0.250000	-1.613848	-0.056870
5.973437	0.792586	1.128019	1.864497	0.250000	-1.613848	-0.056870
5.984221	0.792586	1.128019	1.864497	0.250000	-1.613848	-0.056870
5.993955	0.792586	1.128019	1.864497	0.250000	-1.613848	-0.056870
6.006307	0.792586	1.128019	1.864497	0.250000	-1.613848	-0.056870
6.013935	0.792586	1.128019	1.864497	0.250000	-1.613848	-0.056870
6.023556	0.792586	1.128019	1.864497	0.250000	-1.613848	-0.056870
6.033591	0.792586	1.128019	1.864497	0.250000	-1.613848	-0.056870
6.044004	0.792586	1.128019	1.864497	0.250000	-1.613848	-0.056870
6.053758	0.792586	1.128019	1.864497	0.250000	-1.613848	-0.056870
6.063472	0.792586	1.128019	1.864497	0.250000	-1.613848	-0.056870
6.074192	0.798278	1.166198	1.672003	0.250000	-1.576897	-0.068706
6.084855	0.798278	1.166198	1.672003	0.250000	-1.576897	-0.068706
6.095346	0.798278	1.166198	1.672003	0.250000	-1.576897	-0.068706
6.103481	0.798278	1.166198	1.672003	0.250000	-1.576897	-0.068706
6.113505	0.798278	1.166198	1.672003	0.250000	-1.576897	-0.068706
6.123469	0.798278	1.166198	1.672003	0.250000	-1.576897	-0.068706
6.133425	0.798278	1.166198	1.672003	0.250000	-1.576897	-0.068706
6.143937	0.798278	1.166198	1.672003	0.250000	-1.576897	-0.068706
6.153570	0.798278	1.166198	1.672003	0.250000	-1.576897	-0.068706
6.163485	0.803716	1.193557	1.492484	0.250000	-1.515830	-0.080299
6.173402	0.803716	1.193557	1.492484	0.250000	-1.515830	-0.080299
6.183532	0.803716	1.193557	1.492484	0.250000	-1.515830	-0.080299
6.193542	0.803716	1.193557	1.492484	0.250000	-1.515830	-0.080299
6.203368	0.803716	1.193557	1.492484	0.250000	-1.515830	-0.080299
6.213408	0.803716	1.193557	1.492484	0.250000	-1.515830	-0.080299
6.224329	0.803716	1.193557	1.492484	0.250000	-1.515830	-0.080299
6.233410	0.803716	1.193557	1.492484	0.250000	-1.515830	-0.080299
6.243374	0.810419	1.219941	1.358271	0.250000	-1.458005	-0.089393
6.253857	0.810419	1.219941	1.358271	0.250000	-1.458005	-0.089393
6.264513	0.810419	1.219941	1.358271	0.250000	-1.458005	-0.089393
6.274376	0.810419	1.219941	1.358271	0.250000	-1.458005	-0.089393
6.284028	0.810419	1.219941	1.358271	0.250000	-1.458005	-0.089393
6.293764	0.810419	1.219941	1.358271	0.250000	-1.458005	-0.089393
6.303700	0.810419	1.219941	1.358271	0.250000	-1.458005	-0.089393
6.313375	0.810419	1.219941	1.358271	0.250000	-1.458005	-0.089393
6.323479	0.814708	1.233421	1.305400	0.250000	-1.428577	-0.092582
6.333497	0.814708	1.233421	1.305400	0.250000	-1.428577	-0.092582
6.343479	0.814708	1.233421	1.305400	0.250000	-1.428577	-0.092582
6.353835	0.814708	1.233421	1.305400	0.250000	-1.428577	-0.092582
6.364687	0.814708	1.233421	1.305400	0.250000	-1.428577	-0.092582
6.373757	0.814708	1.233421	1.305400	0.250000	-1.428577	-0.092582
6.383393	0.814708	1.233421	1.305400	0.250000	-1.428577	-0.092582
6.393689	0.814708	1.233421	1.305400	0.250000	-1.428577	-0.092582
6.404116	0.814708	1.233421	1.305400	0.250000	-1.428577	-0.092582
6.413418	0.822149	1.255946	1.266128	0.250000	-1.439059	-0.101381
6.423382	0.822149	1.255946	1.266128	0.250000	-1.439059	-0.101381
6.433748	0.822149	1.255946	1.266128	0.250000	-1.439059	-0.101381
6.443746	0.822149	1.255946	1.266128	0.250000	-1.439059	-0.101381
6.453478	0.822149	1.255946	1.266128	0.250000	-1.439059	-0.101381
6.467947	0.822149	1.255946	1.266128	0.250000	-1.439059	-0.101381
6.473973	0.822149	1.255946	1.266128	0.250000	-1.439059	-0.101381
6.483721	0.829349	1.272511	1.228101	0.250000	-1.423625	-0.106348
6.493605	0.829349	1.272511	1.228101	0.250000	-1.423625	-0.106348
6.505406	0.829349	1.272511	1.228101	0.250000	-1.423625	-0.106348
6.513721	0.829349	1.272511	1.228101	0.250000	-1.423625	-0.106348
6.523668	0.829349	1.272511	1.228101	0.250000	-1.423625	-0.106348
6.533642	0.829349	1.272511	1.228101	0.250000	-1.423625	-0.106348
6.543437	0.829349	1.272511	1.228101	0.250000	-1.423625	-0.106348
6.554035	0.829349	1.272511	1.228101	0.250000	-1.423625	-0.106348
6.563550	0.829349	1.272511	1.228101	0.250000	-1.423625	-0.106348
6.574568	0.829349	1.272511	1.228101	0.250000	-1.423625	-0.106348
6.583510	0.829349	1.272511	1.228101	0.250000	-1.423625	-0.106348
6.593482	0.829349	1.272511	1.228101	0.250000	-1.423625	-0.106348
6.603762	0.829349	1.272511	1.228101	0.250000	-1.423625	-0.106348
6.615035	0.829349	1.272511	1.228101	0.250000	-1.423625	-0.106348
6.625359	0.829349	1.272511	1.228101	0.250000	-1.423625	-0.106348
6.633479	0.829349	1.272511	1.228101	0.250000	-1.423625	-0.106348
6.643570	0.829349	1.272511	1.228101	0.250000	-1.423625	-0.106348
6.653420	0.829349	1.272511	1.228101	0.250000	-1.423625	-0.106348
6.688737	0.841806	1.299788	1.173670	0.250000	-1.423625	-0.106348
6.690134	0.841806	1.299788	1.173670	0.250000	-1.400743	-0.117063
6.703385	0.841806	1.299788	1.173670	0.250000	-1.400743	-0.117063
6.704211	0.841806	1.299788	1.173670	0.250000	-1.400743	-0.117063
6.705096	0.841806	1.299788	1.173670	0.250000	-1.400743	-0.117063
6.713551	0.841806	1.299788	1.173670	0.250000	-1.400743	-0.117063
6.723606	0.841806	1.299788	1.173670	0.250000	-1.400743	-0.117063
6.733419	0.841806	1.299788	1.173670	0.250000	-1.400743	-0.117063
6.745222	0.841806	1.299788	1.173670	0.250000	-1.400743	-0.117063
6.753901	0.841806	1.299788	1.173670	0.250000	-1.400743	-0.117063
6.763698	0.841806	1.299788	1.173670	0.250000	-1.400743	-0.117063
6.773924	0.841806	1.299788	1.173670	0.250000	-1.400743	-0.117063
6.784147	0.841806	1.299788	1.173670	0.250000	-1.400743	-0.117063
6.793959	0.841806	1.299788	1.173670	0.250000	-1.400743	-0.117063
6.805700	0.841806	1.299788	1.173670	0.250000	-1.400743	-0.117063
6.828168	0.841806	1.299788	1.173670	0.250000	-1.400743	-0.117063
6.829604	0.841806	1.299788	1.173670	0.250000	-1.400743	-0.117063
6.834282	0.841806	1.299788	1.173670	0.250000	-1.400743	-0.117063
6.845935	0.841806	1.299788	1.173670	0.250000	-1.400743	-0.117063
6.854007	0.854088	1.321021	1.101185	0.250000	-1.313641	-0.120367
6.863767	0.854088	1.321021	1.101185	0.250000	-1.313641	-0.120367
6.873569	0.854088	1.321021	1.101185	0.250000	-1.313641	-0.120367
6.884124	0.854088	1.321021	1.101185	0.250000	-1.313641	-0.120367
6.893866	0.854088	1.321021	1.101185	0.250000	-1.313641	-0.120367
6.903571	0.854088	1.321021	1.101185	0.250000	-1.313641	-0.120367
6.915287	0.854088	1.321021	1.101185	0.250000	-1.313641	-0.120367
6.924095	0.854088	1.321021	1.101185	0.250000	-1.313641	-0.120367
6.933899	0.854088	1.321021	1.101185	0.250000	-1.313641	-0.120367
6.943715	0.854088	1.321021	1.101185	0.250000	-1.313641	-0.120367
6.954731	0.854088	1.321021	1.101185	0.250000	-1.313641	-0.120367
6.965220	0.854088	1.321021	1.101185	0.250000	-1.313641	-0.120367
6.973842	0.854088	1.321021	1.101185	0.250000	-1.313641	-0.120367
6.984465	0.854088	1.321021	1.101185	0.250000	-1.313641	-0.120367
6.994362	0.869927	1.342383	1.021219	0.250000	-1.175161	-0.118345
7.003472	0.869927	1.342383	1.021219	0.250000	-1.175161	-0.118345
7.013938	0.869927	1.342383	1.021219	0.250000	-1.175161	-0.118345
7.023624	0.869927	1.342383	1.021219	0.250000	-1.175161	-0.118345
7.033530	0.869927	1.342383	1.021219	0.250000	-1.175161	-0.118345
7.043818	0.869927	1.342383	1.021219	0.250000	-1.175161	-0.118345
7.053566	0.869927	1.342383	1.021219	0.250000	-1.175161	-0.118345
7.063776	0.869927	1.342383	1.021219	0.250000	-1.175161	-0.118345
7.073486	0.869927	1.342383	1.021219	0.250000	-1.175161	-0.118345
7.083663	0.887147	1.360434	0.943155	0.250000	-0.987197	-0.109477
7.094117	0.887147	1.360434	0.943155	0.250000	-0.987197	-0.109477
7.103817	0.887147	1.360434	0.943155	0.250000	-0.987197	-0.109477
7.113591	0.887147	1.360434	0.943155	0.250000	-0.987197	-0.109477
7.123542	0.887147	1.360434	0.943155	0.250000	-0.987197	-0.109477
7.133450	0.887147	1.360434	0.943155	0.250000	-0.987197	-0.109477
7.143514	0.887147	1.360434	0.943155	0.250000	-0.987197	-0.109477
7.154711	0.887147	1.360434	0.943155	0.250000	-0.987197	-0.109477
7.164003	0.887147	1.360434	0.943155	0.250000	-0.987197	-0.109477
7.173412	0.887147	1.360434	0.943155	0.250000	-0.987197	-0.109477
7.183438	0.900302	1.364539	0.885597	0.250000	-0.815831	-0.094147
7.194252	0.900302	1.364539	0.885597	0.250000	-0.815831	-0.094147
7.203948	0.900302	1.364539	0.885597	0.250000	-0.815831	-0.094147
7.213423	0.900302	1.364539	0.885597	0.250000	-0.815831	-0.094147
7.224136	0.900302	1.364539	0.885597	0.250000	-0.815831	-0.094147
7.235675	0.900302	1.364539	0.885597	0.250000	-0.815831	-0.094147
7.243445	0.900302	1.364539	0.885597	0.250000	-0.815831	-0.094147
7.254462	0.900302	1.364539	0.885597	0.250000	-0.815831	-0.094147
7.263505	0.900302	1.364539	0.885597	0.250000	-0.815831	-0.094147
7.274230	0.916988	1.387391	0.831645	0.250000	-0.636902	-0.085067
7.283990	0.916988	1.387391	0.831645	0.250000	-0.636902	-0.085067
7.293700	0.916988	1.387391	0.831645	0.250000	-0.636902	-0.085067
7.303680	0.916988	1.387391	0.831645	0.250000	-0.636902	-0.085067
7.313620	0.916988	1.387391	0.831645	0.250000	-0.636902	-0.085067
7.323452	0.916988	1.387391	0.831645	0.250000	-0.636902	-0.085067
7.335625	0.916988	1.387391	0.831645	0.250000	-0.636902	-0.085067
7.343539	0.916988	1.387391	0.831645	0.250000	-0.636902	-0.085067
7.353479	0.916988	1.387391	0.831645	0.250000	-0.636902	-0.085067
7.363729	0.916988	1.387391	0.831645	0.250000	-0.636902	-0.085067
7.373734	0.916988	1.387391	0.831645	0.250000	-0.636902	-0.085067
7.383545	0.916988	1.387391	0.831645	0.250000	-0.636902	-0.085067
7.393873	0.916988	1.387391	0.831645	0.250000	-0.636902	-0.085067
7.403633	0.916988	1.387391	0.831645	0.250000	-0.636902	-0.085067
7.413485	0.916988	1.387391	0.831645	0.250000	-0.636902	-0.085067
7.423562	0.916988	1.387391	0.831645	0.250000	-0.636902	-0.085067
7.433693	0.933668	1.400725	0.762321	0.250000	-0.422478	-0.067476
7.444065	0.933668	1.400725	0.762321	0.250000	-0.422478	-0.067476
7.453814	0.933668	1.400725	0.762321	0.250000	-0.422478	-0.067476
7.463691	0.933668	1.400725	0.762321	0.250000	-0.422478	-0.067476
7.474315	0.933668	1.400725	0.762321	0.250000	-0.422478	-0.067476
7.484315	0.933668	1.400725	0.762321	0.250000	-0.422478	-0.067476
7.493425	0.933668	1.400725	0.762321	0.250000	-0.422478	-0.067476
7.503797	0.933668	1.400725	0.762321	0.250000	-0.422478	-0.067476
7.513433	0.933668	1.400725	0.762321	0.250000	-0.422478	-0.067476
7.523498	0.933668	1.400725	0.762321	0.250000	-0.422478	-0.067476
7.533545	0.933668	1.400725	0.762321	0.250000	-0.422478	-0.067476
7.543520	0.933668	1.400725	0.762321	0.250000	-0.422478	-0.067476
7.554087	0.956026	1.426667	0.681863	0.250000	-0.178439	-0.050452
7.564239	0.956026	1.426667	0.681863	0.250000	-0.178439	-0.050452
7.573863	0.956026	1.426667	0.681863	0.250000	-0.178439	-0.050452
7.583477	0.956026	1.426667	0.681863	0.250000	-0.178439	-0.050452
7.594718	0.956026	1.426667	0.681863	0.250000	-0.178439	-0.050452
7.604059	0.956026	1.426667	0.681863	0.250000	-0.178439	-0.050452
7.613496	0.956026	1.426667	0.681863	0.250000	-0.178439	-0.050452
7.623440	0.976130	1.438927	0.597137	0.250000	0.132429	-0.028205
7.635502	0.976130	1.438927	0.597137	0.250000	0.132429	-0.028205
7.644156	0.976130	1.438927	0.597137	0.250000	0.132429	-0.028205
7.653823	0.976130	1.438927	0.597137	0.250000	0.132429	-0.028205
7.663547	0.976130	1.438927	0.597137	0.250000	0.132429	-0.028205
7.674425	0.976130	1.438927	0.597137	0.250000	0.132429	-0.028205
7.683536	0.976130	1.438927	0.597137	0.250000	0.132429	-0.028205
7.693877	0.976130	1.438927	0.597137	0.250000	0.132429	-0.028205
7.704394	0.976130	1.438927	0.597137	0.250000	0.132429	-0.028205
7.713504	0.976130	1.438927	0.597137	0.250000	0.132429	-0.028205
7.723422	0.976130	1.438927	0.597137	0.250000	0.132429	-0.028205
7.733982	0.976130	1.438927	0.597137	0.250000	0.132429	-0.028205
7.743719	0.976130	1.438927	0.597137	0.250000	0.132429	-0.028205
7.753505	0.976130	1.438927	0.597137	0.250000	0.132429	-0.028205
7.763442	0.976130	1.438927	0.597137	0.250000	0.132429	-0.028205
7.773892	0.976130	1.438927	0.597137	0.250000	0.132429	-0.028205
7.783800	0.976130	1.438927	0.597137	0.250000	0.132429	-0.028205
7.794176	0.976130	1.438927	0.597137	0.250000	0.132429	-0.028205
7.803792	0.976130	1.438927	0.597137	0.250000	0.132429	-0.028205
7.813879	0.976130	1.438927	0.597137	0.250000	0.132429	-0.028205
7.823483	0.976130	1.438927	0.597137	0.250000	0.132429	-0.028205
7.834215	0.998818	1.448327	0.516049	0.250000	0.472943	-0.005815
7.844181	0.998818	1.448327	0.516049	0.250000	0.472943	-0.005815
7.853816	0.998818	1.448327	0.516049	0.250000	0.472943	-0.005815
7.863605	0.998818	1.448327	0.516049	0.250000	0.472943	-0.005815
7.874012	0.998818	1.448327	0.516049	0.250000	0.472943	-0.005815
7.883951	0.998818	1.448327	0.516049	0.250000	0.472943	-0.005815
7.893697	0.998818	1.448327	0.516049	0.250000	0.472943	-0.005815
7.903459	0.998818	1.448327	0.516049	0.250000	0.472943	-0.005815
7.916171	0.998818	1.448327	0.516049	0.250000	0.472943	-0.005815
7.923724	0.998818	1.448327	0.516049	0.250000	0.472943	-0.005815
7.934338	1.025379	1.458672	0.267363	0.250000	1.093688	0.025997
7.944647	1.025379	1.458672	0.267363	0.250000	1.093688	0.025997
7.954283	1.025379	1.458672	0.267363	0.250000	1.093688	0.025997
7.963573	1.025379	1.458672	0.267363	0.250000	1.093688	0.025997
7.973414	1.025379	1.458672	0.267363	0.250000	1.093688	0.025997
7.983828	1.025379	1.458672	0.267363	0.250000	1.093688	0.025997
7.995767	1.025379	1.458672	0.267363	0.250000	1.093688	0.025997
8.003612	1.025379	1.458672	0.267363	0.250000	1.093688	0.025997
8.013454	1.025379	1.458672	0.267363	0.250000	1.093688	0.025997
8.024121	1.025379	1.458672	0.267363	0.250000	1.093688	0.025997
8.033493	1.048572	1.456035	0.223053	0.250000	1.302161	0.041938
8.043529	1.048572	1.456035	0.223053	0.250000	1.302161	0.041938
8.054511	1.048572	1.456035	0.223053	0.250000	1.302161	0.041938
8.064074	1.048572	1.456035	0.223053	0.250000	1.302161	0.041938
8.073966	1.048572	1.456035	0.223053	0.250000	1.302161	0.041938
8.084967	1.048572	1.456035	0.223053	0.250000	1.302161	0.041938
8.094424	1.048572	1.456035	0.223053	0.250000	1.302161	0.041938
8.104114	1.048572	1.456035	0.223053	0.250000	1.302161	0.041938
8.114083	1.048572	1.456035	0.223053	0.250000	1.302161	0.041938
8.126628	1.048572	1.456035	0.223053	0.250000	1.302161	0.041938
8.133340	1.048572	1.456035	0.223053	0.250000	1.302161	0.041938
8.143470	1.048572	1.456035	0.223053	0.250000	1.302161	0.041938
8.154207	1.048572	1.456035	0.223053	0.250000	1.302161	0.041938
8.163701	1.048572	1.456035	0.223053	0.250000	1.302161	0.041938
8.173420	1.048572	1.456035	0.223053	0.250000	1.302161	0.041938
8.183607	1.077161	1.471081	0.263854	0.250000	1.374249	0.055143
8.193956	1.077161	1.471081	0.263854	0.250000	1.374249	0.055143
8.203441	1.077161	1.471081	0.263854	0.250000	1.374249	0.055143
8.213498	1.077161	1.471081	0.263854	0.250000	1.374249	0.055143
8.223585	1.077161	1.471081	0.263854	0.250000	1.374249	0.055143
8.233936	1.077161	1.471081	0.263854	0.250000	1.374249	0.055143
8.243769	1.077161	1.471081	0.263854	0.250000	1.374249	0.055143
8.253582	1.077161	1.471081	0.263854	0.250000	1.374249	0.055143
8.264157	1.077161	1.471081	0.263854	0.250000	1.374249	0.055143
8.274105	1.102199	1.486983	0.504009	0.250000	0.966413	0.037276
