t	x(t)	y(t)	theta(t)	v(t)	gamma(t)	efa
0.009445	0.477094	0.266347	0.134883	0.250000	0.802839	0.014808
0.009879	0.477094	0.266347	0.134883	0.250000	0.802839	0.014808
0.020575	0.477094	0.266347	0.134883	0.250000	0.802839	0.014808
0.030280	0.477094	0.266347	0.134883	0.250000	0.802839	0.014808
0.042887	0.477094	0.266347	0.134883	0.250000	0.802839	0.014808
0.049993	0.477094	0.266347	0.134883	0.250000	0.802839	0.014808
0.060325	0.477094	0.266347	0.134883	0.250000	0.802839	0.014808
0.070350	0.477094	0.266347	0.134883	0.250000	0.802839	0.014808
0.080572	0.477094	0.266347	0.134883	0.250000	0.802839	0.014808
0.089945	0.477094	0.266347	0.134883	0.250000	0.802839	0.014808
0.099988	0.477094	0.266347	0.134883	0.250000	0.802839	0.014808
0.110750	0.477094	0.266347	0.134883	0.250000	0.802839	0.014808
0.120028	0.477094	0.266347	0.134883	0.250000	0.802839	0.014808
0.129905	0.477094	0.266347	0.134883	0.250000	0.802839	0.014808
0.140630	0.477094	0.266347	0.134883	0.250000	0.802839	0.014808
0.150333	0.477094	0.266347	0.134883	0.250000	0.802839	0.014808
0.160094	0.477094	0.266347	0.134883	0.250000	0.802839	0.014808
0.170832	0.477094	0.266347	0.134883	0.250000	0.802839	0.014808
0.180723	0.477094	0.266347	0.134883	0.250000	0.802839	0.014808
0.190475	0.477094	0.266347	0.134883	0.250000	0.802839	0.014808
0.200089	0.477094	0.266347	0.134883	0.250000	0.802839	0.014808
0.209928	0.477094	0.266347	0.134883	0.250000	0.802839	0.014808
0.219945	0.477094	0.266347	0.134883	0.250000	0.802839	0.014808
0.229944	0.477094	0.266347	0.134883	0.250000	0.802839	0.014808
0.239987	0.477094	0.266347	0.134883	0.250000	0.802839	0.014808
0.249918	0.481370	0.267228	0.143018	0.250000	0.823238	0.015841
0.260648	0.481370	0.267228	0.143018	0.250000	0.823238	0.015841
0.270390	0.481370	0.267228	0.143018	0.250000	0.823238	0.015841
0.280547	0.481370	0.267228	0.143018	0.250000	0.823238	0.015841
0.289920	0.481370	0.267228	0.143018	0.250000	0.823238	0.015841
0.300659	0.487436	0.268893	0.159094	0.250000	0.819093	0.015462
0.310427	0.487436	0.268893	0.159094	0.250000	0.819093	0.015462
0.320165	0.487436	0.268893	0.159094	0.250000	0.819093	0.015462
0.330586	0.498370	0.271793	0.185646	0.250000	0.873992	0.018403
0.340640	0.498370	0.271793	0.185646	0.250000	0.873992	0.018403
0.350425	0.498370	0.271793	0.185646	0.250000	0.873992	0.018403
0.359987	0.498370	0.271793	0.185646	0.250000	0.873992	0.018403
0.369955	0.498370	0.271793	0.185646	0.250000	0.873992	0.018403
0.380426	0.498370	0.271793	0.185646	0.250000	0.873992	0.018403
0.390450	0.498370	0.271793	0.185646	0.250000	0.873992	0.018403
0.400204	0.498370	0.271793	0.185646	0.250000	0.873992	0.018403
0.409952	0.498370	0.271793	0.185646	0.250000	0.873992	0.018403
0.420670	0.509559	0.275099	0.221403	0.250000	0.906725	0.020429
0.430452	0.509559	0.275099	0.221403	0.250000	0.906725	0.020429
0.440172	0.509559	0.275099	0.221403	0.250000	0.906725	0.020429
0.449953	0.521373	0.277868	0.249483	0.250000	0.968660	0.024610
0.459909	0.521373	0.277868	0.249483	0.250000	0.968660	0.024610
0.470037	0.521373	0.277868	0.249483	0.250000	0.968660	0.024610
0.480856	0.521373	0.277868	0.249483	0.250000	0.968660	0.024610
0.489956	0.533597	0.280761	0.283063	0.250000	1.020756	0.028705
0.499968	0.533597	0.280761	0.283063	0.250000	1.020756	0.028705
0.509950	0.533597	0.280761	0.283063	0.250000	1.020756	0.028705
0.520202	0.533597	0.280761	0.283063	0.250000	1.020756	0.028705
0.530112	0.542771	0.283760	0.310955	0.250000	1.037443	0.030427
0.540757	0.542771	0.283760	0.310955	0.250000	1.037443	0.030427
0.550507	0.542771	0.283760	0.310955	0.250000	1.037443	0.030427
0.561483	0.542771	0.283760	0.310955	0.250000	1.037443	0.030427
0.569956	0.542771	0.283760	0.310955	0.250000	1.037443	0.030427
0.580127	0.551929	0.287473	0.339439	0.250000	1.048140	0.031747
0.589873	0.551929	0.287473	0.339439	0.250000	1.048140	0.031747
0.600304	0.551929	0.287473	0.339439	0.250000	1.048140	0.031747
0.610029	0.551929	0.287473	0.339439	0.250000	1.048140	0.031747
0.620816	0.551929	0.287473	0.339439	0.250000	1.048140	0.031747
0.630503	0.551929	0.287473	0.339439	0.250000	1.048140	0.031747
0.640033	0.561202	0.291102	0.372082	0.250000	1.053847	0.033088
0.649970	0.561202	0.291102	0.372082	0.250000	1.053847	0.033088
0.659907	0.561202	0.291102	0.372082	0.250000	1.053847	0.033088
0.670024	0.561202	0.291102	0.372082	0.250000	1.053847	0.033088
0.681514	0.561202	0.291102	0.372082	0.250000	1.053847	0.033088
0.690025	0.571185	0.294583	0.397022	0.250000	1.119269	0.038565
0.700771	0.571185	0.294583	0.397022	0.250000	1.119269	0.038565
0.710553	0.571185	0.294583	0.397022	0.250000	1.119269	0.038565
0.720324	0.571185	0.294583	0.397022	0.250000	1.119269	0.038565
0.730008	0.571185	0.294583	0.397022	0.250000	1.119269	0.038565
0.740806	0.571185	0.294583	0.397022	0.250000	1.119269	0.038565
0.749898	0.571185	0.294583	0.397022	0.250000	1.119269	0.038565
0.760479	0.582594	0.300099	0.428409	0.250000	1.123266	0.039909
0.770192	0.582594	0.300099	0.428409	0.250000	1.123266	0.039909
0.780557	0.582594	0.300099	0.428409	0.250000	1.123266	0.039909
0.789888	0.582594	0.300099	0.428409	0.250000	1.123266	0.039909
0.800710	0.593055	0.306550	0.453220	0.250000	1.166559	0.043701
0.811116	0.593055	0.306550	0.453220	0.250000	1.166559	0.043701
0.819849	0.593055	0.306550	0.453220	0.250000	1.166559	0.043701
0.829946	0.593055	0.306550	0.453220	0.250000	1.166559	0.043701
0.839934	0.603364	0.312986	0.491238	0.250000	1.185573	0.046549
0.849985	0.603364	0.312986	0.491238	0.250000	1.185573	0.046549
0.859839	0.603364	0.312986	0.491238	0.250000	1.185573	0.046549
0.869938	0.611929	0.318473	0.523204	0.250000	1.185984	0.047841
0.880570	0.611929	0.318473	0.523204	0.250000	1.185984	0.047841
0.890279	0.611929	0.318473	0.523204	0.250000	1.185984	0.047841
0.899964	0.611929	0.318473	0.523204	0.250000	1.185984	0.047841
0.910685	0.617364	0.322989	0.544712	0.250000	1.201682	0.049663
0.920460	0.617364	0.322989	0.544712	0.250000	1.201682	0.049663
0.930168	0.617364	0.322989	0.544712	0.250000	1.201682	0.049663
0.939908	0.617364	0.322989	0.544712	0.250000	1.201682	0.049663
0.950010	0.617364	0.322989	0.544712	0.250000	1.201682	0.049663
0.960494	0.617364	0.322989	0.544712	0.250000	1.201682	0.049663
0.970221	0.617364	0.322989	0.544712	0.250000	1.201682	0.049663
0.980433	0.617364	0.322989	0.544712	0.250000	1.201682	0.049663
0.990054	0.617364	0.322989	0.544712	0.250000	1.201682	0.049663
1.000448	0.617364	0.322989	0.544712	0.250000	1.201682	0.049663
1.010262	0.617364	0.322989	0.544712	0.250000	1.201682	0.049663
1.019965	0.627152	0.329303	0.578445	0.250000	1.235647	0.053782
1.029953	0.627152	0.329303	0.578445	0.250000	1.235647	0.053782
1.039971	0.627152	0.329303	0.578445	0.250000	1.235647	0.053782
1.050319	0.627152	0.329303	0.578445	0.250000	1.235647	0.053782
1.059949	0.636922	0.335884	0.616166	0.250000	1.231519	0.055181
1.070758	0.636922	0.335884	0.616166	0.250000	1.231519	0.055181
1.080788	0.636922	0.335884	0.616166	0.250000	1.231519	0.055181
1.089982	0.636922	0.335884	0.616166	0.250000	1.231519	0.055181
1.099964	0.636922	0.335884	0.616166	0.250000	1.231519	0.055181
1.110160	0.636922	0.335884	0.616166	0.250000	1.231519	0.055181
1.120508	0.636922	0.335884	0.616166	0.250000	1.231519	0.055181
1.130251	0.636922	0.335884	0.616166	0.250000	1.231519	0.055181
1.140043	0.636922	0.335884	0.616166	0.250000	1.231519	0.055181
1.149969	0.647685	0.344405	0.662260	0.250000	1.240088	0.057739
1.160176	0.647685	0.344405	0.662260	0.250000	1.240088	0.057739
1.170344	0.647685	0.344405	0.662260	0.250000	1.240088	0.057739
1.180403	0.647685	0.344405	0.662260	0.250000	1.240088	0.057739
1.189938	0.655805	0.353396	0.686327	0.250000	1.275396	0.060820
1.200553	0.655805	0.353396	0.686327	0.250000	1.275396	0.060820
1.210303	0.655805	0.353396	0.686327	0.250000	1.275396	0.060820
1.220036	0.655805	0.353396	0.686327	0.250000	1.275396	0.060820
1.230990	0.666292	0.363037	0.737315	0.250000	1.276715	0.062902
1.239990	0.666292	0.363037	0.737315	0.250000	1.276715	0.062902
1.250459	0.666292	0.363037	0.737315	0.250000	1.276715	0.062902
1.260084	0.666292	0.363037	0.737315	0.250000	1.276715	0.062902
1.269972	0.666292	0.363037	0.737315	0.250000	1.276715	0.062902
1.283690	0.675446	0.371130	0.780517	0.250000	1.297894	0.066457
1.290334	0.675446	0.371130	0.780517	0.250000	1.297894	0.066457
1.300092	0.675446	0.371130	0.780517	0.250000	1.297894	0.066457
1.310049	0.675446	0.371130	0.780517	0.250000	1.297894	0.066457
1.320735	0.675446	0.371130	0.780517	0.250000	1.297894	0.066457
1.330425	0.675446	0.371130	0.780517	0.250000	1.297894	0.066457
1.340110	0.675446	0.371130	0.780517	0.250000	1.297894	0.066457
1.349893	0.675446	0.371130	0.780517	0.250000	1.297894	0.066457
1.359884	0.675446	0.371130	0.780517	0.250000	1.297894	0.066457
1.369970	0.682520	0.379348	0.822919	0.250000	1.282627	0.066594
1.380540	0.682520	0.379348	0.822919	0.250000	1.282627	0.066594
1.390024	0.682520	0.379348	0.822919	0.250000	1.282627	0.066594
1.399947	0.682520	0.379348	0.822919	0.250000	1.282627	0.066594
1.409995	0.690423	0.388392	0.861503	0.250000	1.307880	0.069803
1.420162	0.690423	0.388392	0.861503	0.250000	1.307880	0.069803
1.430006	0.690423	0.388392	0.861503	0.250000	1.307880	0.069803
1.439932	0.690423	0.388392	0.861503	0.250000	1.307880	0.069803
1.450453	0.690423	0.388392	0.861503	0.250000	1.307880	0.069803
1.460008	0.698313	0.397786	0.900734	0.250000	1.300088	0.070900
1.469973	0.698313	0.397786	0.900734	0.250000	1.300088	0.070900
1.481882	0.698313	0.397786	0.900734	0.250000	1.300088	0.070900
1.490453	0.705088	0.405147	0.939095	0.250000	1.308003	0.074939
1.500190	0.705088	0.405147	0.939095	0.250000	1.308003	0.074939
1.509941	0.705088	0.405147	0.939095	0.250000	1.308003	0.074939
1.519888	0.705088	0.405147	0.939095	0.250000	1.308003	0.074939
1.530365	0.705088	0.405147	0.939095	0.250000	1.308003	0.074939
1.540122	0.708481	0.412866	0.958191	0.250000	1.294851	0.075665
1.550042	0.708481	0.412866	0.958191	0.250000	1.294851	0.075665
1.561267	0.708481	0.412866	0.958191	0.250000	1.294851	0.075665
1.570077	0.708481	0.412866	0.958191	0.250000	1.294851	0.075665
1.580563	0.708481	0.412866	0.958191	0.250000	1.294851	0.075665
1.589930	0.708481	0.412866	0.958191	0.250000	1.294851	0.075665
1.600683	0.713700	0.422528	0.989702	0.250000	1.262087	0.079478
1.610986	0.713700	0.422528	0.989702	0.250000	1.262087	0.079478
1.620228	0.713700	0.422528	0.989702	0.250000	1.262087	0.079478
1.629987	0.713700	0.422528	0.989702	0.250000	1.262087	0.079478
1.639894	0.713700	0.422528	0.989702	0.250000	1.262087	0.079478
1.650621	0.713700	0.422528	0.989702	0.250000	1.262087	0.079478
1.660239	0.713700	0.422528	0.989702	0.250000	1.262087	0.079478
1.670019	0.713700	0.422528	0.989702	0.250000	1.262087	0.079478
1.680176	0.713700	0.422528	0.989702	0.250000	1.262087	0.079478
1.690587	0.720128	0.434820	1.024358	0.250000	1.127380	0.085777
1.700243	0.720128	0.434820	1.024358	0.250000	1.127380	0.085777
1.710040	0.720128	0.434820	1.024358	0.250000	1.127380	0.085777
1.720678	0.720128	0.434820	1.024358	0.250000	1.127380	0.085777
1.731600	0.720128	0.434820	1.024358	0.250000	1.127380	0.085777
1.740324	0.720128	0.434820	1.024358	0.250000	1.127380	0.085777
1.750142	0.720128	0.434820	1.024358	0.250000	1.127380	0.085777
1.760528	0.726699	0.447269	1.071063	0.250000	0.652303	0.083454
1.769936	0.726699	0.447269	1.071063	0.250000	0.652303	0.083454
1.781215	0.726699	0.447269	1.071063	0.250000	0.652303	0.083454
1.790047	0.726699	0.447269	1.071063	0.250000	0.652303	0.083454
1.800781	0.732345	0.459278	1.136808	0.250000	0.422922	0.069536
1.809890	0.732345	0.459278	1.136808	0.250000	0.422922	0.069536
1.820315	0.732345	0.459278	1.136808	0.250000	0.422922	0.069536
1.830767	0.732345	0.459278	1.136808	0.250000	0.422922	0.069536
1.839943	0.732345	0.459278	1.136808	0.250000	0.422922	0.069536
1.849951	0.732345	0.459278	1.136808	0.250000	0.422922	0.069536
1.860291	0.735742	0.469610	1.174416	0.250000	0.287148	0.059927
1.869934	0.735742	0.469610	1.174416	0.250000	0.287148	0.059927
1.880223	0.735742	0.469610	1.174416	0.250000	0.287148	0.059927
1.891251	0.735742	0.469610	1.174416	0.250000	0.287148	0.059927
1.900295	0.735742	0.469610	1.174416	0.250000	0.287148	0.059927
1.910431	0.735742	0.469610	1.174416	0.250000	0.287148	0.059927
1.920899	0.735742	0.469610	1.174416	0.250000	0.287148	0.059927
1.931513	0.739939	0.480386	1.211015	0.250000	0.132373	0.049200
1.940361	0.739939	0.480386	1.211015	0.250000	0.132373	0.049200
1.950181	0.739939	0.480386	1.211015	0.250000	0.132373	0.049200
1.959949	0.739939	0.480386	1.211015	0.250000	0.132373	0.049200
1.969978	0.742950	0.490272	1.222843	0.250000	0.052656	0.043087
1.980633	0.742950	0.490272	1.222843	0.250000	0.052656	0.043087
1.990194	0.742950	0.490272	1.222843	0.250000	0.052656	0.043087
1.999995	0.742950	0.490272	1.222843	0.250000	0.052656	0.043087
2.010003	0.742950	0.490272	1.222843	0.250000	0.052656	0.043087
2.020447	0.746867	0.502022	1.265631	0.250000	-0.103425	0.032356
2.030318	0.746867	0.502022	1.265631	0.250000	-0.103425	0.032356
2.039969	0.746867	0.502022	1.265631	0.250000	-0.103425	0.032356
2.049988	0.746867	0.502022	1.265631	0.250000	-0.103425	0.032356
2.060431	0.749866	0.511997	1.297779	0.250000	-0.212210	0.025322
2.070242	0.749866	0.511997	1.297779	0.250000	-0.212210	0.025322
2.080394	0.749866	0.511997	1.297779	0.250000	-0.212210	0.025322
2.090899	0.749866	0.511997	1.297779	0.250000	-0.212210	0.025322
2.100444	0.749866	0.511997	1.297779	0.250000	-0.212210	0.025322
2.110375	0.749866	0.511997	1.297779	0.250000	-0.212210	0.025322
2.119942	0.749866	0.511997	1.297779	0.250000	-0.212210	0.025322
2.130709	0.749866	0.511997	1.297779	0.250000	-0.212210	0.025322
2.140452	0.752883	0.525832	1.358889	0.250000	-0.432862	0.011248
2.150322	0.752883	0.525832	1.358889	0.250000	-0.432862	0.011248
2.159988	0.752883	0.525832	1.358889	0.250000	-0.432862	0.011248
2.169964	0.752883	0.525832	1.358889	0.250000	-0.432862	0.011248
2.180645	0.752883	0.525832	1.358889	0.250000	-0.432862	0.011248
2.190253	0.752883	0.525832	1.358889	0.250000	-0.432862	0.011248
2.200011	0.752883	0.525832	1.358889	0.250000	-0.432862	0.011248
2.209880	0.752883	0.525832	1.358889	0.250000	-0.432862	0.011248
2.219959	0.752883	0.525832	1.358889	0.250000	-0.432862	0.011248
2.231310	0.757807	0.542282	1.384021	0.250000	-0.557623	0.001894
2.240036	0.757807	0.542282	1.384021	0.250000	-0.557623	0.001894
2.250849	0.757807	0.542282	1.384021	0.250000	-0.557623	0.001894
2.260455	0.757807	0.542282	1.384021	0.250000	-0.557623	0.001894
2.270684	0.760794	0.560826	1.386553	0.250000	-0.631805	-0.006115
2.280543	0.760794	0.560826	1.386553	0.250000	-0.631805	-0.006115
2.289995	0.760794	0.560826	1.386553	0.250000	-0.631805	-0.006115
2.300532	0.760794	0.560826	1.386553	0.250000	-0.631805	-0.006115
2.309983	0.760794	0.560826	1.386553	0.250000	-0.631805	-0.006115
2.320063	0.760794	0.560826	1.386553	0.250000	-0.631805	-0.006115
2.329982	0.760794	0.560826	1.386553	0.250000	-0.631805	-0.006115
2.339993	0.760794	0.560826	1.386553	0.250000	-0.631805	-0.006115
2.350006	0.760794	0.560826	1.386553	0.250000	-0.631805	-0.006115
2.360110	0.764021	0.577432	1.349254	0.250000	-0.584973	-0.009889
2.369986	0.764021	0.577432	1.349254	0.250000	-0.584973	-0.009889
2.380697	0.764021	0.577432	1.349254	0.250000	-0.584973	-0.009889
2.390889	0.764021	0.577432	1.349254	0.250000	-0.584973	-0.009889
2.400850	0.764021	0.577432	1.349254	0.250000	-0.584973	-0.009889
2.409978	0.764021	0.577432	1.349254	0.250000	-0.584973	-0.009889
2.419958	0.764021	0.577432	1.349254	0.250000	-0.584973	-0.009889
2.430077	0.767109	0.591974	1.354295	0.250000	-0.611693	-0.017655
2.440004	0.767109	0.591974	1.354295	0.250000	-0.611693	-0.017655
2.454824	0.767109	0.591974	1.354295	0.250000	-0.611693	-0.017655
2.460649	0.767109	0.591974	1.354295	0.250000	-0.611693	-0.017655
2.469945	0.767109	0.591974	1.354295	0.250000	-0.611693	-0.017655
2.480491	0.771012	0.606400	1.326108	0.250000	-0.526975	-0.018988
2.490098	0.771012	0.606400	1.326108	0.250000	-0.526975	-0.018988
2.499959	0.771012	0.606400	1.326108	0.250000	-0.526975	-0.018988
2.510368	0.771012	0.606400	1.326108	0.250000	-0.526975	-0.018988
2.520073	0.776003	0.619525	1.292623	0.250000	-0.398061	-0.016998
2.529961	0.776003	0.619525	1.292623	0.250000	-0.398061	-0.016998
2.539908	0.776003	0.619525	1.292623	0.250000	-0.398061	-0.016998
2.549918	0.776003	0.619525	1.292623	0.250000	-0.398061	-0.016998
2.561188	0.779077	0.629374	1.230247	0.250000	-0.204097	-0.010328
2.569989	0.779077	0.629374	1.230247	0.250000	-0.204097	-0.010328
2.580795	0.779077	0.629374	1.230247	0.250000	-0.204097	-0.010328
2.590379	0.783295	0.638592	1.196932	0.250000	-0.061674	-0.005525
2.600123	0.783295	0.638592	1.196932	0.250000	-0.061674	-0.005525
2.609949	0.783295	0.638592	1.196932	0.250000	-0.061674	-0.005525
2.619966	0.783295	0.638592	1.196932	0.250000	-0.061674	-0.005525
2.631350	0.783295	0.638592	1.196932	0.250000	-0.061674	-0.005525
2.640168	0.783295	0.638592	1.196932	0.250000	-0.061674	-0.005525
2.649919	0.783295	0.638592	1.196932	0.250000	-0.061674	-0.005525
2.660033	0.783295	0.638592	1.196932	0.250000	-0.061674	-0.005525
2.669953	0.788286	0.648474	1.171313	0.250000	0.071942	-0.000641
2.680573	0.788286	0.648474	1.171313	0.250000	0.071942	-0.000641
2.689948	0.788286	0.648474	1.171313	0.250000	0.071942	-0.000641
2.700643	0.788286	0.648474	1.171313	0.250000	0.071942	-0.000641
2.710449	0.788286	0.648474	1.171313	0.250000	0.071942	-0.000641
2.720183	0.788286	0.648474	1.171313	0.250000	0.071942	-0.000641
2.729872	0.788286	0.648474	1.171313	0.250000	0.071942	-0.000641
2.739967	0.795677	0.662146	1.139589	0.250000	0.254996	0.006910
2.750493	0.795677	0.662146	1.139589	0.250000	0.254996	0.006910
2.760231	0.795677	0.662146	1.139589	0.250000	0.254996	0.006910
2.769973	0.795677	0.662146	1.139589	0.250000	0.254996	0.006910
2.782166	0.801450	0.673054	1.114130	0.250000	0.397689	0.013341
2.790500	0.801450	0.673054	1.114130	0.250000	0.397689	0.013341
2.800189	0.801450	0.673054	1.114130	0.250000	0.397689	0.013341
2.810005	0.801450	0.673054	1.114130	0.250000	0.397689	0.013341
2.820697	0.801450	0.673054	1.114130	0.250000	0.397689	0.013341
2.829925	0.801450	0.673054	1.114130	0.250000	0.397689	0.013341
2.840540	0.801450	0.673054	1.114130	0.250000	0.397689	0.013341
2.849965	0.801450	0.673054	1.114130	0.250000	0.397689	0.013341
2.859929	0.801450	0.673054	1.114130	0.250000	0.397689	0.013341
2.869938	0.801450	0.673054	1.114130	0.250000	0.397689	0.013341
2.880591	0.810250	0.688053	1.088523	0.250000	0.549473	0.021048
2.889921	0.810250	0.688053	1.088523	0.250000	0.549473	0.021048
2.900862	0.810250	0.688053	1.088523	0.250000	0.549473	0.021048
2.910636	0.810250	0.688053	1.088523	0.250000	0.549473	0.021048
2.920334	0.810250	0.688053	1.088523	0.250000	0.549473	0.021048
2.930259	0.810250	0.688053	1.088523	0.250000	0.549473	0.021048
2.939964	0.810250	0.688053	1.088523	0.250000	0.549473	0.021048
2.949926	0.817888	0.701159	1.083364	0.250000	0.647234	0.026273
2.960369	0.817888	0.701159	1.083364	0.250000	0.647234	0.026273
2.970100	0.817888	0.701159	1.083364	0.250000	0.647234	0.026273
2.980550	0.817888	0.701159	1.083364	0.250000	0.647234	0.026273
2.990577	0.817888	0.701159	1.083364	0.250000	0.647234	0.026273
3.001625	0.817888	0.701159	1.083364	0.250000	0.647234	0.026273
3.010108	0.817888	0.701159	1.083364	0.250000	0.647234	0.026273
3.020889	0.817888	0.701159	1.083364	0.250000	0.647234	0.026273
3.029926	0.825208	0.715753	1.089474	0.250000	0.735235	0.031107
3.040015	0.825208	0.715753	1.089474	0.250000	0.735235	0.031107
3.050142	0.825208	0.715753	1.089474	0.250000	0.735235	0.031107
3.059941	0.825208	0.715753	1.089474	0.250000	0.735235	0.031107
3.069978	0.825208	0.715753	1.089474	0.250000	0.735235	0.031107
3.081273	0.825208	0.715753	1.089474	0.250000	0.735235	0.031107
3.090140	0.830243	0.727450	1.107880	0.250000	0.763235	0.032748
3.100027	0.830243	0.727450	1.107880	0.250000	0.763235	0.032748
3.110153	0.830243	0.727450	1.107880	0.250000	0.763235	0.032748
3.120349	0.833635	0.736961	1.138012	0.250000	0.734787	0.031141
3.130121	0.833635	0.736961	1.138012	0.250000	0.734787	0.031141
3.139946	0.833635	0.736961	1.138012	0.250000	0.734787	0.031141
3.150604	0.833635	0.736961	1.138012	0.250000	0.734787	0.031141
3.160386	0.833635	0.736961	1.138012	0.250000	0.734787	0.031141
3.170141	0.833635	0.736961	1.138012	0.250000	0.734787	0.031141
3.180141	0.833635	0.736961	1.138012	0.250000	0.734787	0.031141
3.190241	0.838356	0.746995	1.173956	0.250000	0.730567	0.031643
3.200475	0.838356	0.746995	1.173956	0.250000	0.730567	0.031643
3.210200	0.838356	0.746995	1.173956	0.250000	0.730567	0.031643
3.219965	0.838356	0.746995	1.173956	0.250000	0.730567	0.031643
3.229928	0.838356	0.746995	1.173956	0.250000	0.730567	0.031643
3.239944	0.838356	0.746995	1.173956	0.250000	0.730567	0.031643
3.250019	0.840186	0.756336	1.204393	0.250000	0.690024	0.029094
3.259991	0.840186	0.756336	1.204393	0.250000	0.690024	0.029094
3.270681	0.840186	0.756336	1.204393	0.250000	0.690024	0.029094
3.280737	0.843934	0.767560	1.234809	0.250000	0.687290	0.029404
3.290329	0.843934	0.767560	1.234809	0.250000	0.687290	0.029404
3.299950	0.843934	0.767560	1.234809	0.250000	0.687290	0.029404
3.309989	0.843934	0.767560	1.234809	0.250000	0.687290	0.029404
3.319973	0.843934	0.767560	1.234809	0.250000	0.687290	0.029404
3.330005	0.846027	0.776683	1.256127	0.250000	0.674378	0.028721
3.339990	0.846027	0.776683	1.256127	0.250000	0.674378	0.028721
3.351202	0.846027	0.776683	1.256127	0.250000	0.674378	0.028721
3.360592	0.846027	0.776683	1.256127	0.250000	0.674378	0.028721
3.370219	0.846027	0.776683	1.256127	0.250000	0.674378	0.028721
3.380436	0.846027	0.776683	1.256127	0.250000	0.674378	0.028721
3.390778	0.846027	0.776683	1.256127	0.250000	0.674378	0.028721
3.400490	0.846027	0.776683	1.256127	0.250000	0.674378	0.028721
3.410233	0.846027	0.776683	1.256127	0.250000	0.674378	0.028721
3.420018	0.846027	0.776683	1.256127	0.250000	0.674378	0.028721
3.429958	0.846027	0.776683	1.256127	0.250000	0.674378	0.028721
3.440128	0.846027	0.776683	1.256127	0.250000	0.674378	0.028721
3.450048	0.847651	0.786800	1.293703	0.250000	0.616260	0.025413
3.460005	0.847651	0.786800	1.293703	0.250000	0.616260	0.025413
3.469964	0.847651	0.786800	1.293703	0.250000	0.616260	0.025413
3.480678	0.848045	0.797846	1.334828	0.250000	0.556982	0.021754
3.490010	0.848045	0.797846	1.334828	0.250000	0.556982	0.021754
3.502994	0.848045	0.797846	1.334828	0.250000	0.556982	0.021754
3.509901	0.848045	0.797846	1.334828	0.250000	0.556982	0.021754
3.520523	0.850855	0.811932	1.378780	0.250000	0.531701	0.020812
3.530262	0.850855	0.811932	1.378780	0.250000	0.531701	0.020812
3.540050	0.850855	0.811932	1.378780	0.250000	0.531701	0.020812
3.549844	0.850855	0.811932	1.378780	0.250000	0.531701	0.020812
3.560642	0.850855	0.811932	1.378780	0.250000	0.531701	0.020812
3.570383	0.853965	0.822488	1.457239	0.250000	0.409796	0.015096
3.580434	0.853965	0.822488	1.457239	0.250000	0.409796	0.015096
3.589864	0.853965	0.822488	1.457239	0.250000	0.409796	0.015096
3.599866	0.853965	0.822488	1.457239	0.250000	0.409796	0.015096
3.609927	0.859018	0.835953	1.482994	0.250000	0.444523	0.018210
3.620039	0.859018	0.835953	1.482994	0.250000	0.444523	0.018210
3.630052	0.859018	0.835953	1.482994	0.250000	0.444523	0.018210
3.639940	0.859712	0.844172	1.512160	0.250000	0.410830	0.016254
3.649954	0.859712	0.844172	1.512160	0.250000	0.410830	0.016254
3.659999	0.859712	0.844172	1.512160	0.250000	0.410830	0.016254
3.669946	0.859712	0.844172	1.512160	0.250000	0.410830	0.016254
3.680811	0.858601	0.850871	1.484837	0.250000	0.482344	0.019276
3.690354	0.858601	0.850871	1.484837	0.250000	0.482344	0.019276
3.700161	0.858601	0.850871	1.484837	0.250000	0.482344	0.019276
3.710074	0.858601	0.850871	1.484837	0.250000	0.482344	0.019276
3.719916	0.858601	0.850871	1.484837	0.250000	0.482344	0.019276
3.730332	0.856680	0.854128	1.571624	0.250000	0.276426	0.007362
3.740083	0.856680	0.854128	1.571624	0.250000	0.276426	0.007362
3.749934	0.856680	0.854128	1.571624	0.250000	0.276426	0.007362
3.759962	0.856680	0.854128	1.571624	0.250000	0.276426	0.007362
3.769969	0.856680	0.854128	1.571624	0.250000	0.276426	0.007362
3.780667	0.856680	0.854128	1.571624	0.250000	0.276426	0.007362
3.789944	0.856680	0.854128	1.571624	0.250000	0.276426	0.007362
3.799926	0.854204	0.861700	1.603171	0.250000	0.204232	0.002161
3.809931	0.854204	0.861700	1.603171	0.250000	0.204232	0.002161
3.819997	0.854204	0.861700	1.603171	0.250000	0.204232	0.002161
3.829896	0.854204	0.861700	1.603171	0.250000	0.204232	0.002161
3.839944	0.854204	0.861700	1.603171	0.250000	0.204232	0.002161
3.850507	0.854204	0.861700	1.603171	0.250000	0.204232	0.002161
3.860314	0.854204	0.861700	1.603171	0.250000	0.204232	0.002161
3.869965	0.854204	0.861700	1.603171	0.250000	0.204232	0.002161
3.880405	0.856785	0.879899	1.643600	0.250000	0.222535	0.003076
3.890426	0.856785	0.879899	1.643600	0.250000	0.222535	0.003076
3.900206	0.856785	0.879899	1.643600	0.250000	0.222535	0.003076
3.909988	0.856785	0.879899	1.643600	0.250000	0.222535	0.003076
3.920751	0.853513	0.890370	1.692424	0.250000	0.132768	-0.003691
3.930521	0.853513	0.890370	1.692424	0.250000	0.132768	-0.003691
3.940399	0.853513	0.890370	1.692424	0.250000	0.132768	-0.003691
3.949976	0.853513	0.890370	1.692424	0.250000	0.132768	-0.003691
3.960064	0.853513	0.890370	1.692424	0.250000	0.132768	-0.003691
3.969970	0.853513	0.890370	1.692424	0.250000	0.132768	-0.003691
3.980431	0.853513	0.890370	1.692424	0.250000	0.132768	-0.003691
3.990034	0.853513	0.890370	1.692424	0.250000	0.132768	-0.003691
4.000803	0.853513	0.890370	1.692424	0.250000	0.132768	-0.003691
4.010525	0.853513	0.890370	1.692424	0.250000	0.132768	-0.003691
4.020399	0.853513	0.890370	1.692424	0.250000	0.132768	-0.003691
4.029998	0.852615	0.906406	1.726375	0.250000	0.154249	-0.004063
4.040770	0.852615	0.906406	1.726375	0.250000	0.154249	-0.004063
4.049986	0.852615	0.906406	1.726375	0.250000	0.154249	-0.004063
4.059965	0.852615	0.906406	1.726375	0.250000	0.154249	-0.004063
4.070004	0.852615	0.906406	1.726375	0.250000	0.154249	-0.004063
4.080510	0.846356	0.915151	1.756803	0.250000	0.097226	-0.010487
4.090589	0.846356	0.915151	1.756803	0.250000	0.097226	-0.010487
4.099983	0.846356	0.915151	1.756803	0.250000	0.097226	-0.010487
4.110296	0.846877	0.934243	1.702948	0.250000	0.405246	0.004644
4.120824	0.846877	0.934243	1.702948	0.250000	0.405246	0.004644
4.129922	0.846877	0.934243	1.702948	0.250000	0.405246	0.004644
4.139994	0.846877	0.934243	1.702948	0.250000	0.405246	0.004644
4.151124	0.846877	0.934243	1.702948	0.250000	0.405246	0.004644
4.159977	0.846877	0.934243	1.702948	0.250000	0.405246	0.004644
4.170566	0.846877	0.934243	1.702948	0.250000	0.405246	0.004644
4.180519	0.846877	0.934243	1.702948	0.250000	0.405246	0.004644
4.190143	0.845402	0.946212	1.718400	0.250000	0.476494	0.006870
4.200083	0.845402	0.946212	1.718400	0.250000	0.476494	0.006870
4.210620	0.845402	0.946212	1.718400	0.250000	0.476494	0.006870
4.220346	0.845402	0.946212	1.718400	0.250000	0.476494	0.006870
4.230120	0.845402	0.946212	1.718400	0.250000	0.476494	0.006870
4.239985	0.845402	0.946212	1.718400	0.250000	0.476494	0.006870
4.249955	0.845402	0.946212	1.718400	0.250000	0.476494	0.006870
4.260402	0.845402	0.946212	1.718400	0.250000	0.476494	0.006870
4.270196	0.844622	0.960835	1.733410	0.250000	0.615404	0.012550
4.280408	0.844622	0.960835	1.733410	0.250000	0.615404	0.012550
4.289941	0.844622	0.960835	1.733410	0.250000	0.615404	0.012550
4.300406	0.841355	0.974933	1.822399	0.250000	0.601378	0.008934
4.310139	0.841355	0.974933	1.822399	0.250000	0.601378	0.008934
4.319999	0.841355	0.974933	1.822399	0.250000	0.601378	0.008934
4.330010	0.841355	0.974933	1.822399	0.250000	0.601378	0.008934
4.339975	0.841355	0.974933	1.822399	0.250000	0.601378	0.008934
4.350172	0.841355	0.974933	1.822399	0.250000	0.601378	0.008934
4.360120	0.841355	0.974933	1.822399	0.250000	0.601378	0.008934
4.370066	0.841355	0.974933	1.822399	0.250000	0.601378	0.008934
4.380580	0.841355	0.974933	1.822399	0.250000	0.601378	0.008934
4.389919	0.839223	0.991851	1.854154	0.250000	0.688176	0.012673
4.399957	0.839223	0.991851	1.854154	0.250000	0.688176	0.012673
4.409967	0.839223	0.991851	1.854154	0.250000	0.688176	0.012673
4.420448	0.839223	0.991851	1.854154	0.250000	0.688176	0.012673
4.430245	0.839223	0.991851	1.854154	0.250000	0.688176	0.012673
4.440069	0.839223	0.991851	1.854154	0.250000	0.688176	0.012673
4.451671	0.839223	0.991851	1.854154	0.250000	0.688176	0.012673
4.460510	0.833944	1.002885	1.967058	0.250000	0.629095	0.006431
4.470157	0.833944	1.002885	1.967058	0.250000	0.629095	0.006431
4.480069	0.833944	1.002885	1.967058	0.250000	0.629095	0.006431
4.490721	0.833944	1.002885	1.967058	0.250000	0.629095	0.006431
4.500460	0.833944	1.002885	1.967058	0.250000	0.629095	0.006431
4.510300	0.833944	1.002885	1.967058	0.250000	0.629095	0.006431
4.520038	0.833944	1.002885	1.967058	0.250000	0.629095	0.006431
4.530087	0.833944	1.002885	1.967058	0.250000	0.629095	0.006431
4.543627	0.829862	1.018543	1.933729	0.250000	0.837894	0.016978
4.550085	0.829862	1.018543	1.933729	0.250000	0.837894	0.016978
4.559964	0.829862	1.018543	1.933729	0.250000	0.837894	0.016978
4.569937	0.829862	1.018543	1.933729	0.250000	0.837894	0.016978
4.580659	0.829862	1.018543	1.933729	0.250000	0.837894	0.016978
4.590258	0.829862	1.018543	1.933729	0.250000	0.837894	0.016978
4.600012	0.829862	1.018543	1.933729	0.250000	0.837894	0.016978
4.609933	0.829862	1.018543	1.933729	0.250000	0.837894	0.016978
4.620548	0.823302	1.034987	1.971546	0.250000	0.961820	0.022231
4.630269	0.823302	1.034987	1.971546	0.250000	0.961820	0.022231
4.640018	0.823302	1.034987	1.971546	0.250000	0.961820	0.022231
4.649954	0.823302	1.034987	1.971546	0.250000	0.961820	0.022231
4.659960	0.817655	1.049515	1.922882	0.250000	1.124823	0.030415
4.670304	0.817655	1.049515	1.922882	0.250000	1.124823	0.030415
4.680449	0.817655	1.049515	1.922882	0.250000	1.124823	0.030415
4.689870	0.817655	1.049515	1.922882	0.250000	1.124823	0.030415
4.700768	0.810431	1.057306	1.949605	0.250000	1.190403	0.032518
4.710356	0.810431	1.057306	1.949605	0.250000	1.190403	0.032518
4.720099	0.810431	1.057306	1.949605	0.250000	1.190403	0.032518
4.729883	0.810431	1.057306	1.949605	0.250000	1.190403	0.032518
4.739924	0.810431	1.057306	1.949605	0.250000	1.190403	0.032518
4.749919	0.810431	1.057306	1.949605	0.250000	1.190403	0.032518
4.759982	0.805495	1.065847	2.071302	0.250000	1.132600	0.030980
4.769930	0.805495	1.065847	2.071302	0.250000	1.132600	0.030980
4.780748	0.803445	1.080938	2.192678	0.250000	1.083597	0.032973
4.790290	0.803445	1.080938	2.192678	0.250000	1.083597	0.032973
4.800551	0.800008	1.093758	2.307095	0.250000	1.027215	0.034181
4.809846	0.800008	1.093758	2.307095	0.250000	1.027215	0.034181
4.819932	0.800008	1.093758	2.307095	0.250000	1.027215	0.034181
4.829916	0.800008	1.093758	2.307095	0.250000	1.027215	0.034181
4.840866	0.800008	1.093758	2.307095	0.250000	1.027215	0.034181
4.849964	0.800008	1.093758	2.307095	0.250000	1.027215	0.034181
4.860631	0.795876	1.100148	2.234534	0.250000	1.185389	0.042841
4.870335	0.795876	1.100148	2.234534	0.250000	1.185389	0.042841
4.880477	0.795876	1.100148	2.234534	0.250000	1.185389	0.042841
4.889882	0.790417	1.103643	2.166175	0.250000	1.293103	0.047075
4.900716	0.790417	1.103643	2.166175	0.250000	1.293103	0.047075
4.910465	0.790417	1.103643	2.166175	0.250000	1.293103	0.047075
4.920147	0.790417	1.103643	2.166175	0.250000	1.293103	0.047075
4.929999	0.790417	1.103643	2.166175	0.250000	1.293103	0.047075
4.940062	0.790417	1.103643	2.166175	0.250000	1.293103	0.047075
4.949969	0.790417	1.103643	2.166175	0.250000	1.293103	0.047075
4.959962	0.785228	1.112376	2.119543	0.250000	1.378488	0.051433
4.970047	0.785228	1.112376	2.119543	0.250000	1.378488	0.051433
4.980823	0.785228	1.112376	2.119543	0.250000	1.378488	0.051433
4.990454	0.785228	1.112376	2.119543	0.250000	1.378488	0.051433
5.000336	0.785228	1.112376	2.119543	0.250000	1.378488	0.051433
5.010020	0.785228	1.112376	2.119543	0.250000	1.378488	0.051433
5.020771	0.785228	1.112376	2.119543	0.250000	1.378488	0.051433
5.030445	0.785228	1.112376	2.119543	0.250000	1.378488	0.051433
5.041121	0.785228	1.112376	2.119543	0.250000	1.378488	0.051433
5.049962	0.785228	1.112376	2.119543	0.250000	1.378488	0.051433
5.059856	0.776820	1.122223	2.171584	0.250000	1.403158	0.055687
5.070469	0.776820	1.122223	2.171584	0.250000	1.403158	0.055687
5.080647	0.776820	1.122223	2.171584	0.250000	1.403158	0.055687
5.090001	0.776820	1.122223	2.171584	0.250000	1.403158	0.055687
5.100081	0.768290	1.132827	2.224470	0.250000	1.429050	0.060943
5.109957	0.768290	1.132827	2.224470	0.250000	1.429050	0.060943
5.120035	0.768290	1.132827	2.224470	0.250000	1.429050	0.060943
5.129937	0.759965	1.145683	2.270007	0.250000	1.442222	0.065724
5.139995	0.759965	1.145683	2.270007	0.250000	1.442222	0.065724
5.149962	0.759965	1.145683	2.270007	0.250000	1.442222	0.065724
5.161231	0.759965	1.145683	2.270007	0.250000	1.442222	0.065724
5.170022	0.759965	1.145683	2.270007	0.250000	1.442222	0.065724
5.180573	0.759965	1.145683	2.270007	0.250000	1.442222	0.065724
5.190548	0.759965	1.145683	2.270007	0.250000	1.442222	0.065724
5.200310	0.759965	1.145683	2.270007	0.250000	1.442222	0.065724
5.209985	0.759965	1.145683	2.270007	0.250000	1.442222	0.065724
5.219930	0.759965	1.145683	2.270007	0.250000	1.442222	0.065724
5.229954	0.754118	1.160019	2.394536	0.250000	1.390241	0.071526
5.239983	0.754118	1.160019	2.394536	0.250000	1.390241	0.071526
5.249982	0.754118	1.160019	2.394536	0.250000	1.390241	0.071526
5.259977	0.746464	1.172401	2.455283	0.250000	1.412747	0.079836
5.270595	0.746464	1.172401	2.455283	0.250000	1.412747	0.079836
5.280486	0.746464	1.172401	2.455283	0.250000	1.412747	0.079836
5.290056	0.746464	1.172401	2.455283	0.250000	1.412747	0.079836
5.299911	0.746464	1.172401	2.455283	0.250000	1.412747	0.079836
5.310584	0.746464	1.172401	2.455283	0.250000	1.412747	0.079836
5.320347	0.746464	1.172401	2.455283	0.250000	1.412747	0.079836
5.330075	0.735205	1.174630	2.579041	0.250000	1.268320	0.072607
5.339951	0.735205	1.174630	2.579041	0.250000	1.268320	0.072607
5.349938	0.735205	1.174630	2.579041	0.250000	1.268320	0.072607
5.360407	0.735205	1.174630	2.579041	0.250000	1.268320	0.072607
5.370116	0.735205	1.174630	2.579041	0.250000	1.268320	0.072607
5.380515	0.722049	1.175230	2.566789	0.250000	1.319170	0.074621
5.390599	0.722049	1.175230	2.566789	0.250000	1.319170	0.074621
5.400384	0.722049	1.175230	2.566789	0.250000	1.319170	0.074621
5.410145	0.722049	1.175230	2.566789	0.250000	1.319170	0.074621
5.420032	0.722049	1.175230	2.566789	0.250000	1.319170	0.074621
5.430749	0.711402	1.180768	2.664790	0.250000	1.228788	0.072207
5.440407	0.711402	1.180768	2.664790	0.250000	1.228788	0.072207
5.450558	0.711402	1.180768	2.664790	0.250000	1.228788	0.072207
5.459894	0.711402	1.180768	2.664790	0.250000	1.228788	0.072207
5.470743	0.711402	1.180768	2.664790	0.250000	1.228788	0.072207
5.480563	0.711402	1.180768	2.664790	0.250000	1.228788	0.072207
5.490171	0.711402	1.180768	2.664790	0.250000	1.228788	0.072207
5.501460	0.699762	1.185246	2.651919	0.250000	1.286489	0.076473
5.511226	0.699762	1.185246	2.651919	0.250000	1.286489	0.076473
5.520522	0.699762	1.185246	2.651919	0.250000	1.286489	0.076473
5.530193	0.699762	1.185246	2.651919	0.250000	1.286489	0.076473
5.539960	0.699762	1.185246	2.651919	0.250000	1.286489	0.076473
5.549928	0.699762	1.185246	2.651919	0.250000	1.286489	0.076473
5.562731	0.685970	1.193986	2.703742	0.250000	1.283963	0.080160
5.570175	0.685970	1.193986	2.703742	0.250000	1.283963	0.080160
5.580439	0.685970	1.193986	2.703742	0.250000	1.283963	0.080160
5.589981	0.685970	1.193986	2.703742	0.250000	1.283963	0.080160
5.601078	0.685970	1.193986	2.703742	0.250000	1.283963	0.080160
5.609991	0.685970	1.193986	2.703742	0.250000	1.283963	0.080160
5.619984	0.671180	1.200633	2.698319	0.250000	1.357170	0.086906
5.629865	0.671180	1.200633	2.698319	0.250000	1.357170	0.086906
5.639955	0.671180	1.200633	2.698319	0.250000	1.357170	0.086906
5.650195	0.671180	1.200633	2.698319	0.250000	1.357170	0.086906
5.660044	0.671180	1.200633	2.698319	0.250000	1.357170	0.086906
5.670141	0.671180	1.200633	2.698319	0.250000	1.357170	0.086906
5.680262	0.655471	1.203075	2.744129	0.250000	1.354238	0.087589
5.689950	0.655471	1.203075	2.744129	0.250000	1.354238	0.087589
5.699972	0.655471	1.203075	2.744129	0.250000	1.354238	0.087589
5.710742	0.655471	1.203075	2.744129	0.250000	1.354238	0.087589
5.720435	0.655471	1.203075	2.744129	0.250000	1.354238	0.087589
5.730214	0.646089	1.208266	2.766168	0.250000	1.373106	0.091246
5.740010	0.646089	1.208266	2.766168	0.250000	1.373106	0.091246
5.749926	0.646089	1.208266	2.766168	0.250000	1.373106	0.091246
5.760520	0.646089	1.208266	2.766168	0.250000	1.373106	0.091246
5.770264	0.646089	1.208266	2.766168	0.250000	1.373106	0.091246
5.780353	0.632950	1.204183	2.802140	0.250000	1.339640	0.086012
5.790840	0.632950	1.204183	2.802140	0.250000	1.339640	0.086012
5.799938	0.632950	1.204183	2.802140	0.250000	1.339640	0.086012
5.810295	0.632950	1.204183	2.802140	0.250000	1.339640	0.086012
5.820053	0.632950	1.204183	2.802140	0.250000	1.339640	0.086012
5.829865	0.632950	1.204183	2.802140	0.250000	1.339640	0.086012
5.840399	0.632950	1.204183	2.802140	0.250000	1.339640	0.086012
5.849919	0.632950	1.204183	2.802140	0.250000	1.339640	0.086012
5.860251	0.622664	1.212434	2.839182	0.250000	1.355383	0.091467
5.870044	0.622664	1.212434	2.839182	0.250000	1.355383	0.091467
5.880716	0.622664	1.212434	2.839182	0.250000	1.355383	0.091467
5.889926	0.622664	1.212434	2.839182	0.250000	1.355383	0.091467
5.900105	0.622664	1.212434	2.839182	0.250000	1.355383	0.091467
5.910812	0.622664	1.212434	2.839182	0.250000	1.355383	0.091467
5.920621	0.622664	1.212434	2.839182	0.250000	1.355383	0.091467
5.930424	0.608416	1.214637	2.872627	0.250000	1.362815	0.092696
5.940035	0.608416	1.214637	2.872627	0.250000	1.362815	0.092696
5.949985	0.608416	1.214637	2.872627	0.250000	1.362815	0.092696
5.960027	0.608416	1.214637	2.872627	0.250000	1.362815	0.092696
5.969973	0.608416	1.214637	2.872627	0.250000	1.362815	0.092696
5.980441	0.608416	1.214637	2.872627	0.250000	1.362815	0.092696
5.990888	0.608416	1.214637	2.872627	0.250000	1.362815	0.092696
6.001226	0.608416	1.214637	2.872627	0.250000	1.362815	0.092696
6.010354	0.608416	1.214637	2.872627	0.250000	1.362815	0.092696
6.020091	0.592264	1.218658	2.916797	0.250000	1.365338	0.094824
6.029874	0.592264	1.218658	2.916797	0.250000	1.365338	0.094824
6.041075	0.592264	1.218658	2.916797	0.250000	1.365338	0.094824
6.049947	0.577808	1.217662	2.950695	0.250000	1.362836	0.093864
6.060187	0.577808	1.217662	2.950695	0.250000	1.362836	0.093864
6.073035	0.577808	1.217662	2.950695	0.250000	1.362836	0.093864
6.080139	0.577808	1.217662	2.950695	0.250000	1.362836	0.093864
6.089965	0.577808	1.217662	2.950695	0.250000	1.362836	0.093864
6.099985	0.565789	1.217070	2.992156	0.250000	1.356925	0.093536
6.110157	0.565789	1.217070	2.992156	0.250000	1.356925	0.093536
6.121069	0.565789	1.217070	2.992156	0.250000	1.356925	0.093536
6.130424	0.559972	1.224540	3.008515	0.250000	1.389334	0.100642
6.140173	0.559972	1.224540	3.008515	0.250000	1.389334	0.100642
6.149988	0.559972	1.224540	3.008515	0.250000	1.389334	0.100642
6.159967	0.559972	1.224540	3.008515	0.250000	1.389334	0.100642
6.170454	0.559972	1.224540	3.008515	0.250000	1.389334	0.100642
6.182193	0.550897	1.224379	3.036016	0.250000	1.388373	0.100887
6.189934	0.550897	1.224379	3.036016	0.250000	1.388373	0.100887
6.199927	0.550897	1.224379	3.036016	0.250000	1.388373	0.100887
6.210437	0.550897	1.224379	3.036016	0.250000	1.388373	0.100887
6.220220	0.550897	1.224379	3.036016	0.250000	1.388373	0.100887
6.229917	0.550897	1.224379	3.036016	0.250000	1.388373	0.100887
6.240730	0.550897	1.224379	3.036016	0.250000	1.388373	0.100887
6.249959	0.550897	1.224379	3.036016	0.250000	1.388373	0.100887
6.260275	0.539542	1.219444	3.069730	0.250000	1.355198	0.095903
6.269987	0.539542	1.219444	3.069730	0.250000	1.355198	0.095903
6.280442	0.539542	1.219444	3.069730	0.250000	1.355198	0.095903
6.290015	0.539542	1.219444	3.069730	0.250000	1.355198	0.095903
6.301061	0.539542	1.219444	3.069730	0.250000	1.355198	0.095903
6.309997	0.539542	1.219444	3.069730	0.250000	1.355198	0.095903
6.320228	0.539542	1.219444	3.069730	0.250000	1.355198	0.095903
6.329923	0.525763	1.214353	3.112329	0.250000	1.353876	0.093978
6.340353	0.525763	1.214353	3.112329	0.250000	1.353876	0.093978
6.350003	0.525763	1.214353	3.112329	0.250000	1.353876	0.093978
6.360741	0.525763	1.214353	3.112329	0.250000	1.353876	0.093978
6.370517	0.525763	1.214353	3.112329	0.250000	1.353876	0.093978
6.380453	0.525763	1.214353	3.112329	0.250000	1.353876	0.093978
6.389964	0.525763	1.214353	3.112329	0.250000	1.353876	0.093978
6.400022	0.525763	1.214353	3.112329	0.250000	1.353876	0.093978
6.410564	0.525763	1.214353	3.112329	0.250000	1.353876	0.093978
6.420349	0.510382	1.215003	1.060368	0.250000	1.728197	-0.091538
6.431474	0.510382	1.215003	1.060368	0.250000	1.728197	-0.091538
6.440058	0.510382	1.215003	1.060368	0.250000	1.728197	-0.091538
6.450588	0.497919	1.218327	-0.997465	0.250000	-1.365067	0.025760
6.460009	0.497919	1.218327	-0.997465	0.250000	-1.365067	0.025760
6.469980	0.497919	1.218327	-0.997465	0.250000	-1.365067	0.025760
6.480534	0.497919	1.218327	-0.997465	0.250000	-1.365067	0.025760
6.489995	0.497919	1.218327	-0.997465	0.250000	-1.365067	0.025760
6.500372	0.497919	1.218327	-0.997465	0.250000	-1.365067	0.025760
6.510123	0.497919	1.218327	-0.997465	0.250000	-1.365067	0.025760
6.520854	0.497919	1.218327	-0.997465	0.250000	-1.365067	0.025760
6.530536	0.484368	1.220815	-3.054653	0.250000	1.380952	0.104881
6.540353	0.484368	1.220815	-3.054653	0.250000	1.380952	0.104881
6.550061	0.484368	1.220815	-3.054653	0.250000	1.380952	0.104881
6.559798	0.484368	1.220815	-3.054653	0.250000	1.380952	0.104881
6.570618	0.484368	1.220815	-3.054653	0.250000	1.380952	0.104881
6.580526	0.484368	1.220815	-3.054653	0.250000	1.380952	0.104881
6.590138	0.484368	1.220815	-3.054653	0.250000	1.380952	0.104881
6.600858	0.473557	1.218216	-3.023751	0.250000	1.394324	0.106366
6.609917	0.473557	1.218216	-3.023751	0.250000	1.394324	0.106366
6.620394	0.473557	1.218216	-3.023751	0.250000	1.394324	0.106366
6.630186	0.473557	1.218216	-3.023751	0.250000	1.394324	0.106366
6.640442	0.473557	1.218216	-3.023751	0.250000	1.394324	0.106366
6.649969	0.473557	1.218216	-3.023751	0.250000	1.394324	0.106366
6.660341	0.460043	1.216526	-2.989355	0.250000	1.389004	0.107390
6.670163	0.460043	1.216526	-2.989355	0.250000	1.389004	0.107390
6.680384	0.460043	1.216526	-2.989355	0.250000	1.389004	0.107390
6.690627	0.460043	1.216526	-2.989355	0.250000	1.389004	0.107390
6.700402	0.460043	1.216526	-2.989355	0.250000	1.389004	0.107390
6.709979	0.460043	1.216526	-2.989355	0.250000	1.389004	0.107390
6.719920	0.460043	1.216526	-2.989355	0.250000	1.389004	0.107390
6.729944	0.460043	1.216526	-2.989355	0.250000	1.389004	0.107390
6.740443	0.444325	1.214605	-2.985114	0.250000	1.444543	0.113259
6.750167	0.444325	1.214605	-2.985114	0.250000	1.444543	0.113259
6.760017	0.444325	1.214605	-2.985114	0.250000	1.444543	0.113259
6.769879	0.430269	1.209716	-2.989746	0.250000	1.477186	0.114937
6.780609	0.430269	1.209716	-2.989746	0.250000	1.477186	0.114937
6.790199	0.430269	1.209716	-2.989746	0.250000	1.477186	0.114937
6.799984	0.430269	1.209716	-2.989746	0.250000	1.477186	0.114937
6.809971	0.430269	1.209716	-2.989746	0.250000	1.477186	0.114937
6.820449	0.418888	1.198101	-3.001142	0.250000	1.506387	0.112286
6.830175	0.418888	1.198101	-3.001142	0.250000	1.506387	0.112286
6.839949	0.418888	1.198101	-3.001142	0.250000	1.506387	0.112286
6.850709	0.418888	1.198101	-3.001142	0.250000	1.506387	0.112286
6.860454	0.418888	1.198101	-3.001142	0.250000	1.506387	0.112286
6.870242	0.418888	1.198101	-3.001142	0.250000	1.506387	0.112286
6.880367	0.410464	1.189473	-2.981809	0.250000	1.505467	0.110532
6.889894	0.410464	1.189473	-2.981809	0.250000	1.505467	0.110532
6.900017	0.410464	1.189473	-2.981809	0.250000	1.505467	0.110532
6.910298	0.410464	1.189473	-2.981809	0.250000	1.505467	0.110532
6.920003	0.402268	1.190492	-2.966806	0.250000	1.514115	0.114202
6.929932	0.402268	1.190492	-2.966806	0.250000	1.514115	0.114202
6.940975	0.402268	1.190492	-2.966806	0.250000	1.514115	0.114202
6.950023	0.402268	1.190492	-2.966806	0.250000	1.514115	0.114202
6.960041	0.402268	1.190492	-2.966806	0.250000	1.514115	0.114202
6.969973	0.394302	1.194648	-2.949015	0.250000	1.530850	0.120881
6.980702	0.394302	1.194648	-2.949015	0.250000	1.530850	0.120881
6.990280	0.394302	1.194648	-2.949015	0.250000	1.530850	0.120881
6.999954	0.394302	1.194648	-2.949015	0.250000	1.530850	0.120881
7.009910	0.387660	1.190767	-2.926763	0.250000	1.525433	0.121483
7.020536	0.387660	1.190767	-2.926763	0.250000	1.525433	0.121483
7.030119	0.387660	1.190767	-2.926763	0.250000	1.525433	0.121483
7.042588	0.387660	1.190767	-2.926763	0.250000	1.525433	0.121483
7.050045	0.380647	1.186730	-2.893320	0.250000	1.504802	0.121346
7.059978	0.380647	1.186730	-2.893320	0.250000	1.504802	0.121346
7.069976	0.380647	1.186730	-2.893320	0.250000	1.504802	0.121346
7.080636	0.380647	1.186730	-2.893320	0.250000	1.504802	0.121346
7.089922	0.380647	1.186730	-2.893320	0.250000	1.504802	0.121346
7.100580	0.380647	1.186730	-2.893320	0.250000	1.504802	0.121346
7.110609	0.380647	1.186730	-2.893320	0.250000	1.504802	0.121346
7.120007	0.370392	1.186755	-2.860651	0.250000	1.488405	0.123993
7.129960	0.370392	1.186755	-2.860651	0.250000	1.488405	0.123993
7.140419	0.370392	1.186755	-2.860651	0.250000	1.488405	0.123993
7.150350	0.370392	1.186755	-2.860651	0.250000	1.488405	0.123993
7.160180	0.370392	1.186755	-2.860651	0.250000	1.488405	0.123993
7.169874	0.361072	1.183279	-2.835056	0.250000	1.481107	0.125792
7.180270	0.361072	1.183279	-2.835056	0.250000	1.481107	0.125792
7.190387	0.361072	1.183279	-2.835056	0.250000	1.481107	0.125792
7.200078	0.361072	1.183279	-2.835056	0.250000	1.481107	0.125792
7.210021	0.350327	1.180411	-2.797016	0.250000	1.473225	0.129904
7.219982	0.350327	1.180411	-2.797016	0.250000	1.473225	0.129904
7.229988	0.350327	1.180411	-2.797016	0.250000	1.473225	0.129904
7.239985	0.341116	1.175012	-2.771183	0.250000	1.457070	0.130099
7.249960	0.341116	1.175012	-2.771183	0.250000	1.457070	0.130099
7.259961	0.341116	1.175012	-2.771183	0.250000	1.457070	0.130099
7.270066	0.341116	1.175012	-2.771183	0.250000	1.457070	0.130099
7.280591	0.341116	1.175012	-2.771183	0.250000	1.457070	0.130099
7.289937	0.332126	1.171374	-2.738881	0.250000	1.437587	0.131494
7.300678	0.332126	1.171374	-2.738881	0.250000	1.437587	0.131494
7.310341	0.332126	1.171374	-2.738881	0.250000	1.437587	0.131494
7.320048	0.332126	1.171374	-2.738881	0.250000	1.437587	0.131494
7.329944	0.325827	1.168013	-2.726029	0.250000	1.438853	0.133587
7.339935	0.325827	1.168013	-2.726029	0.250000	1.438853	0.133587
7.349987	0.325827	1.168013	-2.726029	0.250000	1.438853	0.133587
7.360018	0.325827	1.168013	-2.726029	0.250000	1.438853	0.133587
7.371084	0.325827	1.168013	-2.726029	0.250000	1.438853	0.133587
7.380436	0.325827	1.168013	-2.726029	0.250000	1.438853	0.133587
7.390450	0.325827	1.168013	-2.726029	0.250000	1.438853	0.133587
7.401405	0.325827	1.168013	-2.726029	0.250000	1.438853	0.133587
7.410046	0.325827	1.168013	-2.726029	0.250000	1.438853	0.133587
7.420735	0.317131	1.158240	-2.683285	0.250000	1.393388	0.130246
7.430483	0.317131	1.158240	-2.683285	0.250000	1.393388	0.130246
7.440647	0.317131	1.158240	-2.683285	0.250000	1.393388	0.130246
7.450011	0.308055	1.154355	-2.636736	0.250000	1.351495	0.130250
7.460798	0.308055	1.154355	-2.636736	0.250000	1.351495	0.130250
7.469929	0.308055	1.154355	-2.636736	0.250000	1.351495	0.130250
7.480435	0.308055	1.154355	-2.636736	0.250000	1.351495	0.130250
7.490085	0.308055	1.154355	-2.636736	0.250000	1.351495	0.130250
7.501447	0.308055	1.154355	-2.636736	0.250000	1.351495	0.130250
7.510473	0.308055	1.154355	-2.636736	0.250000	1.351495	0.130250
7.520267	0.308055	1.154355	-2.636736	0.250000	1.351495	0.130250
7.530051	0.308055	1.154355	-2.636736	0.250000	1.351495	0.130250
7.540798	0.297686	1.144531	-2.579927	0.250000	1.291454	0.127482
7.549957	0.297686	1.144531	-2.579927	0.250000	1.291454	0.127482
7.559903	0.297686	1.144531	-2.579927	0.250000	1.291454	0.127482
7.570006	0.291294	1.141640	-2.552835	0.250000	1.269390	0.128345
7.580261	0.291294	1.141640	-2.552835	0.250000	1.269390	0.128345
7.590564	0.291294	1.141640	-2.552835	0.250000	1.269390	0.128345
7.600272	0.291294	1.141640	-2.552835	0.250000	1.269390	0.128345
7.610490	0.291294	1.141640	-2.552835	0.250000	1.269390	0.128345
7.620825	0.291294	1.141640	-2.552835	0.250000	1.269390	0.128345
7.630571	0.283725	1.136914	-2.517360	0.250000	1.231338	0.127328
7.640270	0.283725	1.136914	-2.517360	0.250000	1.231338	0.127328
7.650075	0.283725	1.136914	-2.517360	0.250000	1.231338	0.127328
7.659862	0.277140	1.135953	-2.481482	0.250000	1.196601	0.127590
7.669919	0.277140	1.135953	-2.481482	0.250000	1.196601	0.127590
7.680494	0.277140	1.135953	-2.481482	0.250000	1.196601	0.127590
7.690144	0.277140	1.135953	-2.481482	0.250000	1.196601	0.127590
7.699928	0.277140	1.135953	-2.481482	0.250000	1.196601	0.127590
7.711575	0.269018	1.129032	-2.428920	0.250000	1.129171	0.123726
7.720367	0.269018	1.129032	-2.428920	0.250000	1.129171	0.123726
7.730146	0.269018	1.129032	-2.428920	0.250000	1.129171	0.123726
7.739900	0.269018	1.129032	-2.428920	0.250000	1.129171	0.123726
7.749940	0.269018	1.129032	-2.428920	0.250000	1.129171	0.123726
7.759893	0.262274	1.120202	-2.391356	0.250000	1.069104	0.118301
7.769933	0.262274	1.120202	-2.391356	0.250000	1.069104	0.118301
7.780070	0.262274	1.120202	-2.391356	0.250000	1.069104	0.118301
7.789910	0.262274	1.120202	-2.391356	0.250000	1.069104	0.118301
7.800334	0.254975	1.107191	-2.419525	0.250000	1.092452	0.117373
