x(i)	y(i)	theta(i)
0.755062	0.195534	1.889958
0.753476	0.200463	1.873886
0.751997	0.205331	1.857431
0.750623	0.210141	1.840595
0.749353	0.214891	1.823378
0.748186	0.219584	1.805781
0.747120	0.224219	1.787809
0.746154	0.228798	1.769465
0.745287	0.233322	1.750756
0.744518	0.237790	1.731690
0.743845	0.242205	1.712277
0.743267	0.246566	1.692527
0.742784	0.250875	1.672453
0.742393	0.255131	1.652072
0.742094	0.259337	1.631398
0.741885	0.263492	1.610452
0.741766	0.267598	1.589253
0.741734	0.271655	1.567823
0.741790	0.275663	1.546186
0.741930	0.279625	1.524368
0.742155	0.283540	1.502396
0.742463	0.287409	1.480298
0.742853	0.291233	1.458104
0.743323	0.295013	1.435843
0.743873	0.298749	1.413547
0.744501	0.302442	1.391249
0.745206	0.306094	1.368979
0.745986	0.309704	1.346770
0.746841	0.313274	1.324655
0.747769	0.316804	1.302665
0.748770	0.320295	1.280831
0.749841	0.323748	1.259183
0.750981	0.327163	1.237751
0.752190	0.330542	1.216563
0.753467	0.333885	1.195646
0.754809	0.337192	1.175024
0.756216	0.340465	1.154722
0.757686	0.343704	1.134762
0.759218	0.346911	1.115164
0.760812	0.350085	1.095947
0.762465	0.353228	1.077127
0.764177	0.356340	1.058718
0.765947	0.359422	1.040735
0.767772	0.362476	1.023189
0.769653	0.365500	1.006089
0.771587	0.368498	0.989443
0.773573	0.371468	0.973259
0.775611	0.374412	0.957540
0.777699	0.377331	0.942292
0.779835	0.380225	0.927516
0.782020	0.383095	0.913214
0.784250	0.385943	0.899387
0.786526	0.388768	0.886033
0.788846	0.391571	0.873151
0.791208	0.394353	0.860740
0.793612	0.397116	0.848796
0.796056	0.399859	0.837316
0.798539	0.402584	0.826296
0.801059	0.405291	0.815731
0.803617	0.407980	0.805618
0.806210	0.410654	0.795950
0.808836	0.413312	0.786724
0.811496	0.415955	0.777933
0.814188	0.418585	0.769572
0.816909	0.421201	0.761636
0.819661	0.423804	0.754120
0.822440	0.426396	0.747017
0.825246	0.428977	0.740322
0.828077	0.431547	0.734031
0.830933	0.434109	0.728137
0.833812	0.436661	0.722637
0.836713	0.439206	0.717524
0.839634	0.441743	0.712795
0.842575	0.444274	0.708445
0.845535	0.446799	0.704469
0.848511	0.449319	0.700863
0.851503	0.451835	0.697624
0.854509	0.454348	0.694748
0.857529	0.456858	0.692232
0.860561	0.459366	0.690072
0.863604	0.461873	0.688266
0.866657	0.464380	0.686811
0.869718	0.466887	0.685704
0.872786	0.469395	0.684944
0.875860	0.471905	0.684528
0.878939	0.474418	0.684455
0.882022	0.476934	0.684724
0.885107	0.479454	0.685334
0.888193	0.481979	0.686283
0.891279	0.484510	0.687572
0.894364	0.487048	0.689199
0.897446	0.489592	0.691164
0.900524	0.492145	0.693469
0.903597	0.494706	0.696112
0.906664	0.497276	0.699094
0.909724	0.499857	0.702417
0.912774	0.502449	0.706080
0.915815	0.505052	0.710085
0.918845	0.507669	0.714434
0.921863	0.510298	0.719127
0.924867	0.512941	0.724166
0.927856	0.515599	0.729552
0.930829	0.518273	0.735288
0.933785	0.520962	0.741375
0.936722	0.523669	0.747815
0.939640	0.526394	0.754610
0.942537	0.529137	0.761762
0.945412	0.531900	0.769273
0.948263	0.534682	0.777144
0.951090	0.537485	0.785378
0.953891	0.540310	0.793977
0.956665	0.543158	0.802940
0.959411	0.546028	0.812085
0.962128	0.548921	0.821279
0.964817	0.551836	0.830524
0.967475	0.554774	0.839822
0.970104	0.557733	0.849176
0.972703	0.560714	0.858588
0.975270	0.563717	0.868059
0.977807	0.566740	0.877591
0.980311	0.569785	0.887187
0.982784	0.572850	0.896848
0.985224	0.575936	0.906576
0.987631	0.579041	0.916374
0.990004	0.582166	0.926243
0.992344	0.585311	0.936185
0.994649	0.588476	0.946202
0.996919	0.591659	0.956297
0.999154	0.594861	0.966470
1.001354	0.598081	0.976725
1.003517	0.601320	0.987062
1.005644	0.604577	0.997483
1.007734	0.607851	1.007991
1.009786	0.611143	1.018587
1.011801	0.614452	1.029273
1.013777	0.617777	1.040051
1.015714	0.621120	1.050921
1.017613	0.624479	1.061887
1.019471	0.627854	1.072949
1.021290	0.631244	1.084109
1.023068	0.634651	1.095368
1.024805	0.638072	1.106728
1.026500	0.641509	1.118191
1.028154	0.644960	1.129757
1.029766	0.648426	1.141427
1.031334	0.651906	1.153203
1.032860	0.655400	1.165086
1.034342	0.658908	1.177077
1.035780	0.662429	1.189177
1.037173	0.665964	1.201386
1.038521	0.669511	1.213705
1.039825	0.673071	1.226135
1.041082	0.676644	1.238677
1.042293	0.680228	1.251329
1.043457	0.683824	1.264093
1.044574	0.687432	1.276969
1.045644	0.691052	1.289957
1.046665	0.694682	1.303056
1.047638	0.698323	1.316266
1.048563	0.701974	1.329587
1.049437	0.705636	1.343018
1.050262	0.709308	1.356557
1.051037	0.712990	1.370205
1.051761	0.716681	1.383960
1.052434	0.720381	1.397820
1.053056	0.724090	1.411784
1.053625	0.727808	1.425850
1.054142	0.731534	1.440017
1.054606	0.735269	1.454282
1.055017	0.739011	1.468643
1.055374	0.742761	1.483097
1.055677	0.746518	1.497642
1.055925	0.750282	1.512275
1.056118	0.754053	1.526974
1.056257	0.757831	1.541243
1.056343	0.761614	1.554859
1.056378	0.765404	1.567821
1.056366	0.769200	1.580132
1.056308	0.773001	1.591792
1.056207	0.776807	1.602804
1.056065	0.780619	1.613172
1.055884	0.784434	1.622900
1.055668	0.788255	1.631991
1.055417	0.792079	1.640450
1.055134	0.795908	1.648281
1.054823	0.799740	1.655490
1.054484	0.803575	1.662081
1.054121	0.807413	1.668057
1.053736	0.811255	1.673425
1.053330	0.815099	1.678187
1.052908	0.818945	1.682347
1.052469	0.822793	1.685908
1.052018	0.826643	1.688875
1.051556	0.830494	1.691248
1.051087	0.834347	1.693031
1.050611	0.838200	1.694224
1.050131	0.842055	1.694829
1.049650	0.845909	1.694847
1.049170	0.849764	1.694278
1.048694	0.853619	1.693121
1.048223	0.857474	1.691376
1.047761	0.861327	1.689041
1.047309	0.865180	1.686115
1.046869	0.869032	1.682595
1.046445	0.872883	1.678478
1.046038	0.876731	1.673762
1.045650	0.880578	1.668443
1.045285	0.884422	1.662517
1.044944	0.888264	1.655981
1.044630	0.892104	1.648830
1.044345	0.895940	1.641060
1.044091	0.899773	1.632667
1.043871	0.903602	1.623794
1.043685	0.907428	1.614755
1.043535	0.911248	1.605558
1.043420	0.915064	1.596199
1.043341	0.918874	1.586674
1.043299	0.922677	1.576979
1.043294	0.926473	1.567112
1.043327	0.930262	1.557068
1.043398	0.934042	1.546844
1.043508	0.937814	1.536436
1.043657	0.941577	1.525840
1.043846	0.945330	1.515054
1.044076	0.949072	1.504073
1.044346	0.952803	1.492894
1.044658	0.956522	1.481513
1.045011	0.960230	1.469928
1.045407	0.963924	1.458135
1.045846	0.967605	1.446131
1.046328	0.971273	1.433912
1.046854	0.974925	1.421477
1.047425	0.978563	1.408822
1.048041	0.982185	1.395944
1.048702	0.985790	1.382842
1.049409	0.989379	1.369513
1.050163	0.992950	1.355956
1.050964	0.996503	1.342168
1.051812	1.000037	1.328148
1.052709	1.003553	1.313896
1.053654	1.007048	1.299411
1.054649	1.010523	1.284692
1.055693	1.013977	1.269739
1.056787	1.017410	1.254554
1.057933	1.020821	1.239136
1.059129	1.024208	1.223487
1.060377	1.027573	1.207610
1.061677	1.030914	1.191506
1.063031	1.034230	1.175179
1.064437	1.037521	1.158632
1.065898	1.040786	1.141868
1.067412	1.044026	1.124893
1.068982	1.047238	1.107713
1.070607	1.050424	1.090332
1.072288	1.053581	1.072757
1.074025	1.056710	1.054995
1.075820	1.059809	1.037055
1.077672	1.062879	1.018944
1.079581	1.065919	1.000672
1.081550	1.068928	0.982248
1.083577	1.071905	0.963682
1.085664	1.074850	0.944984
1.087811	1.077763	0.926167
1.090019	1.080643	0.907242
1.092288	1.083488	0.888220
1.094618	1.086300	0.869115
1.097011	1.089076	0.849939
1.099466	1.091817	0.830706
1.101985	1.094522	0.811460
1.104566	1.097191	0.792997
1.107206	1.099825	0.775643
1.109903	1.102427	0.759377
1.112652	1.104997	0.744176
1.115451	1.107537	0.730017
1.118296	1.110049	0.716878
1.121183	1.112535	0.704735
1.124110	1.114995	0.693566
1.127073	1.117433	0.683352
1.130069	1.119848	0.674072
1.133094	1.122244	0.665709
1.136145	1.124621	0.658246
1.139218	1.126981	0.651670
1.142311	1.129326	0.645967
1.145420	1.131658	0.641126
1.148541	1.133977	0.637140
1.151671	1.136286	0.634002
1.154807	1.138586	0.631706
1.157946	1.140879	0.630252
1.161084	1.143166	0.629640
1.164217	1.145449	0.629870
1.167343	1.147730	0.630949
1.170458	1.150010	0.632883
1.173559	1.152291	0.635682
1.176642	1.154574	0.639357
1.179704	1.156861	0.643923
1.182742	1.159154	0.649396
1.185752	1.161455	0.655796
1.188732	1.163764	0.663145
1.191676	1.166084	0.671466
1.194583	1.168415	0.680786
1.197449	1.170761	0.691134
1.200270	1.173122	0.702541
1.203044	1.175499	0.715041
1.205767	1.177895	0.728669
1.208434	1.180312	0.743461
1.211045	1.182750	0.759455
1.213593	1.185211	0.776691
1.216078	1.187698	0.795206
1.218494	1.190211	0.815041
1.220839	1.192752	0.836230
1.223110	1.195323	0.858810
1.225302	1.197926	0.882810
1.227413	1.200561	0.908256
1.229440	1.203231	0.935167
1.231378	1.205937	0.963554
1.233226	1.208681	0.993415
1.234978	1.211465	1.024740
1.236632	1.214289	1.057468
1.238187	1.217156	1.090229
1.239644	1.220064	1.122250
1.241006	1.223012	1.153449
1.242277	1.226000	1.183750
1.243459	1.229027	1.213090
1.244554	1.232091	1.241418
1.245567	1.235192	1.268689
1.246500	1.238329	1.294873
1.247354	1.241501	1.319946
1.248135	1.244707	1.343893
1.248844	1.247946	1.366707
1.249483	1.251217	1.388386
1.250057	1.254520	1.408936
1.250568	1.257854	1.428366
1.251019	1.261217	1.446689
1.251412	1.264609	1.463922
1.251750	1.268028	1.480083
1.252037	1.271475	1.495193
1.252275	1.274947	1.509273
1.252468	1.278445	1.522347
1.252617	1.281967	1.534436
1.252726	1.285512	1.545564
1.252797	1.289079	1.555753
1.252834	1.292668	1.565024
1.252840	1.296278	1.573399
1.252816	1.299907	1.580896
1.252767	1.303556	1.587535
1.252695	1.307222	1.593334
1.252602	1.310905	1.598308
1.252493	1.314604	1.602473
1.252368	1.318319	1.605843
1.252233	1.322047	1.608429
1.252088	1.325789	1.610243
1.251938	1.329544	1.611294
1.251784	1.333310	1.611590
1.251631	1.337087	1.611139
1.251480	1.340874	1.609947
1.251335	1.344670	1.608016
1.251198	1.348473	1.605352
1.251072	1.352284	1.601955
1.250961	1.356101	1.597827
1.250867	1.359924	1.592968
1.250792	1.363750	1.587377
1.250741	1.367580	1.581052
1.250715	1.371413	1.573991
1.250717	1.375248	1.566190
1.250751	1.379083	1.557646
1.250819	1.382918	1.548354
1.250924	1.386753	1.538310
1.251069	1.390585	1.527509
1.251257	1.394415	1.515947
1.251490	1.398240	1.503619
1.251772	1.402062	1.490522
1.252106	1.405877	1.476651
1.252493	1.409687	1.462005
1.252938	1.413489	1.446581
1.253443	1.417283	1.430381
1.254010	1.421068	1.413406
1.254644	1.424842	1.395659
1.255345	1.428606	1.377147
1.256119	1.432358	1.357878
1.256966	1.436098	1.337863
1.257891	1.439823	1.317116
1.258895	1.443535	1.295657
1.259983	1.447231	1.273506
1.261156	1.450910	1.250688
1.262418	1.454573	1.227233
1.263771	1.458217	1.203174
1.265218	1.461842	1.178549
1.266763	1.465448	1.153399
1.268408	1.469032	1.127769
1.270156	1.472595	1.101709
1.272009	1.476135	1.075270
1.273971	1.479652	1.048508
1.276045	1.483145	1.021481
1.278233	1.486612	0.994247
1.280538	1.490053	0.966867
1.282963	1.493466	0.939404
1.285511	1.496852	0.911918
1.288185	1.500209	0.884470
1.290988	1.503536	0.857119
1.293922	1.506833	0.829923
