t	x(t)	y(t)	theta(t)	v(t)	gamma(t)	efa
0.001042	0.641400	0.286345	0.106569	0.250000	1.114149	0.043278
0.011639	0.641400	0.286345	0.106569	0.250000	1.114149	0.043278
0.020095	0.641400	0.286345	0.106569	0.250000	1.114149	0.043278
0.021732	0.641400	0.286345	0.106569	0.250000	1.114149	0.043278
0.032417	0.641400	0.286345	0.106569	0.250000	1.114149	0.043278
0.041878	0.641400	0.286345	0.106569	0.250000	1.114149	0.043278
0.051956	0.641400	0.286345	0.106569	0.250000	1.114149	0.043278
0.061573	0.641400	0.286345	0.106569	0.250000	1.114149	0.043278
0.071694	0.641400	0.286345	0.106569	0.250000	1.114149	0.043278
0.081623	0.641400	0.286345	0.106569	0.250000	1.114149	0.043278
0.091940	0.641400	0.286345	0.106569	0.250000	1.114149	0.043278
0.101702	0.641400	0.286345	0.106569	0.250000	1.114149	0.043278
0.111437	0.641400	0.286345	0.106569	0.250000	1.114149	0.043278
0.121627	0.641400	0.286345	0.106569	0.250000	1.114149	0.043278
0.131463	0.641400	0.286345	0.106569	0.250000	1.114149	0.043278
0.141844	0.641400	0.286345	0.106569	0.250000	1.114149	0.043278
0.151561	0.641400	0.286345	0.106569	0.250000	1.114149	0.043278
0.162189	0.641400	0.286345	0.106569	0.250000	1.114149	0.043278
0.172926	0.641400	0.286345	0.106569	0.250000	1.114149	0.043278
0.181673	0.641400	0.286345	0.106569	0.250000	1.114149	0.043278
0.191510	0.642417	0.286475	0.097411	0.250000	1.132091	0.044211
0.202178	0.642417	0.286475	0.097411	0.250000	1.132091	0.044211
0.211996	0.642417	0.286475	0.097411	0.250000	1.132091	0.044211
0.221756	0.642417	0.286475	0.097411	0.250000	1.132091	0.044211
0.231491	0.642417	0.286475	0.097411	0.250000	1.132091	0.044211
0.241482	0.642417	0.286475	0.097411	0.250000	1.132091	0.044211
0.251983	0.642417	0.286475	0.097411	0.250000	1.132091	0.044211
0.261786	0.645703	0.288480	0.104731	0.250000	1.136725	0.043688
0.271697	0.645703	0.288480	0.104731	0.250000	1.136725	0.043688
0.282279	0.645703	0.288480	0.104731	0.250000	1.136725	0.043688
0.292004	0.645703	0.288480	0.104731	0.250000	1.136725	0.043688
0.302838	0.652383	0.288589	0.120209	0.250000	1.183149	0.046500
0.312078	0.652383	0.288589	0.120209	0.250000	1.183149	0.046500
0.321458	0.652383	0.288589	0.120209	0.250000	1.183149	0.046500
0.331460	0.652383	0.288589	0.120209	0.250000	1.183149	0.046500
0.341784	0.661857	0.290587	0.155609	0.250000	1.181370	0.045944
0.351899	0.661857	0.290587	0.155609	0.250000	1.181370	0.045944
0.362257	0.661857	0.290587	0.155609	0.250000	1.181370	0.045944
0.372075	0.661857	0.290587	0.155609	0.250000	1.181370	0.045944
0.381798	0.673021	0.290101	0.183487	0.250000	1.224915	0.049206
0.391643	0.673021	0.290101	0.183487	0.250000	1.224915	0.049206
0.402035	0.682011	0.292489	0.201356	0.250000	1.303076	0.052262
0.412084	0.682011	0.292489	0.201356	0.250000	1.303076	0.052262
0.421803	0.682011	0.292489	0.201356	0.250000	1.303076	0.052262
0.432282	0.691686	0.294450	0.212838	0.250000	1.323727	0.053104
0.441541	0.691686	0.294450	0.212838	0.250000	1.323727	0.053104
0.451472	0.691686	0.294450	0.212838	0.250000	1.323727	0.053104
0.462026	0.691686	0.294450	0.212838	0.250000	1.323727	0.053104
0.471581	0.696121	0.298014	0.222247	0.250000	1.369217	0.053364
0.481468	0.696121	0.298014	0.222247	0.250000	1.369217	0.053364
0.492203	0.696121	0.298014	0.222247	0.250000	1.369217	0.053364
0.501478	0.702593	0.300366	0.247104	0.250000	1.407367	0.054121
0.511618	0.702593	0.300366	0.247104	0.250000	1.407367	0.054121
0.521533	0.702593	0.300366	0.247104	0.250000	1.407367	0.054121
0.531464	0.702593	0.300366	0.247104	0.250000	1.407367	0.054121
0.541897	0.702593	0.300366	0.247104	0.250000	1.407367	0.054121
0.551636	0.707361	0.301163	0.268222	0.250000	1.420534	0.054657
0.562382	0.707361	0.301163	0.268222	0.250000	1.420534	0.054657
0.572476	0.707361	0.301163	0.268222	0.250000	1.420534	0.054657
0.581912	0.714655	0.302091	0.290241	0.250000	1.439252	0.055855
0.592607	0.714655	0.302091	0.290241	0.250000	1.439252	0.055855
0.602911	0.719873	0.304397	0.306350	0.250000	1.454183	0.055772
0.611502	0.719873	0.304397	0.306350	0.250000	1.454183	0.055772
0.621482	0.719873	0.304397	0.306350	0.250000	1.454183	0.055772
0.631513	0.725086	0.307251	0.327783	0.250000	1.458575	0.054950
0.642473	0.725086	0.307251	0.327783	0.250000	1.458575	0.054950
0.651451	0.725086	0.307251	0.327783	0.250000	1.458575	0.054950
0.662013	0.725086	0.307251	0.327783	0.250000	1.458575	0.054950
0.671683	0.725086	0.307251	0.327783	0.250000	1.458575	0.054950
0.681507	0.725086	0.307251	0.327783	0.250000	1.458575	0.054950
0.692192	0.725086	0.307251	0.327783	0.250000	1.458575	0.054950
0.701937	0.725086	0.307251	0.327783	0.250000	1.458575	0.054950
0.711495	0.725086	0.307251	0.327783	0.250000	1.458575	0.054950
0.724407	0.733855	0.310225	0.346062	0.250000	1.528403	0.057381
0.731396	0.733855	0.310225	0.346062	0.250000	1.528403	0.057381
0.741929	0.733855	0.310225	0.346062	0.250000	1.528403	0.057381
0.751738	0.733855	0.310225	0.346062	0.250000	1.528403	0.057381
0.761760	0.733855	0.310225	0.346062	0.250000	1.528403	0.057381
0.771528	0.733855	0.310225	0.346062	0.250000	1.528403	0.057381
0.782022	0.733855	0.310225	0.346062	0.250000	1.528403	0.057381
0.791747	0.733855	0.310225	0.346062	0.250000	1.528403	0.057381
0.802212	0.733855	0.310225	0.346062	0.250000	1.528403	0.057381
0.812306	0.733855	0.310225	0.346062	0.250000	1.528403	0.057381
0.822039	0.748118	0.314776	0.381447	0.250000	1.583303	0.059742
0.831590	0.748118	0.314776	0.381447	0.250000	1.583303	0.059742
0.841533	0.748118	0.314776	0.381447	0.250000	1.583303	0.059742
0.852965	0.762116	0.320206	0.415673	0.250000	1.642074	0.062164
0.862020	0.762116	0.320206	0.415673	0.250000	1.642074	0.062164
0.871847	0.762116	0.320206	0.415673	0.250000	1.642074	0.062164
0.881569	0.762116	0.320206	0.415673	0.250000	1.642074	0.062164
0.891530	0.762116	0.320206	0.415673	0.250000	1.642074	0.062164
0.901558	0.762116	0.320206	0.415673	0.250000	1.642074	0.062164
0.912406	0.762116	0.320206	0.415673	0.250000	1.642074	0.062164
0.921583	0.762116	0.320206	0.415673	0.250000	1.642074	0.062164
0.931487	0.772653	0.327583	0.460472	0.250000	1.671310	0.061899
0.942128	0.772653	0.327583	0.460472	0.250000	1.671310	0.061899
0.951838	0.772653	0.327583	0.460472	0.250000	1.671310	0.061899
0.961620	0.772653	0.327583	0.460472	0.250000	1.671310	0.061899
0.971554	0.772653	0.327583	0.460472	0.250000	1.671310	0.061899
0.981525	0.772653	0.327583	0.460472	0.250000	1.671310	0.061899
0.991618	0.782003	0.334215	0.491281	0.250000	1.673611	0.061198
1.001723	0.782003	0.334215	0.491281	0.250000	1.673611	0.061198
1.011500	0.782003	0.334215	0.491281	0.250000	1.673611	0.061198
1.021574	0.782003	0.334215	0.491281	0.250000	1.673611	0.061198
1.031858	0.782003	0.334215	0.491281	0.250000	1.673611	0.061198
1.041626	0.782003	0.334215	0.491281	0.250000	1.673611	0.061198
1.051628	0.782003	0.334215	0.491281	0.250000	1.673611	0.061198
1.061558	0.782003	0.334215	0.491281	0.250000	1.673611	0.061198
1.071531	0.782003	0.334215	0.491281	0.250000	1.673611	0.061198
1.081553	0.791595	0.343117	0.535476	0.250000	1.704611	0.060899
1.091475	0.791595	0.343117	0.535476	0.250000	1.704611	0.060899
1.101447	0.791595	0.343117	0.535476	0.250000	1.704611	0.060899
1.111496	0.805921	0.350022	0.574533	0.250000	1.780396	0.065897
1.121696	0.805921	0.350022	0.574533	0.250000	1.780396	0.065897
1.136282	0.815945	0.356277	0.632094	0.250000	1.776586	0.068177
1.141500	0.815945	0.356277	0.632094	0.250000	1.776586	0.068177
1.151903	0.815945	0.356277	0.632094	0.250000	1.776586	0.068177
1.161669	0.815945	0.356277	0.632094	0.250000	1.776586	0.068177
1.171475	0.815945	0.356277	0.632094	0.250000	1.776586	0.068177
1.181585	0.825538	0.361292	0.656640	0.250000	1.814739	0.071962
1.191904	0.825538	0.361292	0.656640	0.250000	1.814739	0.071962
1.201679	0.825538	0.361292	0.656640	0.250000	1.814739	0.071962
1.211435	0.825538	0.361292	0.656640	0.250000	1.814739	0.071962
1.222222	0.830120	0.366706	0.679928	0.250000	1.831794	0.072746
1.232094	0.830120	0.366706	0.679928	0.250000	1.831794	0.072746
1.241833	0.830120	0.366706	0.679928	0.250000	1.831794	0.072746
1.251484	0.830120	0.366706	0.679928	0.250000	1.831794	0.072746
1.261543	0.830120	0.366706	0.679928	0.250000	1.831794	0.072746
1.271717	0.830120	0.366706	0.679928	0.250000	1.831794	0.072746
1.281721	0.830120	0.366706	0.679928	0.250000	1.831794	0.072746
1.291503	0.830120	0.366706	0.679928	0.250000	1.831794	0.072746
1.302199	0.837066	0.374985	0.680811	0.250000	1.864276	0.072680
1.311983	0.837066	0.374985	0.680811	0.250000	1.864276	0.072680
1.321802	0.837066	0.374985	0.680811	0.250000	1.864276	0.072680
1.331547	0.837066	0.374985	0.680811	0.250000	1.864276	0.072680
1.341441	0.846575	0.383300	0.730191	0.250000	1.868581	0.075828
1.351595	0.846575	0.383300	0.730191	0.250000	1.868581	0.075828
1.361511	0.846575	0.383300	0.730191	0.250000	1.868581	0.075828
1.371865	0.846575	0.383300	0.730191	0.250000	1.868581	0.075828
1.381631	0.846575	0.383300	0.730191	0.250000	1.868581	0.075828
1.391891	0.857581	0.392454	0.782217	0.250000	1.920799	0.082591
1.401531	0.857581	0.392454	0.782217	0.250000	1.920799	0.082591
1.411594	0.857581	0.392454	0.782217	0.250000	1.920799	0.082591
1.421582	0.857581	0.392454	0.782217	0.250000	1.920799	0.082591
1.431544	0.857581	0.392454	0.782217	0.250000	1.920799	0.082591
1.441506	0.857581	0.392454	0.782217	0.250000	1.920799	0.082591
1.451495	0.857581	0.392454	0.782217	0.250000	1.920799	0.082591
1.463955	0.864688	0.401781	0.830306	0.250000	1.918094	0.085348
1.472095	0.864688	0.401781	0.830306	0.250000	1.918094	0.085348
1.481484	0.864688	0.401781	0.830306	0.250000	1.918094	0.085348
1.491590	0.864688	0.401781	0.830306	0.250000	1.918094	0.085348
1.501557	0.864688	0.401781	0.830306	0.250000	1.918094	0.085348
1.512173	0.864688	0.401781	0.830306	0.250000	1.918094	0.085348
1.521515	0.864688	0.401781	0.830306	0.250000	1.918094	0.085348
1.531544	0.864688	0.401781	0.830306	0.250000	1.918094	0.085348
1.541528	0.872321	0.411891	0.866440	0.250000	1.964771	0.090362
1.551497	0.872321	0.411891	0.866440	0.250000	1.964771	0.090362
1.561512	0.872321	0.411891	0.866440	0.250000	1.964771	0.090362
1.571536	0.872321	0.411891	0.866440	0.250000	1.964771	0.090362
1.581809	0.872321	0.411891	0.866440	0.250000	1.964771	0.090362
1.593529	0.872321	0.411891	0.866440	0.250000	1.964771	0.090362
1.601475	0.872321	0.411891	0.866440	0.250000	1.964771	0.090362
1.611522	0.872321	0.411891	0.866440	0.250000	1.964771	0.090362
1.621729	0.879746	0.425431	0.900816	0.250000	1.962890	0.091661
1.631556	0.879746	0.425431	0.900816	0.250000	1.962890	0.091661
1.641519	0.879746	0.425431	0.900816	0.250000	1.962890	0.091661
1.651492	0.879746	0.425431	0.900816	0.250000	1.962890	0.091661
1.661787	0.879746	0.425431	0.900816	0.250000	1.962890	0.091661
1.671549	0.879746	0.425431	0.900816	0.250000	1.962890	0.091661
1.682289	0.890787	0.437966	0.955257	0.250000	2.004156	0.101068
1.691492	0.890787	0.437966	0.955257	0.250000	2.004156	0.101068
1.701509	0.890787	0.437966	0.955257	0.250000	2.004156	0.101068
1.711569	0.890787	0.437966	0.955257	0.250000	2.004156	0.101068
1.721527	0.895996	0.449333	0.990729	0.250000	2.035724	0.106151
1.731622	0.895996	0.449333	0.990729	0.250000	2.035724	0.106151
1.742102	0.895996	0.449333	0.990729	0.250000	2.035724	0.106151
1.751852	0.900562	0.456369	1.026914	0.250000	2.043207	0.111481
1.761508	0.900562	0.456369	1.026914	0.250000	2.043207	0.111481
1.771442	0.900562	0.456369	1.026914	0.250000	2.043207	0.111481
1.781642	0.900562	0.456369	1.026914	0.250000	2.043207	0.111481
1.791572	0.900562	0.456369	1.026914	0.250000	2.043207	0.111481
1.801645	0.900562	0.456369	1.026914	0.250000	2.043207	0.111481
1.811564	0.900562	0.456369	1.026914	0.250000	2.043207	0.111481
1.823109	0.904721	0.464298	1.054120	0.250000	2.052646	0.115669
1.831528	0.904721	0.464298	1.054120	0.250000	2.052646	0.115669
1.841511	0.904721	0.464298	1.054120	0.250000	2.052646	0.115669
1.851505	0.904721	0.464298	1.054120	0.250000	2.052646	0.115669
1.861838	0.909661	0.471654	1.083414	0.250000	2.064226	0.121397
1.872425	0.909661	0.471654	1.083414	0.250000	2.064226	0.121397
1.881562	0.909661	0.471654	1.083414	0.250000	2.064226	0.121397
1.891771	0.909661	0.471654	1.083414	0.250000	2.064226	0.121397
1.901555	0.913274	0.479488	1.104855	0.250000	2.074927	0.125359
1.911620	0.913274	0.479488	1.104855	0.250000	2.074927	0.125359
1.921512	0.913274	0.479488	1.104855	0.250000	2.074927	0.125359
1.931492	0.913274	0.479488	1.104855	0.250000	2.074927	0.125359
1.943017	0.916370	0.487356	1.132781	0.250000	2.079351	0.129803
1.951556	0.916370	0.487356	1.132781	0.250000	2.079351	0.129803
1.962660	0.916370	0.487356	1.132781	0.250000	2.079351	0.129803
1.971502	0.916370	0.487356	1.132781	0.250000	2.079351	0.129803
1.981926	0.916370	0.487356	1.132781	0.250000	2.079351	0.129803
1.991708	0.916370	0.487356	1.132781	0.250000	2.079351	0.129803
2.001482	0.916370	0.487356	1.132781	0.250000	2.079351	0.129803
2.011503	0.918632	0.497865	1.171952	0.250000	2.070006	0.133961
2.021962	0.918632	0.497865	1.171952	0.250000	2.070006	0.133961
2.031698	0.918632	0.497865	1.171952	0.250000	2.070006	0.133961
2.041519	0.918632	0.497865	1.171952	0.250000	2.070006	0.133961
2.052168	0.918632	0.497865	1.171952	0.250000	2.070006	0.133961
2.061929	0.921776	0.508675	1.220625	0.250000	2.078408	0.142785
2.071952	0.921776	0.508675	1.220625	0.250000	2.078408	0.142785
2.081518	0.921776	0.508675	1.220625	0.250000	2.078408	0.142785
2.092102	0.921776	0.508675	1.220625	0.250000	2.078408	0.142785
2.101919	0.921776	0.508675	1.220625	0.250000	2.078408	0.142785
2.112616	0.921776	0.508675	1.220625	0.250000	2.078408	0.142785
2.121558	0.921776	0.508675	1.220625	0.250000	2.078408	0.142785
2.132241	0.924385	0.519582	1.254166	0.250000	2.092374	0.150096
2.141942	0.924385	0.519582	1.254166	0.250000	2.092374	0.150096
2.151738	0.924385	0.519582	1.254166	0.250000	2.092374	0.150096
2.161612	0.929083	0.528333	1.288759	0.250000	2.091980	0.158263
2.171544	0.929083	0.528333	1.288759	0.250000	2.091980	0.158263
2.182019	0.929083	0.528333	1.288759	0.250000	2.091980	0.158263
2.191592	0.929083	0.528333	1.288759	0.250000	2.091980	0.158263
2.201569	0.928793	0.536710	1.310560	0.250000	2.087714	0.160641
2.211574	0.928793	0.536710	1.310560	0.250000	2.087714	0.160641
2.222040	0.928793	0.536710	1.310560	0.250000	2.087714	0.160641
2.231730	0.928793	0.536710	1.310560	0.250000	2.087714	0.160641
2.241511	0.928793	0.536710	1.310560	0.250000	2.087714	0.160641
2.251481	0.928793	0.536710	1.310560	0.250000	2.087714	0.160641
2.262009	0.928793	0.536710	1.310560	0.250000	2.087714	0.160641
2.272859	0.930138	0.546775	1.410973	0.250000	2.058934	0.178076
2.281717	0.930138	0.546775	1.410973	0.250000	2.058934	0.178076
2.292300	0.930138	0.546775	1.410973	0.250000	2.058934	0.178076
2.304950	0.929881	0.558653	1.447650	0.250000	2.067097	0.187135
2.311907	0.929881	0.558653	1.447650	0.250000	2.067097	0.187135
2.321615	0.929881	0.558653	1.447650	0.250000	2.067097	0.187135
2.332304	0.929881	0.558653	1.447650	0.250000	2.067097	0.187135
2.342091	0.929881	0.558653	1.447650	0.250000	2.067097	0.187135
2.351835	0.929881	0.558653	1.447650	0.250000	2.067097	0.187135
2.361671	0.933773	0.570112	1.550778	0.250000	2.022508	0.207221
2.372381	0.933773	0.570112	1.550778	0.250000	2.022508	0.207221
2.382091	0.933773	0.570112	1.550778	0.250000	2.022508	0.207221
2.391804	0.933773	0.570112	1.550778	0.250000	2.022508	0.207221
2.401607	0.933739	0.578316	1.518658	0.250000	2.048844	0.203808
2.411484	0.933739	0.578316	1.518658	0.250000	2.048844	0.203808
2.421492	0.933739	0.578316	1.518658	0.250000	2.048844	0.203808
2.431808	0.935171	0.587343	1.553255	0.250000	2.042358	0.213218
2.441655	0.935171	0.587343	1.553255	0.250000	2.042358	0.213218
2.451529	0.935171	0.587343	1.553255	0.250000	2.042358	0.213218
2.461575	0.935171	0.587343	1.553255	0.250000	2.042358	0.213218
2.471900	0.935171	0.587343	1.553255	0.250000	2.042358	0.213218
2.484595	0.935171	0.587343	1.553255	0.250000	2.042358	0.213218
2.491425	0.935171	0.587343	1.553255	0.250000	2.042358	0.213218
2.502126	0.935795	0.596276	1.585170	0.250000	2.034575	0.221748
2.511935	0.935795	0.596276	1.585170	0.250000	2.034575	0.221748
2.521683	0.935795	0.596276	1.585170	0.250000	2.034575	0.221748
2.531493	0.935795	0.596276	1.585170	0.250000	2.034575	0.221748
2.541579	0.935795	0.596276	1.585170	0.250000	2.034575	0.221748
2.551958	0.936753	0.607800	1.630660	0.250000	2.013605	0.232218
2.561615	0.936753	0.607800	1.630660	0.250000	2.013605	0.232218
2.571526	0.936753	0.607800	1.630660	0.250000	2.013605	0.232218
2.582140	0.936180	0.616627	1.724767	0.250000	1.950874	0.247279
2.591906	0.936180	0.616627	1.724767	0.250000	1.950874	0.247279
2.601703	0.936180	0.616627	1.724767	0.250000	1.950874	0.247279
2.611527	0.936180	0.616627	1.724767	0.250000	1.950874	0.247279
2.622232	0.936180	0.616627	1.724767	0.250000	1.950874	0.247279
2.631949	0.936180	0.616627	1.724767	0.250000	1.950874	0.247279
2.641729	0.934872	0.628334	1.761093	0.250000	1.935079	0.256971
2.651465	0.934872	0.628334	1.761093	0.250000	1.935079	0.256971
2.662231	0.934872	0.628334	1.761093	0.250000	1.935079	0.256971
2.671948	0.934872	0.628334	1.761093	0.250000	1.935079	0.256971
2.681751	0.931960	0.636620	1.849122	0.250000	1.868349	0.269091
2.691469	0.931960	0.636620	1.849122	0.250000	1.868349	0.269091
2.701589	0.931960	0.636620	1.849122	0.250000	1.868349	0.269091
2.712172	0.931960	0.636620	1.849122	0.250000	1.868349	0.269091
2.721498	0.930060	0.646309	1.812990	0.250000	1.906544	0.269809
2.731497	0.930060	0.646309	1.812990	0.250000	1.906544	0.269809
2.742197	0.930060	0.646309	1.812990	0.250000	1.906544	0.269809
2.752012	0.930060	0.646309	1.812990	0.250000	1.906544	0.269809
2.761876	0.930060	0.646309	1.812990	0.250000	1.906544	0.269809
2.771544	0.930060	0.646309	1.812990	0.250000	1.906544	0.269809
2.782285	0.930060	0.646309	1.812990	0.250000	1.906544	0.269809
2.792010	0.927464	0.654985	1.787901	0.250000	1.932468	0.269612
2.801724	0.927464	0.654985	1.787901	0.250000	1.932468	0.269612
2.811552	0.927464	0.654985	1.787901	0.250000	1.932468	0.269612
2.822855	0.927464	0.654985	1.787901	0.250000	1.932468	0.269612
2.831822	0.927464	0.654985	1.787901	0.250000	1.932468	0.269612
2.841835	0.927464	0.654985	1.787901	0.250000	1.932468	0.269612
2.851643	0.927464	0.654985	1.787901	0.250000	1.932468	0.269612
2.861546	0.926561	0.665690	1.769837	0.250000	1.956069	0.273742
2.872072	0.926561	0.665690	1.769837	0.250000	1.956069	0.273742
2.881755	0.926561	0.665690	1.769837	0.250000	1.956069	0.273742
2.891668	0.926561	0.665690	1.769837	0.250000	1.956069	0.273742
2.902316	0.926561	0.665690	1.769837	0.250000	1.956069	0.273742
2.912086	0.926561	0.665690	1.769837	0.250000	1.956069	0.273742
2.921809	0.926561	0.665690	1.769837	0.250000	1.956069	0.273742
2.931634	0.921999	0.675601	1.870400	0.250000	1.868602	0.288746
2.941556	0.921999	0.675601	1.870400	0.250000	1.868602	0.288746
2.951591	0.921999	0.675601	1.870400	0.250000	1.868602	0.288746
2.961752	0.921999	0.675601	1.870400	0.250000	1.868602	0.288746
2.971698	0.921999	0.675601	1.870400	0.250000	1.868602	0.288746
2.981560	0.921999	0.675601	1.870400	0.250000	1.868602	0.288746
2.992121	0.919730	0.687496	1.906413	0.250000	1.835913	0.300990
3.002133	0.919730	0.687496	1.906413	0.250000	1.835913	0.300990
3.012055	0.919730	0.687496	1.906413	0.250000	1.835913	0.300990
3.021497	0.919730	0.687496	1.906413	0.250000	1.835913	0.300990
3.032281	0.919730	0.687496	1.906413	0.250000	1.835913	0.300990
3.041927	0.919730	0.687496	1.906413	0.250000	1.835913	0.300990
3.051627	0.914650	0.697767	1.985451	0.250000	1.755716	0.310082
3.062404	0.914650	0.697767	1.985451	0.250000	1.755716	0.310082
3.071617	0.914650	0.697767	1.985451	0.250000	1.755716	0.310082
3.081952	0.912950	0.708192	1.959733	0.250000	1.781968	0.315109
3.092644	0.912950	0.708192	1.959733	0.250000	1.781968	0.315109
3.101436	0.912950	0.708192	1.959733	0.250000	1.781968	0.315109
3.111541	0.912950	0.708192	1.959733	0.250000	1.781968	0.315109
3.121934	0.908865	0.714824	2.032612	0.250000	1.705598	0.321779
3.131737	0.908865	0.714824	2.032612	0.250000	1.705598	0.321779
3.141503	0.908865	0.714824	2.032612	0.250000	1.705598	0.321779
3.151523	0.907062	0.721008	2.007237	0.250000	1.731041	0.324158
3.161968	0.907062	0.721008	2.007237	0.250000	1.731041	0.324158
3.171580	0.907062	0.721008	2.007237	0.250000	1.731041	0.324158
3.181628	0.907062	0.721008	2.007237	0.250000	1.731041	0.324158
3.191562	0.907062	0.721008	2.007237	0.250000	1.731041	0.324158
3.201484	0.907062	0.721008	2.007237	0.250000	1.731041	0.324158
3.211561	0.907062	0.721008	2.007237	0.250000	1.731041	0.324158
3.221508	0.907062	0.721008	2.007237	0.250000	1.731041	0.324158
3.231489	0.902845	0.728628	2.029658	0.250000	1.705220	0.328820
3.241909	0.902845	0.728628	2.029658	0.250000	1.705220	0.328820
3.251545	0.902845	0.728628	2.029658	0.250000	1.705220	0.328820
3.261520	0.902845	0.728628	2.029658	0.250000	1.705220	0.328820
3.271493	0.902845	0.728628	2.029658	0.250000	1.705220	0.328820
3.281562	0.902845	0.728628	2.029658	0.250000	1.705220	0.328820
3.291740	0.897033	0.736880	2.016840	0.250000	1.714540	0.331009
3.301505	0.897033	0.736880	2.016840	0.250000	1.714540	0.331009
3.312258	0.897033	0.736880	2.016840	0.250000	1.714540	0.331009
3.322029	0.897033	0.736880	2.016840	0.250000	1.714540	0.331009
3.331766	0.897033	0.736880	2.016840	0.250000	1.714540	0.331009
3.341638	0.897033	0.736880	2.016840	0.250000	1.714540	0.331009
3.351604	0.897033	0.736880	2.016840	0.250000	1.714540	0.331009
3.361755	0.897033	0.736880	2.016840	0.250000	1.714540	0.331009
3.371602	0.890018	0.747030	2.058327	0.250000	1.667408	0.334855
3.381609	0.890018	0.747030	2.058327	0.250000	1.667408	0.334855
3.396483	0.890018	0.747030	2.058327	0.250000	1.667408	0.334855
3.401483	0.890018	0.747030	2.058327	0.250000	1.667408	0.334855
3.411879	0.882718	0.756794	2.100468	0.250000	1.618677	0.337232
3.421564	0.882718	0.756794	2.100468	0.250000	1.618677	0.337232
3.431453	0.882718	0.756794	2.100468	0.250000	1.618677	0.337232
3.442149	0.882718	0.756794	2.100468	0.250000	1.618677	0.337232
3.451860	0.877490	0.766734	2.134918	0.250000	1.578565	0.340803
3.461995	0.877490	0.766734	2.134918	0.250000	1.578565	0.340803
3.472338	0.877490	0.766734	2.134918	0.250000	1.578565	0.340803
3.485036	0.872540	0.773373	2.162353	0.250000	1.546456	0.340971
3.491810	0.872540	0.773373	2.162353	0.250000	1.546456	0.340971
3.501570	0.872540	0.773373	2.162353	0.250000	1.546456	0.340971
3.511546	0.872540	0.773373	2.162353	0.250000	1.546456	0.340971
3.522118	0.869117	0.779049	2.183998	0.250000	1.521842	0.341255
3.531874	0.869117	0.779049	2.183998	0.250000	1.521842	0.341255
3.543200	0.869117	0.779049	2.183998	0.250000	1.521842	0.341255
3.551821	0.869117	0.779049	2.183998	0.250000	1.521842	0.341255
3.562144	0.866271	0.784381	2.205768	0.250000	1.495989	0.342153
3.571835	0.866271	0.784381	2.205768	0.250000	1.495989	0.342153
3.581568	0.866271	0.784381	2.205768	0.250000	1.495989	0.342153
3.591481	0.866271	0.784381	2.205768	0.250000	1.495989	0.342153
3.601548	0.862556	0.790093	2.219926	0.250000	1.478928	0.342434
3.611901	0.862556	0.790093	2.219926	0.250000	1.478928	0.342434
3.621559	0.862556	0.790093	2.219926	0.250000	1.478928	0.342434
3.631537	0.856904	0.796117	2.247441	0.250000	1.445498	0.340460
3.641533	0.856904	0.796117	2.247441	0.250000	1.445498	0.340460
3.651480	0.856904	0.796117	2.247441	0.250000	1.445498	0.340460
3.661586	0.856904	0.796117	2.247441	0.250000	1.445498	0.340460
3.671445	0.856904	0.796117	2.247441	0.250000	1.445498	0.340460
3.682164	0.856904	0.796117	2.247441	0.250000	1.445498	0.340460
3.691603	0.848884	0.800477	2.271919	0.250000	1.411828	0.335819
3.701884	0.848884	0.800477	2.271919	0.250000	1.411828	0.335819
3.712408	0.848884	0.800477	2.271919	0.250000	1.411828	0.335819
3.721499	0.848884	0.800477	2.271919	0.250000	1.411828	0.335819
3.731485	0.848884	0.800477	2.271919	0.250000	1.411828	0.335819
3.741697	0.842064	0.808686	2.324753	0.250000	1.349423	0.330589
3.751478	0.842064	0.808686	2.324753	0.250000	1.349423	0.330589
3.761582	0.842064	0.808686	2.324753	0.250000	1.349423	0.330589
3.771569	0.842064	0.808686	2.324753	0.250000	1.349423	0.330589
3.781512	0.842064	0.808686	2.324753	0.250000	1.349423	0.330589
3.791549	0.842064	0.808686	2.324753	0.250000	1.349423	0.330589
3.801501	0.842064	0.808686	2.324753	0.250000	1.349423	0.330589
3.811564	0.842064	0.808686	2.324753	0.250000	1.349423	0.330589
3.821771	0.833964	0.815486	2.375708	0.250000	1.288272	0.322580
3.831547	0.833964	0.815486	2.375708	0.250000	1.288272	0.322580
3.842290	0.833964	0.815486	2.375708	0.250000	1.288272	0.322580
3.852036	0.833964	0.815486	2.375708	0.250000	1.288272	0.322580
3.861780	0.833964	0.815486	2.375708	0.250000	1.288272	0.322580
3.871635	0.833964	0.815486	2.375708	0.250000	1.288272	0.322580
3.882740	0.833964	0.815486	2.375708	0.250000	1.288272	0.322580
3.891737	0.823997	0.823700	2.427558	0.250000	1.221914	0.312895
3.901824	0.823997	0.823700	2.427558	0.250000	1.221914	0.312895
3.911690	0.823997	0.823700	2.427558	0.250000	1.221914	0.312895
3.921542	0.823997	0.823700	2.427558	0.250000	1.221914	0.312895
3.932063	0.813672	0.828065	2.455220	0.250000	1.182776	0.303874
3.941785	0.813672	0.828065	2.455220	0.250000	1.182776	0.303874
3.951714	0.813672	0.828065	2.455220	0.250000	1.182776	0.303874
3.961486	0.813672	0.828065	2.455220	0.250000	1.182776	0.303874
3.971537	0.813672	0.828065	2.455220	0.250000	1.182776	0.303874
3.981992	0.813672	0.828065	2.455220	0.250000	1.182776	0.303874
3.991630	0.813672	0.828065	2.455220	0.250000	1.182776	0.303874
4.002447	0.805383	0.834327	2.484617	0.250000	1.141755	0.296562
4.011545	0.805383	0.834327	2.484617	0.250000	1.141755	0.296562
4.023919	0.805383	0.834327	2.484617	0.250000	1.141755	0.296562
4.031710	0.805383	0.834327	2.484617	0.250000	1.141755	0.296562
4.041501	0.805383	0.834327	2.484617	0.250000	1.141755	0.296562
4.051509	0.805383	0.834327	2.484617	0.250000	1.141755	0.296562
4.061488	0.805383	0.834327	2.484617	0.250000	1.141755	0.296562
4.071616	0.797501	0.836281	2.518998	0.250000	1.094972	0.285793
4.082348	0.797501	0.836281	2.518998	0.250000	1.094972	0.285793
4.092090	0.797501	0.836281	2.518998	0.250000	1.094972	0.285793
4.102960	0.791416	0.840056	2.545061	0.250000	1.059732	0.278931
4.111720	0.791416	0.840056	2.545061	0.250000	1.059732	0.278931
4.121542	0.791416	0.840056	2.545061	0.250000	1.059732	0.278931
4.132149	0.791416	0.840056	2.545061	0.250000	1.059732	0.278931
4.141934	0.791416	0.840056	2.545061	0.250000	1.059732	0.278931
4.151666	0.791416	0.840056	2.545061	0.250000	1.059732	0.278931
4.161568	0.788776	0.843239	2.567842	0.250000	1.031506	0.274747
4.171555	0.788776	0.843239	2.567842	0.250000	1.031506	0.274747
4.182026	0.788776	0.843239	2.567842	0.250000	1.031506	0.274747
4.191729	0.788776	0.843239	2.567842	0.250000	1.031506	0.274747
4.201559	0.788776	0.843239	2.567842	0.250000	1.031506	0.274747
4.212198	0.788235	0.848842	2.586138	0.250000	1.011755	0.274558
4.221914	0.788235	0.848842	2.586138	0.250000	1.011755	0.274558
4.231667	0.788235	0.848842	2.586138	0.250000	1.011755	0.274558
4.241455	0.788235	0.848842	2.586138	0.250000	1.011755	0.274558
4.251482	0.783576	0.849005	2.605632	0.250000	0.983419	0.267244
4.262620	0.783576	0.849005	2.605632	0.250000	0.983419	0.267244
4.271923	0.783576	0.849005	2.605632	0.250000	0.983419	0.267244
4.281625	0.776065	0.846829	2.617174	0.250000	0.960641	0.258139
4.292269	0.776065	0.846829	2.617174	0.250000	0.960641	0.258139
4.301987	0.776065	0.846829	2.617174	0.250000	0.960641	0.258139
4.311736	0.771590	0.846493	2.628527	0.250000	0.941163	0.252182
4.321878	0.771590	0.846493	2.628527	0.250000	0.941163	0.252182
4.331481	0.771590	0.846493	2.628527	0.250000	0.941163	0.252182
4.341558	0.771590	0.846493	2.628527	0.250000	0.941163	0.252182
4.351555	0.770241	0.849541	2.638800	0.250000	0.928159	0.250911
4.361557	0.770241	0.849541	2.638800	0.250000	0.928159	0.250911
4.372296	0.770241	0.849541	2.638800	0.250000	0.928159	0.250911
4.382020	0.770241	0.849541	2.638800	0.250000	0.928159	0.250911
4.391829	0.770241	0.849541	2.638800	0.250000	0.928159	0.250911
4.401515	0.770241	0.849541	2.638800	0.250000	0.928159	0.250911
4.411506	0.770241	0.849541	2.638800	0.250000	0.928159	0.250911
4.421478	0.770241	0.849541	2.638800	0.250000	0.928159	0.250911
4.431389	0.768457	0.852450	2.670053	0.250000	0.887900	0.244525
4.441555	0.768457	0.852450	2.670053	0.250000	0.887900	0.244525
4.451520	0.768457	0.852450	2.670053	0.250000	0.887900	0.244525
4.462185	0.768457	0.852450	2.670053	0.250000	0.887900	0.244525
4.471501	0.768457	0.852450	2.670053	0.250000	0.887900	0.244525
4.481601	0.768457	0.852450	2.670053	0.250000	0.887900	0.244525
4.491504	0.763197	0.853793	2.691115	0.250000	0.856448	0.237360
4.502738	0.763197	0.853793	2.691115	0.250000	0.856448	0.237360
4.511572	0.763197	0.853793	2.691115	0.250000	0.856448	0.237360
4.521599	0.763197	0.853793	2.691115	0.250000	0.856448	0.237360
4.531475	0.758218	0.855906	2.713966	0.250000	0.823240	0.230577
4.542225	0.758218	0.855906	2.713966	0.250000	0.823240	0.230577
4.551842	0.758218	0.855906	2.713966	0.250000	0.823240	0.230577
4.561644	0.758218	0.855906	2.713966	0.250000	0.823240	0.230577
4.572360	0.758218	0.855906	2.713966	0.250000	0.823240	0.230577
4.582114	0.758218	0.855906	2.713966	0.250000	0.823240	0.230577
4.591842	0.758218	0.855906	2.713966	0.250000	0.823240	0.230577
4.601496	0.758218	0.855906	2.713966	0.250000	0.823240	0.230577
4.612379	0.758218	0.855906	2.713966	0.250000	0.823240	0.230577
4.622167	0.758218	0.855906	2.713966	0.250000	0.823240	0.230577
4.631878	0.751232	0.858988	2.728861	0.250000	0.797226	0.224404
4.641657	0.751232	0.858988	2.728861	0.250000	0.797226	0.224404
4.652380	0.751232	0.858988	2.728861	0.250000	0.797226	0.224404
4.662232	0.751232	0.858988	2.728861	0.250000	0.797226	0.224404
4.671893	0.751232	0.858988	2.728861	0.250000	0.797226	0.224404
4.681686	0.751232	0.858988	2.728861	0.250000	0.797226	0.224404
4.692415	0.751232	0.858988	2.728861	0.250000	0.797226	0.224404
4.701630	0.747425	0.863846	2.747198	0.250000	0.770439	0.220252
4.712260	0.747425	0.863846	2.747198	0.250000	0.770439	0.220252
4.721698	0.747425	0.863846	2.747198	0.250000	0.770439	0.220252
4.731431	0.747425	0.863846	2.747198	0.250000	0.770439	0.220252
4.742190	0.747425	0.863846	2.747198	0.250000	0.770439	0.220252
4.751912	0.747425	0.863846	2.747198	0.250000	0.770439	0.220252
4.761758	0.747425	0.863846	2.747198	0.250000	0.770439	0.220252
4.771627	0.747425	0.863846	2.747198	0.250000	0.770439	0.220252
4.781518	0.739995	0.865494	2.770084	0.250000	0.733657	0.212039
4.791915	0.739995	0.865494	2.770084	0.250000	0.733657	0.212039
4.801697	0.739995	0.865494	2.770084	0.250000	0.733657	0.212039
4.811573	0.734845	0.867558	2.786388	0.250000	0.703738	0.205158
4.821426	0.734845	0.867558	2.786388	0.250000	0.703738	0.205158
4.831990	0.734845	0.867558	2.786388	0.250000	0.703738	0.205158
4.841615	0.727293	0.866064	2.807139	0.250000	0.662989	0.194536
4.851505	0.727293	0.866064	2.807139	0.250000	0.662989	0.194536
4.862443	0.727293	0.866064	2.807139	0.250000	0.662989	0.194536
4.872048	0.727293	0.866064	2.807139	0.250000	0.662989	0.194536
4.881786	0.727293	0.866064	2.807139	0.250000	0.662989	0.194536
4.891548	0.727293	0.866064	2.807139	0.250000	0.662989	0.194536
4.901522	0.727293	0.866064	2.807139	0.250000	0.662989	0.194536
4.911586	0.727293	0.866064	2.807139	0.250000	0.662989	0.194536
4.921782	0.721098	0.866665	2.832607	0.250000	0.622834	0.186903
4.931488	0.721098	0.866665	2.832607	0.250000	0.622834	0.186903
4.941710	0.721098	0.866665	2.832607	0.250000	0.622834	0.186903
4.951542	0.721098	0.866665	2.832607	0.250000	0.622834	0.186903
4.961909	0.721098	0.866665	2.832607	0.250000	0.622834	0.186903
4.971630	0.721098	0.866665	2.832607	0.250000	0.622834	0.186903
4.981520	0.721098	0.866665	2.832607	0.250000	0.622834	0.186903
4.996141	0.714211	0.868225	2.854381	0.250000	0.579568	0.177601
5.001501	0.714211	0.868225	2.854381	0.250000	0.579568	0.177601
5.011570	0.714211	0.868225	2.854381	0.250000	0.579568	0.177601
5.021567	0.714211	0.868225	2.854381	0.250000	0.579568	0.177601
5.031690	0.707869	0.870583	2.880380	0.250000	0.535291	0.169936
5.042014	0.707869	0.870583	2.880380	0.250000	0.535291	0.169936
5.052055	0.707869	0.870583	2.880380	0.250000	0.535291	0.169936
5.061525	0.707869	0.870583	2.880380	0.250000	0.535291	0.169936
5.071604	0.707869	0.870583	2.880380	0.250000	0.535291	0.169936
5.081881	0.707869	0.870583	2.880380	0.250000	0.535291	0.169936
5.091617	0.707869	0.870583	2.880380	0.250000	0.535291	0.169936
5.102294	0.701340	0.871834	2.907238	0.250000	0.485728	0.161025
5.111489	0.701340	0.871834	2.907238	0.250000	0.485728	0.161025
5.121647	0.701340	0.871834	2.907238	0.250000	0.485728	0.161025
5.131547	0.701340	0.871834	2.907238	0.250000	0.485728	0.161025
5.141474	0.701340	0.871834	2.907238	0.250000	0.485728	0.161025
5.151559	0.701340	0.871834	2.907238	0.250000	0.485728	0.161025
5.161874	0.695652	0.872798	2.932118	0.250000	0.437488	0.152588
5.171551	0.695652	0.872798	2.932118	0.250000	0.437488	0.152588
5.181499	0.695652	0.872798	2.932118	0.250000	0.437488	0.152588
5.192128	0.695652	0.872798	2.932118	0.250000	0.437488	0.152588
5.202012	0.690658	0.874930	2.950491	0.250000	0.402535	0.147108
5.211684	0.690658	0.874930	2.950491	0.250000	0.402535	0.147108
5.222435	0.690658	0.874930	2.950491	0.250000	0.402535	0.147108
5.231512	0.690658	0.874930	2.950491	0.250000	0.402535	0.147108
5.241940	0.685689	0.877602	2.970485	0.250000	0.365613	0.141803
5.251491	0.685689	0.877602	2.970485	0.250000	0.365613	0.141803
5.261511	0.685689	0.877602	2.970485	0.250000	0.365613	0.141803
5.271573	0.685689	0.877602	2.970485	0.250000	0.365613	0.141803
5.282099	0.680034	0.877361	2.984123	0.250000	0.329705	0.135144
5.291703	0.680034	0.877361	2.984123	0.250000	0.329705	0.135144
5.302864	0.680034	0.877361	2.984123	0.250000	0.329705	0.135144
5.311521	0.674205	0.876927	2.999364	0.250000	0.288632	0.127925
5.321921	0.674205	0.876927	2.999364	0.250000	0.288632	0.127925
5.331720	0.674205	0.876927	2.999364	0.250000	0.288632	0.127925
5.341630	0.669794	0.876628	2.999691	0.250000	0.284709	0.126924
5.352240	0.669794	0.876628	2.999691	0.250000	0.284709	0.126924
5.362093	0.669794	0.876628	2.999691	0.250000	0.284709	0.126924
5.371769	0.669794	0.876628	2.999691	0.250000	0.284709	0.126924
5.381511	0.669794	0.876628	2.999691	0.250000	0.284709	0.126924
5.392282	0.669794	0.876628	2.999691	0.250000	0.284709	0.126924
5.401968	0.666792	0.877267	3.012476	0.250000	0.252080	0.121856
5.411831	0.666792	0.877267	3.012476	0.250000	0.252080	0.121856
5.421468	0.666792	0.877267	3.012476	0.250000	0.252080	0.121856
5.431425	0.666792	0.877267	3.012476	0.250000	0.252080	0.121856
5.442047	0.661444	0.876261	3.028454	0.250000	0.214335	0.116338
5.451594	0.661444	0.876261	3.028454	0.250000	0.214335	0.116338
5.464071	0.661444	0.876261	3.028454	0.250000	0.214335	0.116338
5.472266	0.661444	0.876261	3.028454	0.250000	0.214335	0.116338
5.482027	0.661444	0.876261	3.028454	0.250000	0.214335	0.116338
5.491752	0.661444	0.876261	3.028454	0.250000	0.214335	0.116338
5.501678	0.657410	0.877054	3.045907	0.250000	0.170179	0.110236
5.511538	0.657410	0.877054	3.045907	0.250000	0.170179	0.110236
5.522056	0.657410	0.877054	3.045907	0.250000	0.170179	0.110236
5.531835	0.657410	0.877054	3.045907	0.250000	0.170179	0.110236
5.541571	0.649093	0.873190	3.060210	0.250000	0.119352	0.102248
5.551431	0.649093	0.873190	3.060210	0.250000	0.119352	0.102248
5.562042	0.649093	0.873190	3.060210	0.250000	0.119352	0.102248
5.571800	0.649093	0.873190	3.060210	0.250000	0.119352	0.102248
5.581554	0.649093	0.873190	3.060210	0.250000	0.119352	0.102248
5.591507	0.643258	0.872696	3.064084	0.250000	0.093935	0.098059
5.601573	0.643258	0.872696	3.064084	0.250000	0.093935	0.098059
5.611571	0.643258	0.872696	3.064084	0.250000	0.093935	0.098059
5.621496	0.643258	0.872696	3.064084	0.250000	0.093935	0.098059
5.631525	0.643258	0.872696	3.064084	0.250000	0.093935	0.098059
5.641531	0.634861	0.871169	3.080085	0.250000	0.033968	0.089921
5.651865	0.634861	0.871169	3.080085	0.250000	0.033968	0.089921
5.661605	0.634861	0.871169	3.080085	0.250000	0.033968	0.089921
5.671846	0.634861	0.871169	3.080085	0.250000	0.033968	0.089921
5.682201	0.628672	0.871787	3.094119	0.250000	-0.011302	0.084630
5.691874	0.628672	0.871787	3.094119	0.250000	-0.011302	0.084630
5.701609	0.628672	0.871787	3.094119	0.250000	-0.011302	0.084630
5.711470	0.628672	0.871787	3.094119	0.250000	-0.011302	0.084630
5.721475	0.622090	0.870517	3.112768	0.250000	-0.081329	0.076504
5.732424	0.622090	0.870517	3.112768	0.250000	-0.081329	0.076504
5.741600	0.622090	0.870517	3.112768	0.250000	-0.081329	0.076504
5.752360	0.616787	0.868496	3.117808	0.250000	-0.108054	0.073238
5.761507	0.616787	0.868496	3.117808	0.250000	-0.108054	0.073238
5.771522	0.616787	0.868496	3.117808	0.250000	-0.108054	0.073238
5.784454	0.616787	0.868496	3.117808	0.250000	-0.108054	0.073238
5.791475	0.616787	0.868496	3.117808	0.250000	-0.108054	0.073238
5.802476	0.616787	0.868496	3.117808	0.250000	-0.108054	0.073238
5.811978	0.616787	0.868496	3.117808	0.250000	-0.108054	0.073238
5.821732	0.616787	0.868496	3.117808	0.250000	-0.108054	0.073238
5.831513	0.611734	0.871693	3.118168	0.250000	-0.124306	0.071272
5.842420	0.611734	0.871693	3.118168	0.250000	-0.124306	0.071272
5.851954	0.611734	0.871693	3.118168	0.250000	-0.124306	0.071272
5.861716	0.611734	0.871693	3.118168	0.250000	-0.124306	0.071272
5.871437	0.611734	0.871693	3.118168	0.250000	-0.124306	0.071272
5.881515	0.611734	0.871693	3.118168	0.250000	-0.124306	0.071272
5.891640	0.611734	0.871693	3.118168	0.250000	-0.124306	0.071272
5.901546	0.603791	0.871520	3.124871	0.250000	-0.162820	0.067009
5.911625	0.603791	0.871520	3.124871	0.250000	-0.162820	0.067009
5.921654	0.603791	0.871520	3.124871	0.250000	-0.162820	0.067009
5.931659	0.603791	0.871520	3.124871	0.250000	-0.162820	0.067009
5.941761	0.603791	0.871520	3.124871	0.250000	-0.162820	0.067009
5.951558	0.603791	0.871520	3.124871	0.250000	-0.162820	0.067009
5.964394	0.603791	0.871520	3.124871	0.250000	-0.162820	0.067009
5.971485	0.594420	0.871278	3.131676	0.250000	-0.225038	0.060180
5.981485	0.594420	0.871278	3.131676	0.250000	-0.225038	0.060180
5.991552	0.594420	0.871278	3.131676	0.250000	-0.225038	0.060180
6.002862	0.594420	0.871278	3.131676	0.250000	-0.225038	0.060180
6.011528	0.594420	0.871278	3.131676	0.250000	-0.225038	0.060180
6.021974	0.584241	0.866635	3.135424	0.250000	-0.297113	0.052156
6.031512	0.584241	0.866635	3.135424	0.250000	-0.297113	0.052156
6.041501	0.584241	0.866635	3.135424	0.250000	-0.297113	0.052156
6.051548	0.584241	0.866635	3.135424	0.250000	-0.297113	0.052156
6.061538	0.577919	0.867319	3.131237	0.250000	-0.304664	0.051070
6.071556	0.577919	0.867319	3.131237	0.250000	-0.304664	0.051070
6.081504	0.577919	0.867319	3.131237	0.250000	-0.304664	0.051070
6.092142	0.573319	0.870308	3.125384	0.250000	-0.312929	0.050057
6.102051	0.573319	0.870308	3.125384	0.250000	-0.312929	0.050057
6.111623	0.573319	0.870308	3.125384	0.250000	-0.312929	0.050057
6.122343	0.573319	0.870308	3.125384	0.250000	-0.312929	0.050057
6.132077	0.573319	0.870308	3.125384	0.250000	-0.312929	0.050057
6.141807	0.573319	0.870308	3.125384	0.250000	-0.312929	0.050057
6.151640	0.568471	0.870666	3.122702	0.250000	-0.328715	0.048311
6.162349	0.568471	0.870666	3.122702	0.250000	-0.328715	0.048311
6.172110	0.568471	0.870666	3.122702	0.250000	-0.328715	0.048311
6.181856	0.568471	0.870666	3.122702	0.250000	-0.328715	0.048311
6.191648	0.568471	0.870666	3.122702	0.250000	-0.328715	0.048311
6.202347	0.562662	0.869083	3.121609	0.250000	-0.367675	0.044284
6.212123	0.562662	0.869083	3.121609	0.250000	-0.367675	0.044284
6.221838	0.562662	0.869083	3.121609	0.250000	-0.367675	0.044284
6.232558	0.562662	0.869083	3.121609	0.250000	-0.367675	0.044284
6.241517	0.562662	0.869083	3.121609	0.250000	-0.367675	0.044284
6.251513	0.557377	0.867431	1.042852	0.250000	2.069864	0.094335
6.261901	0.557377	0.867431	1.042852	0.250000	2.069864	0.094335
6.272361	0.557377	0.867431	1.042852	0.250000	2.069864	0.094335
6.281542	0.557377	0.867431	1.042852	0.250000	2.069864	0.094335
6.292179	0.557377	0.867431	1.042852	0.250000	2.069864	0.094335
6.301882	0.557377	0.867431	1.042852	0.250000	2.069864	0.094335
6.311651	0.557377	0.867431	1.042852	0.250000	2.069864	0.094335
6.321434	0.557377	0.867431	1.042852	0.250000	2.069864	0.094335
6.332153	0.554721	0.870814	1.042982	0.250000	2.065499	0.093534
6.341873	0.554721	0.870814	1.042982	0.250000	2.065499	0.093534
6.351660	0.554721	0.870814	1.042982	0.250000	2.065499	0.093534
6.364121	0.554721	0.870814	1.042982	0.250000	2.065499	0.093534
6.372233	0.554721	0.870814	1.042982	0.250000	2.065499	0.093534
6.381958	0.554721	0.870814	1.042982	0.250000	2.065499	0.093534
6.391725	0.554721	0.870814	1.042982	0.250000	2.065499	0.093534
6.401508	0.552841	0.875074	-1.037601	0.250000	-3.980480	-0.129889
6.412258	0.552841	0.875074	-1.037601	0.250000	-3.980480	-0.129889
6.421965	0.552841	0.875074	-1.037601	0.250000	-3.980480	-0.129889
6.431740	0.552841	0.875074	-1.037601	0.250000	-3.980480	-0.129889
6.441464	0.552841	0.875074	-1.037601	0.250000	-3.980480	-0.129889
6.451482	0.552841	0.875074	-1.037601	0.250000	-3.980480	-0.129889
6.462011	0.549166	0.872794	1.041827	0.250000	2.068811	0.093941
6.472762	0.549166	0.872794	1.041827	0.250000	2.068811	0.093941
6.481548	0.549166	0.872794	1.041827	0.250000	2.068811	0.093941
6.491502	0.549166	0.872794	1.041827	0.250000	2.068811	0.093941
6.501966	0.545554	0.873467	-1.038585	0.250000	-3.959272	-0.124286
6.511558	0.545554	0.873467	-1.038585	0.250000	-3.959272	-0.124286
6.521462	0.545554	0.873467	-1.038585	0.250000	-3.959272	-0.124286
6.531441	0.545554	0.873467	-1.038585	0.250000	-3.959272	-0.124286
6.542016	0.538891	0.869092	-1.031981	0.250000	-3.939369	-0.117433
6.551870	0.538891	0.869092	-1.031981	0.250000	-3.939369	-0.117433
6.561568	0.538891	0.869092	-1.031981	0.250000	-3.939369	-0.117433
6.571500	0.533208	0.869116	-3.106160	0.250000	-0.643330	0.024222
6.582068	0.533208	0.869116	-3.106160	0.250000	-0.643330	0.024222
6.591809	0.533208	0.869116	-3.106160	0.250000	-0.643330	0.024222
6.603060	0.533208	0.869116	-3.106160	0.250000	-0.643330	0.024222
6.611548	0.533208	0.869116	-3.106160	0.250000	-0.643330	0.024222
6.622006	0.533208	0.869116	-3.106160	0.250000	-0.643330	0.024222
6.631819	0.533208	0.869116	-3.106160	0.250000	-0.643330	0.024222
6.641574	0.525237	0.864513	-3.095913	0.250000	-0.720769	0.018257
6.651549	0.525237	0.864513	-3.095913	0.250000	-0.720769	0.018257
6.662077	0.525237	0.864513	-3.095913	0.250000	-0.720769	0.018257
6.671849	0.525237	0.864513	-3.095913	0.250000	-0.720769	0.018257
6.681543	0.520186	0.865725	-3.090021	0.250000	-0.756040	0.016070
6.692362	0.520186	0.865725	-3.090021	0.250000	-0.756040	0.016070
6.702077	0.520186	0.865725	-3.090021	0.250000	-0.756040	0.016070
6.712894	0.520186	0.865725	-3.090021	0.250000	-0.756040	0.016070
6.721648	0.520186	0.865725	-3.090021	0.250000	-0.756040	0.016070
6.731505	0.520186	0.865725	-3.090021	0.250000	-0.756040	0.016070
6.742110	0.513920	0.863146	-3.077979	0.250000	-0.815655	0.011993
6.751830	0.513920	0.863146	-3.077979	0.250000	-0.815655	0.011993
6.763661	0.513920	0.863146	-3.077979	0.250000	-0.815655	0.011993
6.771626	0.513920	0.863146	-3.077979	0.250000	-0.815655	0.011993
6.782103	0.510327	0.862437	-3.071361	0.250000	-0.876487	0.007785
6.792385	0.510327	0.862437	-3.071361	0.250000	-0.876487	0.007785
6.801761	0.510327	0.862437	-3.071361	0.250000	-0.876487	0.007785
6.811651	0.510327	0.862437	-3.071361	0.250000	-0.876487	0.007785
6.822165	0.510327	0.862437	-3.071361	0.250000	-0.876487	0.007785
6.831572	0.510327	0.862437	-3.071361	0.250000	-0.876487	0.007785
6.841691	0.510327	0.862437	-3.071361	0.250000	-0.876487	0.007785
6.851469	0.510327	0.862437	-3.071361	0.250000	-0.876487	0.007785
6.861468	0.506087	0.860099	-3.066687	0.250000	-0.913556	0.005069
6.871865	0.506087	0.860099	-3.066687	0.250000	-0.913556	0.005069
6.881788	0.506087	0.860099	-3.066687	0.250000	-0.913556	0.005069
6.891560	0.506087	0.860099	-3.066687	0.250000	-0.913556	0.005069
6.901920	0.506087	0.860099	-3.066687	0.250000	-0.913556	0.005069
6.912982	0.506087	0.860099	-3.066687	0.250000	-0.913556	0.005069
6.921777	0.506087	0.860099	-3.066687	0.250000	-0.913556	0.005069
6.931506	0.506087	0.860099	-3.066687	0.250000	-0.913556	0.005069
6.941504	0.506087	0.860099	-3.066687	0.250000	-0.913556	0.005069
6.951570	0.503042	0.862142	-3.064881	0.250000	-0.929091	0.004310
6.961775	0.503042	0.862142	-3.064881	0.250000	-0.929091	0.004310
6.971518	0.503042	0.862142	-3.064881	0.250000	-0.929091	0.004310
6.981558	0.503042	0.862142	-3.064881	0.250000	-0.929091	0.004310
6.991932	0.498923	0.860633	-3.066270	0.250000	-0.939600	0.003316
7.001575	0.498923	0.860633	-3.066270	0.250000	-0.939600	0.003316
7.011539	0.498923	0.860633	-3.066270	0.250000	-0.939600	0.003316
7.025276	0.498923	0.860633	-3.066270	0.250000	-0.939600	0.003316
7.031984	0.498923	0.860633	-3.066270	0.250000	-0.939600	0.003316
7.041702	0.498923	0.860633	-3.066270	0.250000	-0.939600	0.003316
7.051544	0.498923	0.860633	-3.066270	0.250000	-0.939600	0.003316
7.061845	0.494618	0.860473	-3.065959	0.250000	-0.976514	0.000671
7.071748	0.494618	0.860473	-3.065959	0.250000	-0.976514	0.000671
7.081605	0.494618	0.860473	-3.065959	0.250000	-0.976514	0.000671
7.091614	0.494618	0.860473	-3.065959	0.250000	-0.976514	0.000671
7.102291	0.494618	0.860473	-3.065959	0.250000	-0.976514	0.000671
7.112732	0.494618	0.860473	-3.065959	0.250000	-0.976514	0.000671
7.121817	0.494618	0.860473	-3.065959	0.250000	-0.976514	0.000671
7.131613	0.490330	0.859733	-3.068930	0.250000	-1.012056	-0.002113
7.141567	0.490330	0.859733	-3.068930	0.250000	-1.012056	-0.002113
7.151983	0.490330	0.859733	-3.068930	0.250000	-1.012056	-0.002113
7.161755	0.490330	0.859733	-3.068930	0.250000	-1.012056	-0.002113
7.171512	0.490330	0.859733	-3.068930	0.250000	-1.012056	-0.002113
7.181454	0.485340	0.859285	-3.068640	0.250000	-1.052334	-0.005006
7.192113	0.485340	0.859285	-3.068640	0.250000	-1.052334	-0.005006
7.201834	0.485340	0.859285	-3.068640	0.250000	-1.052334	-0.005006
7.212629	0.481500	0.861027	-3.069772	0.250000	-1.064073	-0.005616
7.222370	0.481500	0.861027	-3.069772	0.250000	-1.064073	-0.005616
7.232045	0.481500	0.861027	-3.069772	0.250000	-1.064073	-0.005616
7.241863	0.477895	0.861288	-3.072649	0.250000	-1.050632	-0.004732
7.251648	0.477895	0.861288	-3.072649	0.250000	-1.050632	-0.004732
7.261470	0.477895	0.861288	-3.072649	0.250000	-1.050632	-0.004732
7.271517	0.477895	0.861288	-3.072649	0.250000	-1.050632	-0.004732
7.281492	0.475128	0.860552	-3.078875	0.250000	-1.080459	-0.007264
7.291656	0.475128	0.860552	-3.078875	0.250000	-1.080459	-0.007264
7.301642	0.475128	0.860552	-3.078875	0.250000	-1.080459	-0.007264
7.311535	0.475128	0.860552	-3.078875	0.250000	-1.080459	-0.007264
7.321852	0.472063	0.856942	-3.088883	0.250000	-1.096401	-0.009449
7.331599	0.472063	0.856942	-3.088883	0.250000	-1.096401	-0.009449
7.341438	0.472063	0.856942	-3.088883	0.250000	-1.096401	-0.009449
7.352157	0.472063	0.856942	-3.088883	0.250000	-1.096401	-0.009449
7.362300	0.472063	0.856942	-3.088883	0.250000	-1.096401	-0.009449
7.371772	0.472063	0.856942	-3.088883	0.250000	-1.096401	-0.009449
7.382409	0.472063	0.856942	-3.088883	0.250000	-1.096401	-0.009449
7.391937	0.468506	0.856237	-3.101826	0.250000	-1.109580	-0.011145
7.401468	0.468506	0.856237	-3.101826	0.250000	-1.109580	-0.011145
7.412696	0.468506	0.856237	-3.101826	0.250000	-1.109580	-0.011145
7.421515	0.468506	0.856237	-3.101826	0.250000	-1.109580	-0.011145
7.431477	0.468506	0.856237	-3.101826	0.250000	-1.109580	-0.011145
7.441965	0.468506	0.856237	-3.101826	0.250000	-1.109580	-0.011145
7.451736	0.468506	0.856237	-3.101826	0.250000	-1.109580	-0.011145
7.461592	0.468506	0.856237	-3.101826	0.250000	-1.109580	-0.011145
7.472242	0.468506	0.856237	-3.101826	0.250000	-1.109580	-0.011145
7.481551	0.463162	0.858131	-3.109605	0.250000	-1.143156	-0.013569
7.491751	0.463162	0.858131	-3.109605	0.250000	-1.143156	-0.013569
7.501445	0.463162	0.858131	-3.109605	0.250000	-1.143156	-0.013569
7.512235	0.463162	0.858131	-3.109605	0.250000	-1.143156	-0.013569
7.521914	0.463162	0.858131	-3.109605	0.250000	-1.143156	-0.013569
7.531666	0.463162	0.858131	-3.109605	0.250000	-1.143156	-0.013569
7.544540	0.455696	0.859172	-3.110566	0.250000	-1.164571	-0.014902
7.551638	0.455696	0.859172	-3.110566	0.250000	-1.164571	-0.014902
7.562007	0.455696	0.859172	-3.110566	0.250000	-1.164571	-0.014902
7.571761	0.455696	0.859172	-3.110566	0.250000	-1.164571	-0.014902
7.581547	0.455696	0.859172	-3.110566	0.250000	-1.164571	-0.014902
7.591508	0.455696	0.859172	-3.110566	0.250000	-1.164571	-0.014902
7.602007	0.449240	0.855795	-3.103370	0.250000	-1.217254	-0.018848
7.611856	0.449240	0.855795	-3.103370	0.250000	-1.217254	-0.018848
7.621560	0.449240	0.855795	-3.103370	0.250000	-1.217254	-0.018848
7.632218	0.449240	0.855795	-3.103370	0.250000	-1.217254	-0.018848
7.642047	0.449240	0.855795	-3.103370	0.250000	-1.217254	-0.018848
7.651531	0.443458	0.855469	-3.099755	0.250000	-1.264353	-0.022063
7.661498	0.443458	0.855469	-3.099755	0.250000	-1.264353	-0.022063
7.671428	0.443458	0.855469	-3.099755	0.250000	-1.264353	-0.022063
7.682054	0.439811	0.855644	-3.106094	0.250000	-1.285213	-0.023841
7.691860	0.439811	0.855644	-3.106094	0.250000	-1.285213	-0.023841
7.701575	0.439811	0.855644	-3.106094	0.250000	-1.285213	-0.023841
7.711860	0.435453	0.858353	-3.119027	0.250000	-1.264321	-0.022441
7.722072	0.435453	0.858353	-3.119027	0.250000	-1.264321	-0.022441
7.731858	0.435453	0.858353	-3.119027	0.250000	-1.264321	-0.022441
7.742529	0.435453	0.858353	-3.119027	0.250000	-1.264321	-0.022441
7.751517	0.435453	0.858353	-3.119027	0.250000	-1.264321	-0.022441
7.762078	0.435453	0.858353	-3.119027	0.250000	-1.264321	-0.022441
7.772041	0.435453	0.858353	-3.119027	0.250000	-1.264321	-0.022441
7.782418	0.435453	0.858353	-3.119027	0.250000	-1.264321	-0.022441
7.791505	0.431336	0.860267	-1.039291	0.250000	-3.490069	-0.036126
7.801446	0.431336	0.860267	-1.039291	0.250000	-3.490069	-0.036126
7.811881	0.431336	0.860267	-1.039291	0.250000	-3.490069	-0.036126
7.821607	0.431336	0.860267	-1.039291	0.250000	-3.490069	-0.036126
7.832325	0.426346	0.859483	1.042154	0.250000	1.859675	0.075929
7.841650	0.426346	0.859483	1.042154	0.250000	1.859675	0.075929
7.852053	0.426346	0.859483	1.042154	0.250000	1.859675	0.075929
7.861729	0.426346	0.859483	1.042154	0.250000	1.859675	0.075929
7.872393	0.426346	0.859483	1.042154	0.250000	1.859675	0.075929
7.881693	0.426346	0.859483	1.042154	0.250000	1.859675	0.075929
7.891560	0.421125	0.857258	3.125533	0.250000	-1.347721	-0.030577
7.901592	0.421125	0.857258	3.125533	0.250000	-1.347721	-0.030577
7.911675	0.421125	0.857258	3.125533	0.250000	-1.347721	-0.030577
7.921523	0.421125	0.857258	3.125533	0.250000	-1.347721	-0.030577
7.931989	0.416635	0.854865	3.117746	0.250000	-1.358589	-0.032353
7.941717	0.416635	0.854865	3.117746	0.250000	-1.358589	-0.032353
7.951524	0.416635	0.854865	3.117746	0.250000	-1.358589	-0.032353
7.962222	0.416635	0.854865	3.117746	0.250000	-1.358589	-0.032353
7.971941	0.416635	0.854865	3.117746	0.250000	-1.358589	-0.032353
7.981787	0.416635	0.854865	3.117746	0.250000	-1.358589	-0.032353
7.991667	0.416635	0.854865	3.117746	0.250000	-1.358589	-0.032353
8.002203	0.410038	0.853144	3.107264	0.250000	-1.394824	-0.036017
8.011971	0.410038	0.853144	3.107264	0.250000	-1.394824	-0.036017
8.021778	0.410038	0.853144	3.107264	0.250000	-1.394824	-0.036017
8.031642	0.410038	0.853144	3.107264	0.250000	-1.394824	-0.036017
8.043466	0.403114	0.856091	3.107417	0.250000	-1.403941	-0.035974
8.051737	0.403114	0.856091	3.107417	0.250000	-1.403941	-0.035974
8.061787	0.403114	0.856091	3.107417	0.250000	-1.403941	-0.035974
8.071692	0.403114	0.856091	3.107417	0.250000	-1.403941	-0.035974
8.082222	0.403114	0.856091	3.107417	0.250000	-1.403941	-0.035974
8.091589	0.403114	0.856091	3.107417	0.250000	-1.403941	-0.035974
8.101825	0.403114	0.856091	3.107417	0.250000	-1.403941	-0.035974
8.111541	0.403114	0.856091	3.107417	0.250000	-1.403941	-0.035974
8.121545	0.403114	0.856091	3.107417	0.250000	-1.403941	-0.035974
8.132062	0.394390	0.855779	3.111127	0.250000	-1.452563	-0.039510
8.141796	0.394390	0.855779	3.111127	0.250000	-1.452563	-0.039510
8.151647	0.394390	0.855779	3.111127	0.250000	-1.452563	-0.039510
8.162301	0.394390	0.855779	3.111127	0.250000	-1.452563	-0.039510
8.172005	0.394390	0.855779	3.111127	0.250000	-1.452563	-0.039510
8.181801	0.394390	0.855779	3.111127	0.250000	-1.452563	-0.039510
8.191539	0.394390	0.855779	3.111127	0.250000	-1.452563	-0.039510
8.201443	0.394390	0.855779	3.111127	0.250000	-1.452563	-0.039510
8.211643	0.385748	0.855082	3.118803	0.250000	-1.509923	-0.043638
8.221561	0.385748	0.855082	3.118803	0.250000	-1.509923	-0.043638
8.231914	0.377637	0.853845	3.114295	0.250000	-1.551347	-0.047491
8.241536	0.377637	0.853845	3.114295	0.250000	-1.551347	-0.047491
8.251559	0.377637	0.853845	3.114295	0.250000	-1.551347	-0.047491
8.261586	0.377637	0.853845	3.114295	0.250000	-1.551347	-0.047491
8.271583	0.371109	0.853842	3.108200	0.250000	-1.578696	-0.050039
8.281547	0.371109	0.853842	3.108200	0.250000	-1.578696	-0.050039
8.292140	0.371109	0.853842	3.108200	0.250000	-1.578696	-0.050039
8.301856	0.371109	0.853842	3.108200	0.250000	-1.578696	-0.050039
8.311606	0.371109	0.853842	3.108200	0.250000	-1.578696	-0.050039
8.321515	0.367563	0.854566	3.101281	0.250000	-1.597857	-0.051764
8.331474	0.367563	0.854566	3.101281	0.250000	-1.597857	-0.051764
8.341861	0.367563	0.854566	3.101281	0.250000	-1.597857	-0.051764
8.351625	0.367563	0.854566	3.101281	0.250000	-1.597857	-0.051764
8.362389	0.363989	0.854477	3.094983	0.250000	-1.590934	-0.051692
8.372185	0.363989	0.854477	3.094983	0.250000	-1.590934	-0.051692
8.381590	0.363989	0.854477	3.094983	0.250000	-1.590934	-0.051692
8.391680	0.361238	0.852740	3.090757	0.250000	-1.601039	-0.053361
8.401541	0.361238	0.852740	3.090757	0.250000	-1.601039	-0.053361
8.411567	0.361238	0.852740	3.090757	0.250000	-1.601039	-0.053361
8.421555	0.361238	0.852740	3.090757	0.250000	-1.601039	-0.053361
8.431764	0.358369	0.852689	3.090936	0.250000	-1.602957	-0.053565
8.442425	0.358369	0.852689	3.090936	0.250000	-1.602957	-0.053565
8.451647	0.358369	0.852689	3.090936	0.250000	-1.602957	-0.053565
8.461489	0.358369	0.852689	3.090936	0.250000	-1.602957	-0.053565
8.471629	0.358369	0.852689	3.090936	0.250000	-1.602957	-0.053565
8.481512	0.358369	0.852689	3.090936	0.250000	-1.602957	-0.053565
8.491428	0.358369	0.852689	3.090936	0.250000	-1.602957	-0.053565
8.501464	0.358369	0.852689	3.090936	0.250000	-1.602957	-0.053565
8.511500	0.354018	0.852938	3.087913	0.250000	-1.632361	-0.056083
8.521439	0.354018	0.852938	3.087913	0.250000	-1.632361	-0.056083
8.531571	0.354018	0.852938	3.087913	0.250000	-1.632361	-0.056083
8.543038	0.350297	0.854863	3.082729	0.250000	-1.645024	-0.056832
8.552123	0.350297	0.854863	3.082729	0.250000	-1.645024	-0.056832
8.561504	0.350297	0.854863	3.082729	0.250000	-1.645024	-0.056832
8.571710	0.350297	0.854863	3.082729	0.250000	-1.645024	-0.056832
8.581571	0.350297	0.854863	3.082729	0.250000	-1.645024	-0.056832
8.591502	0.350297	0.854863	3.082729	0.250000	-1.645024	-0.056832
8.601506	0.346758	0.855978	3.074243	0.250000	-1.660384	-0.058286
8.611517	0.346758	0.855978	3.074243	0.250000	-1.660384	-0.058286
8.621520	0.346758	0.855978	3.074243	0.250000	-1.660384	-0.058286
8.631464	0.346758	0.855978	3.074243	0.250000	-1.660384	-0.058286
8.641507	0.346758	0.855978	3.074243	0.250000	-1.660384	-0.058286
8.652287	0.346758	0.855978	3.074243	0.250000	-1.660384	-0.058286
8.662040	0.346758	0.855978	3.074243	0.250000	-1.660384	-0.058286
8.671789	0.344684	0.855833	3.067874	0.250000	-1.654496	-0.058346
8.681454	0.344684	0.855833	3.067874	0.250000	-1.654496	-0.058346
8.691500	0.344684	0.855833	3.067874	0.250000	-1.654496	-0.058346
8.702051	0.344684	0.855833	3.067874	0.250000	-1.654496	-0.058346
8.711796	0.344684	0.855833	3.067874	0.250000	-1.654496	-0.058346
8.721550	0.344684	0.855833	3.067874	0.250000	-1.654496	-0.058346
8.732292	0.344684	0.855833	3.067874	0.250000	-1.654496	-0.058346
8.742055	0.341160	0.855665	3.061592	0.250000	-1.683362	-0.061219
8.751831	0.341160	0.855665	3.061592	0.250000	-1.683362	-0.061219
8.761597	0.341160	0.855665	3.061592	0.250000	-1.683362	-0.061219
8.772483	0.341160	0.855665	3.061592	0.250000	-1.683362	-0.061219
8.782073	0.341160	0.855665	3.061592	0.250000	-1.683362	-0.061219
8.791795	0.341160	0.855665	3.061592	0.250000	-1.683362	-0.061219
8.801618	0.341160	0.855665	3.061592	0.250000	-1.683362	-0.061219
8.811500	0.341160	0.855665	3.061592	0.250000	-1.683362	-0.061219
8.821635	0.335899	0.857529	3.056235	0.250000	-1.698938	-0.062276
8.831653	0.335899	0.857529	3.056235	0.250000	-1.698938	-0.062276
8.841614	0.335899	0.857529	3.056235	0.250000	-1.698938	-0.062276
8.851498	0.331545	0.857461	3.056493	0.250000	-1.702619	-0.062722
8.862116	0.331545	0.857461	3.056493	0.250000	-1.702619	-0.062722
8.872022	0.331545	0.857461	3.056493	0.250000	-1.702619	-0.062722
8.881646	0.331545	0.857461	3.056493	0.250000	-1.702619	-0.062722
8.892381	0.331545	0.857461	3.056493	0.250000	-1.702619	-0.062722
8.902930	0.327728	0.858923	3.054227	0.250000	-1.724650	-0.064195
8.911890	0.327728	0.858923	3.054227	0.250000	-1.724650	-0.064195
8.921699	0.327728	0.858923	3.054227	0.250000	-1.724650	-0.064195
8.931541	0.327728	0.858923	3.054227	0.250000	-1.724650	-0.064195
8.942178	0.327728	0.858923	3.054227	0.250000	-1.724650	-0.064195
8.951834	0.325166	0.857474	3.047170	0.250000	-1.728902	-0.065710
8.961669	0.325166	0.857474	3.047170	0.250000	-1.728902	-0.065710
8.971682	0.325166	0.857474	3.047170	0.250000	-1.728902	-0.065710
8.982166	0.325166	0.857474	3.047170	0.250000	-1.728902	-0.065710
8.991945	0.321613	0.858731	3.035232	0.250000	-1.741441	-0.067211
9.001684	0.321613	0.858731	3.035232	0.250000	-1.741441	-0.067211
9.011597	0.321613	0.858731	3.035232	0.250000	-1.741441	-0.067211
9.021522	0.318134	0.858752	3.025634	0.250000	-1.733183	-0.067395
9.031668	0.318134	0.858752	3.025634	0.250000	-1.733183	-0.067395
9.041747	0.318134	0.858752	3.025634	0.250000	-1.733183	-0.067395
9.051529	0.314278	0.860177	3.023262	0.250000	-1.756353	-0.069024
9.062217	0.314278	0.860177	3.023262	0.250000	-1.756353	-0.069024
9.071812	0.314278	0.860177	3.023262	0.250000	-1.756353	-0.069024
9.081626	0.314278	0.860177	3.023262	0.250000	-1.756353	-0.069024
9.091474	0.314278	0.860177	3.023262	0.250000	-1.756353	-0.069024
9.101493	0.314278	0.860177	3.023262	0.250000	-1.756353	-0.069024
9.111544	0.311478	0.858940	3.025869	0.250000	-1.770175	-0.070614
9.121586	0.311478	0.858940	3.025869	0.250000	-1.770175	-0.070614
9.131512	0.311478	0.858940	3.025869	0.250000	-1.770175	-0.070614
9.142239	0.311478	0.858940	3.025869	0.250000	-1.770175	-0.070614
9.151610	0.311478	0.858940	3.025869	0.250000	-1.770175	-0.070614
9.161725	0.311478	0.858940	3.025869	0.250000	-1.770175	-0.070614
9.171700	0.306607	0.858841	3.016455	0.250000	-1.764852	-0.071202
9.182248	0.306607	0.858841	3.016455	0.250000	-1.764852	-0.071202
9.192021	0.306607	0.858841	3.016455	0.250000	-1.764852	-0.071202
9.201804	0.306607	0.858841	3.016455	0.250000	-1.764852	-0.071202
9.211518	0.306607	0.858841	3.016455	0.250000	-1.764852	-0.071202
9.221487	0.306607	0.858841	3.016455	0.250000	-1.764852	-0.071202
9.231525	0.306607	0.858841	3.016455	0.250000	-1.764852	-0.071202
9.241564	0.300276	0.858725	3.007119	0.250000	-1.793519	-0.074703
9.251565	0.300276	0.858725	3.007119	0.250000	-1.793519	-0.074703
9.262309	0.300276	0.858725	3.007119	0.250000	-1.793519	-0.074703
9.272014	0.300276	0.858725	3.007119	0.250000	-1.793519	-0.074703
9.281796	0.292703	0.859506	3.004693	0.250000	-1.824485	-0.077578
9.291570	0.292703	0.859506	3.004693	0.250000	-1.824485	-0.077578
9.302251	0.292703	0.859506	3.004693	0.250000	-1.824485	-0.077578
9.311568	0.292703	0.859506	3.004693	0.250000	-1.824485	-0.077578
9.321838	0.286584	0.858862	3.014433	0.250000	-1.843093	-0.078969
9.331601	0.286584	0.858862	3.014433	0.250000	-1.843093	-0.078969
9.342281	0.286584	0.858862	3.014433	0.250000	-1.843093	-0.078969
9.352086	0.281615	0.860493	3.002578	0.250000	-1.857498	-0.080775
9.361838	0.281615	0.860493	3.002578	0.250000	-1.857498	-0.080775
9.371616	0.281615	0.860493	3.002578	0.250000	-1.857498	-0.080775
9.382367	0.281615	0.860493	3.002578	0.250000	-1.857498	-0.080775
9.392102	0.281615	0.860493	3.002578	0.250000	-1.857498	-0.080775
9.401927	0.276920	0.863241	2.981004	0.250000	-1.856707	-0.081659
9.411693	0.276920	0.863241	2.981004	0.250000	-1.856707	-0.081659
9.421551	0.276920	0.863241	2.981004	0.250000	-1.856707	-0.081659
9.431534	0.276920	0.863241	2.981004	0.250000	-1.856707	-0.081659
9.441888	0.276920	0.863241	2.981004	0.250000	-1.856707	-0.081659
9.451647	0.276920	0.863241	2.981004	0.250000	-1.856707	-0.081659
9.461487	0.276920	0.863241	2.981004	0.250000	-1.856707	-0.081659
9.471541	0.270678	0.866475	2.956507	0.250000	-1.853230	-0.082529
9.481906	0.270678	0.866475	2.956507	0.250000	-1.853230	-0.082529
9.491625	0.270678	0.866475	2.956507	0.250000	-1.853230	-0.082529
9.502338	0.270678	0.866475	2.956507	0.250000	-1.853230	-0.082529
9.512049	0.264403	0.866153	2.944584	0.250000	-1.882976	-0.086859
9.521969	0.264403	0.866153	2.944584	0.250000	-1.882976	-0.086859
9.531706	0.264403	0.866153	2.944584	0.250000	-1.882976	-0.086859
9.542534	0.264403	0.866153	2.944584	0.250000	-1.882976	-0.086859
9.552190	0.264403	0.866153	2.944584	0.250000	-1.882976	-0.086859
9.561960	0.264403	0.866153	2.944584	0.250000	-1.882976	-0.086859
9.571689	0.258141	0.865284	2.932937	0.250000	-1.884821	-0.089239
9.581465	0.258141	0.865284	2.932937	0.250000	-1.884821	-0.089239
9.591516	0.258141	0.865284	2.932937	0.250000	-1.884821	-0.089239
9.601484	0.253322	0.864498	2.921041	0.250000	-1.884607	-0.091355
9.611701	0.253322	0.864498	2.921041	0.250000	-1.884607	-0.091355
9.621475	0.253322	0.864498	2.921041	0.250000	-1.884607	-0.091355
9.631542	0.253322	0.864498	2.921041	0.250000	-1.884607	-0.091355
9.641451	0.253322	0.864498	2.921041	0.250000	-1.884607	-0.091355
9.651711	0.253322	0.864498	2.921041	0.250000	-1.884607	-0.091355
9.661466	0.253322	0.864498	2.921041	0.250000	-1.884607	-0.091355
9.671475	0.250424	0.874289	2.904847	0.250000	-1.883612	-0.088093
9.682016	0.250424	0.874289	2.904847	0.250000	-1.883612	-0.088093
9.692746	0.250424	0.874289	2.904847	0.250000	-1.883612	-0.088093
9.701659	0.250424	0.874289	2.904847	0.250000	-1.883612	-0.088093
9.711744	0.250424	0.874289	2.904847	0.250000	-1.883612	-0.088093
9.722032	0.250424	0.874289	2.904847	0.250000	-1.883612	-0.088093
9.731778	0.250424	0.874289	2.904847	0.250000	-1.883612	-0.088093
9.741616	0.242321	0.881284	2.888685	0.250000	-1.907044	-0.088960
9.752336	0.242321	0.881284	2.888685	0.250000	-1.907044	-0.088960
9.762140	0.242321	0.881284	2.888685	0.250000	-1.907044	-0.088960
9.772768	0.242321	0.881284	2.888685	0.250000	-1.907044	-0.088960
9.781543	0.242321	0.881284	2.888685	0.250000	-1.907044	-0.088960
9.792269	0.242321	0.881284	2.888685	0.250000	-1.907044	-0.088960
9.801977	0.242321	0.881284	2.888685	0.250000	-1.907044	-0.088960
9.811799	0.231209	0.893977	2.865595	0.250000	-1.930418	-0.088326
9.821630	0.231209	0.893977	2.865595	0.250000	-1.930418	-0.088326
9.831537	0.231209	0.893977	2.865595	0.250000	-1.930418	-0.088326
9.842064	0.231209	0.893977	2.865595	0.250000	-1.930418	-0.088326
9.851800	0.231209	0.893977	2.865595	0.250000	-1.930418	-0.088326
9.861602	0.218267	0.900030	2.846002	0.250000	-1.964038	-0.092353
9.872452	0.218267	0.900030	2.846002	0.250000	-1.964038	-0.092353
9.881533	0.218267	0.900030	2.846002	0.250000	-1.964038	-0.092353
9.891860	0.210602	0.896663	2.822950	0.250000	-1.976120	-0.099144
9.901829	0.210602	0.896663	2.822950	0.250000	-1.976120	-0.099144
9.912364	0.210602	0.896663	2.822950	0.250000	-1.976120	-0.099144
9.922122	0.210602	0.896663	2.822950	0.250000	-1.976120	-0.099144
9.931872	0.210602	0.896663	2.822950	0.250000	-1.976120	-0.099144
9.941730	0.210602	0.896663	2.822950	0.250000	-1.976120	-0.099144
9.951742	0.210602	0.896663	2.822950	0.250000	-1.976120	-0.099144
9.961590	0.210602	0.896663	2.822950	0.250000	-1.976120	-0.099144
9.972108	0.200361	0.893862	2.796953	0.250000	-1.985970	-0.106684
9.982448	0.200361	0.893862	2.796953	0.250000	-1.985970	-0.106684
9.992533	0.200361	0.893862	2.796953	0.250000	-1.985970	-0.106684
10.001668	0.200361	0.893862	2.796953	0.250000	-1.985970	-0.106684
10.011895	0.200361	0.893862	2.796953	0.250000	-1.985970	-0.106684
10.021800	0.189856	0.885687	2.771190	0.250000	-2.015145	-0.119693
10.031545	0.189856	0.885687	2.771190	0.250000	-2.015145	-0.119693
10.041538	0.189856	0.885687	2.771190	0.250000	-2.015145	-0.119693
10.052002	0.189856	0.885687	2.771190	0.250000	-2.015145	-0.119693
10.061745	0.189856	0.885687	2.771190	0.250000	-2.015145	-0.119693
10.071740	0.189856	0.885687	2.771190	0.250000	-2.015145	-0.119693
10.085176	0.189856	0.885687	2.771190	0.250000	-2.015145	-0.119693
10.091961	0.189856	0.885687	2.771190	0.250000	-2.015145	-0.119693
10.101779	0.189856	0.885687	2.771190	0.250000	-2.015145	-0.119693
10.111573	0.189856	0.885687	2.771190	0.250000	-2.015145	-0.119693
10.122219	0.176445	0.901360	2.730515	0.250000	-2.021559	-0.120819
10.131911	0.176445	0.901360	2.730515	0.250000	-2.021559	-0.120819
10.141711	0.176445	0.901360	2.730515	0.250000	-2.021559	-0.120819
10.151520	0.176445	0.901360	2.730515	0.250000	-2.021559	-0.120819
10.161510	0.168965	0.910296	2.708393	0.250000	-2.031930	-0.122552
10.171990	0.168965	0.910296	2.708393	0.250000	-2.031930	-0.122552
10.181741	0.168965	0.910296	2.708393	0.250000	-2.031930	-0.122552
10.191502	0.168965	0.910296	2.708393	0.250000	-2.031930	-0.122552
10.201469	0.168965	0.910296	2.708393	0.250000	-2.031930	-0.122552
10.211999	0.168965	0.910296	2.708393	0.250000	-2.031930	-0.122552
10.221790	0.168965	0.910296	2.708393	0.250000	-2.031930	-0.122552
10.231477	0.157898	0.917474	2.704911	0.250000	-2.044380	-0.123562
10.241626	0.157898	0.917474	2.704911	0.250000	-2.044380	-0.123562
10.252131	0.157898	0.917474	2.704911	0.250000	-2.044380	-0.123562
10.261800	0.157898	0.917474	2.704911	0.250000	-2.044380	-0.123562
10.271745	0.157898	0.917474	2.704911	0.250000	-2.044380	-0.123562
10.281511	0.157898	0.917474	2.704911	0.250000	-2.044380	-0.123562
10.291502	0.157898	0.917474	2.704911	0.250000	-2.044380	-0.123562
10.301740	0.146969	0.916067	2.689595	0.250000	-2.076135	-0.133551
10.311480	0.146969	0.916067	2.689595	0.250000	-2.076135	-0.133551
10.322276	0.146969	0.916067	2.689595	0.250000	-2.076135	-0.133551
10.332030	0.146969	0.916067	2.689595	0.250000	-2.076135	-0.133551
10.341710	0.146969	0.916067	2.689595	0.250000	-2.076135	-0.133551
10.351552	0.135611	0.913670	2.652791	0.250000	-2.074152	-0.144522
10.361523	0.135611	0.913670	2.652791	0.250000	-2.074152	-0.144522
10.372066	0.135611	0.913670	2.652791	0.250000	-2.074152	-0.144522
10.381844	0.135611	0.913670	2.652791	0.250000	-2.074152	-0.144522
10.391594	0.135611	0.913670	2.652791	0.250000	-2.074152	-0.144522
10.402347	0.127600	0.917465	2.607313	0.250000	-2.079261	-0.154741
10.412151	0.127600	0.917465	2.607313	0.250000	-2.079261	-0.154741
10.421969	0.127600	0.917465	2.607313	0.250000	-2.079261	-0.154741
10.431591	0.127600	0.917465	2.607313	0.250000	-2.079261	-0.154741
10.442367	0.127600	0.917465	2.607313	0.250000	-2.079261	-0.154741
10.452105	0.127600	0.917465	2.607313	0.250000	-2.079261	-0.154741
10.464463	0.127600	0.917465	2.607313	0.250000	-2.079261	-0.154741
10.471575	0.119648	0.920814	2.574271	0.250000	-2.074759	-0.161877
10.481491	0.119648	0.920814	2.574271	0.250000	-2.074759	-0.161877
10.491539	0.119648	0.920814	2.574271	0.250000	-2.074759	-0.161877
10.501534	0.119648	0.920814	2.574271	0.250000	-2.074759	-0.161877
10.512349	0.119648	0.920814	2.574271	0.250000	-2.074759	-0.161877
10.521492	0.119648	0.920814	2.574271	0.250000	-2.074759	-0.161877
10.532167	0.111129	0.935314	2.551392	0.250000	-2.084246	-0.164192
10.541766	0.111129	0.935314	2.551392	0.250000	-2.084246	-0.164192
10.551660	0.111129	0.935314	2.551392	0.250000	-2.084246	-0.164192
10.561488	0.111129	0.935314	2.551392	0.250000	-2.084246	-0.164192
10.571498	0.103277	0.948883	2.523415	0.250000	-2.087274	-0.168018
10.581932	0.103277	0.948883	2.523415	0.250000	-2.087274	-0.168018
10.591599	0.103277	0.948883	2.523415	0.250000	-2.087274	-0.168018
10.601471	0.103277	0.948883	2.523415	0.250000	-2.087274	-0.168018
10.611508	0.096749	0.961760	2.487624	0.250000	-2.090261	-0.175510
10.621791	0.096749	0.961760	2.487624	0.250000	-2.090261	-0.175510
10.631532	0.096749	0.961760	2.487624	0.250000	-2.090261	-0.175510
10.641449	0.090673	0.965846	2.450613	0.250000	-2.081363	-0.185164
10.652238	0.090673	0.965846	2.450613	0.250000	-2.081363	-0.185164
10.661490	0.090673	0.965846	2.450613	0.250000	-2.081363	-0.185164
10.671512	0.090673	0.965846	2.450613	0.250000	-2.081363	-0.185164
10.681521	0.090673	0.965846	2.450613	0.250000	-2.081363	-0.185164
10.691460	0.090673	0.965846	2.450613	0.250000	-2.081363	-0.185164
10.701897	0.080959	0.975428	2.412819	0.250000	-2.071660	-0.195684
10.711518	0.080959	0.975428	2.412819	0.250000	-2.071660	-0.195684
10.721540	0.080959	0.975428	2.412819	0.250000	-2.071660	-0.195684
10.731497	0.080959	0.975428	2.412819	0.250000	-2.071660	-0.195684
10.742096	0.080959	0.975428	2.412819	0.250000	-2.071660	-0.195684
10.751752	0.080959	0.975428	2.412819	0.250000	-2.071660	-0.195684
10.761525	0.080959	0.975428	2.412819	0.250000	-2.071660	-0.195684
10.772215	0.080959	0.975428	2.412819	0.250000	-2.071660	-0.195684
10.782022	0.076630	0.982778	2.386481	0.250000	-2.063576	-0.203251
10.791682	0.076630	0.982778	2.386481	0.250000	-2.063576	-0.203251
10.801487	0.076630	0.982778	2.386481	0.250000	-2.063576	-0.203251
10.813098	0.068847	0.981392	2.361481	0.250000	-2.053734	-0.212367
10.821635	0.068847	0.981392	2.361481	0.250000	-2.053734	-0.212367
10.831697	0.068847	0.981392	2.361481	0.250000	-2.053734	-0.212367
10.841558	0.068847	0.981392	2.361481	0.250000	-2.053734	-0.212367
10.853315	0.068847	0.981392	2.361481	0.250000	-2.053734	-0.212367
10.862021	0.068847	0.981392	2.361481	0.250000	-2.053734	-0.212367
10.871789	0.068847	0.981392	2.361481	0.250000	-2.053734	-0.212367
10.882067	0.068847	0.981392	2.361481	0.250000	-2.053734	-0.212367
10.891664	0.064021	0.984447	2.320678	0.250000	-2.031099	-0.222550
10.901572	0.064021	0.984447	2.320678	0.250000	-2.031099	-0.222550
10.911721	0.064021	0.984447	2.320678	0.250000	-2.031099	-0.222550
10.921620	0.064021	0.984447	2.320678	0.250000	-2.031099	-0.222550
10.931581	0.064021	0.984447	2.320678	0.250000	-2.031099	-0.222550
10.942080	0.059375	0.991241	2.299662	0.250000	-2.019951	-0.227995
10.951921	0.059375	0.991241	2.299662	0.250000	-2.019951	-0.227995
10.961627	0.059375	0.991241	2.299662	0.250000	-2.019951	-0.227995
10.972305	0.059375	0.991241	2.299662	0.250000	-2.019951	-0.227995
10.982485	0.059375	0.991241	2.299662	0.250000	-2.019951	-0.227995
10.991879	0.059375	0.991241	2.299662	0.250000	-2.019951	-0.227995
11.001644	0.059375	0.991241	2.299662	0.250000	-2.019951	-0.227995
11.011781	0.059375	0.991241	2.299662	0.250000	-2.019951	-0.227995
11.021587	0.059375	0.991241	2.299662	0.250000	-2.019951	-0.227995
11.031945	0.059375	0.991241	2.299662	0.250000	-2.019951	-0.227995
11.041624	0.049761	1.001515	2.255663	0.250000	-1.999868	-0.243840
11.052524	0.049761	1.001515	2.255663	0.250000	-1.999868	-0.243840
11.061569	0.049761	1.001515	2.255663	0.250000	-1.999868	-0.243840
11.071717	0.049761	1.001515	2.255663	0.250000	-1.999868	-0.243840
11.081649	0.049761	1.001515	2.255663	0.250000	-1.999868	-0.243840
11.091502	0.049761	1.001515	2.255663	0.250000	-1.999868	-0.243840
11.101507	0.037015	1.008195	2.215843	0.250000	-1.979092	-0.259724
11.111524	0.037015	1.008195	2.215843	0.250000	-1.979092	-0.259724
11.121688	0.037015	1.008195	2.215843	0.250000	-1.979092	-0.259724
11.131465	0.037015	1.008195	2.215843	0.250000	-1.979092	-0.259724
11.142138	0.037015	1.008195	2.215843	0.250000	-1.979092	-0.259724
11.151927	0.037015	1.008195	2.215843	0.250000	-1.979092	-0.259724
11.161791	0.037015	1.008195	2.215843	0.250000	-1.979092	-0.259724
11.172359	0.018543	1.016529	2.156973	0.250000	-1.942990	-0.283051
11.181525	0.018543	1.016529	2.156973	0.250000	-1.942990	-0.283051
11.191625	0.018543	1.016529	2.156973	0.250000	-1.942990	-0.283051
11.201518	0.006819	1.033084	2.115212	0.250000	-1.909951	-0.298727
11.211529	0.006819	1.033084	2.115212	0.250000	-1.909951	-0.298727
11.221539	0.006819	1.033084	2.115212	0.250000	-1.909951	-0.298727
11.231653	0.006819	1.033084	2.115212	0.250000	-1.909951	-0.298727
11.241600	0.006819	1.033084	2.115212	0.250000	-1.909951	-0.298727
11.251638	0.006819	1.033084	2.115212	0.250000	-1.909951	-0.298727
11.262185	0.006819	1.033084	2.115212	0.250000	-1.909951	-0.298727
11.271940	0.006819	1.033084	2.115212	0.250000	-1.909951	-0.298727
11.281616	0.006819	1.033084	2.115212	0.250000	-1.909951	-0.298727
11.291530	0.000491	1.044146	2.085794	0.250000	-1.882018	-0.309693
11.301605	0.000491	1.044146	2.085794	0.250000	-1.882018	-0.309693
11.311638	0.000491	1.044146	2.085794	0.250000	-1.882018	-0.309693
11.321940	-0.002977	1.061321	2.052736	0.250000	-1.839279	-0.320144
11.331518	-0.002977	1.061321	2.052736	0.250000	-1.839279	-0.320144
11.341955	-0.002977	1.061321	2.052736	0.250000	-1.839279	-0.320144
11.352021	-0.002977	1.061321	2.052736	0.250000	-1.839279	-0.320144
11.361746	-0.002977	1.061321	2.052736	0.250000	-1.839279	-0.320144
11.371984	-0.002977	1.061321	2.052736	0.250000	-1.839279	-0.320144
11.381619	-0.004630	1.077699	2.019342	0.250000	-1.787554	-0.328303
11.392212	-0.004630	1.077699	2.019342	0.250000	-1.787554	-0.328303
11.401851	-0.004630	1.077699	2.019342	0.250000	-1.787554	-0.328303
11.411560	-0.004630	1.077699	2.019342	0.250000	-1.787554	-0.328303
11.422263	-0.004630	1.077699	2.019342	0.250000	-1.787554	-0.328303
11.432022	-0.010406	1.089825	1.983485	0.250000	-1.733016	-0.339218
11.441793	-0.010406	1.089825	1.983485	0.250000	-1.733016	-0.339218
11.451572	-0.010406	1.089825	1.983485	0.250000	-1.733016	-0.339218
11.462309	-0.016901	1.093522	1.962039	0.250000	-1.708058	-0.346448
11.472161	-0.016901	1.093522	1.962039	0.250000	-1.708058	-0.346448
11.481923	-0.016901	1.093522	1.962039	0.250000	-1.708058	-0.346448
11.491626	-0.016901	1.093522	1.962039	0.250000	-1.708058	-0.346448
11.502359	-0.016901	1.093522	1.962039	0.250000	-1.708058	-0.346448
11.512100	-0.016901	1.093522	1.962039	0.250000	-1.708058	-0.346448
11.521861	-0.016901	1.093522	1.962039	0.250000	-1.708058	-0.346448
11.531586	-0.020477	1.093417	1.948051	0.250000	-1.692706	-0.350988
11.542291	-0.020477	1.093417	1.948051	0.250000	-1.692706	-0.350988
11.552113	-0.020477	1.093417	1.948051	0.250000	-1.692706	-0.350988
11.561863	-0.020477	1.093417	1.948051	0.250000	-1.692706	-0.350988
11.571741	-0.020477	1.093417	1.948051	0.250000	-1.692706	-0.350988
11.581536	-0.020477	1.093417	1.948051	0.250000	-1.692706	-0.350988
11.591524	-0.020477	1.093417	1.948051	0.250000	-1.692706	-0.350988
11.601819	-0.025629	1.106062	1.924707	0.250000	-1.637401	-0.359845
11.611594	-0.025629	1.106062	1.924707	0.250000	-1.637401	-0.359845
11.621585	-0.025629	1.106062	1.924707	0.250000	-1.637401	-0.359845
11.631557	-0.025629	1.106062	1.924707	0.250000	-1.637401	-0.359845
11.641633	-0.025629	1.106062	1.924707	0.250000	-1.637401	-0.359845
11.651680	-0.025629	1.106062	1.924707	0.250000	-1.637401	-0.359845
11.661517	-0.025629	1.106062	1.924707	0.250000	-1.637401	-0.359845
11.671486	-0.027935	1.115149	1.890726	0.250000	-1.574011	-0.363208
11.681918	-0.027935	1.115149	1.890726	0.250000	-1.574011	-0.363208
11.691696	-0.027935	1.115149	1.890726	0.250000	-1.574011	-0.363208
11.701463	-0.027935	1.115149	1.890726	0.250000	-1.574011	-0.363208
11.711994	-0.027935	1.115149	1.890726	0.250000	-1.574011	-0.363208
11.721984	-0.027935	1.115149	1.890726	0.250000	-1.574011	-0.363208
11.731827	-0.027935	1.115149	1.890726	0.250000	-1.574011	-0.363208
11.741522	-0.032198	1.140377	1.836124	0.250000	-1.478316	-0.361250
