t	x(t)	y(t)	theta(t)	v(t)	gamma(t)	efa
0.005619	0.700068	0.292412	0.072231	0.250000	0.330441	-0.001307
0.006072	0.700068	0.292412	0.072231	0.250000	0.330441	-0.001307
0.016725	0.700068	0.292412	0.072231	0.250000	0.330441	-0.001307
0.026319	0.700068	0.292412	0.072231	0.250000	0.330441	-0.001307
0.036082	0.700068	0.292412	0.072231	0.250000	0.330441	-0.001307
0.047684	0.700068	0.292412	0.072231	0.250000	0.330441	-0.001307
0.056089	0.700068	0.292412	0.072231	0.250000	0.330441	-0.001307
0.066387	0.700068	0.292412	0.072231	0.250000	0.330441	-0.001307
0.076080	0.700068	0.292412	0.072231	0.250000	0.330441	-0.001307
0.086741	0.700068	0.292412	0.072231	0.250000	0.330441	-0.001307
0.096631	0.700068	0.292412	0.072231	0.250000	0.330441	-0.001307
0.107906	0.700068	0.292412	0.072231	0.250000	0.330441	-0.001307
0.116147	0.700068	0.292412	0.072231	0.250000	0.330441	-0.001307
0.126075	0.700068	0.292412	0.072231	0.250000	0.330441	-0.001307
0.136046	0.697966	0.296670	0.079694	0.250000	0.258040	-0.006733
0.146422	0.697966	0.296670	0.079694	0.250000	0.258040	-0.006733
0.156187	0.697966	0.296670	0.079694	0.250000	0.258040	-0.006733
0.166939	0.697966	0.296670	0.079694	0.250000	0.258040	-0.006733
0.176761	0.697966	0.296670	0.079694	0.250000	0.258040	-0.006733
0.186450	0.697966	0.296670	0.079694	0.250000	0.258040	-0.006733
0.196267	0.702162	0.290691	0.069996	0.250000	0.415779	0.002491
0.206799	0.702162	0.290691	0.069996	0.250000	0.415779	0.002491
0.216672	0.702162	0.290691	0.069996	0.250000	0.415779	0.002491
0.226439	0.706713	0.290692	0.073907	0.250000	0.409395	0.002285
0.236160	0.706713	0.290692	0.073907	0.250000	0.409395	0.002285
0.246152	0.706713	0.290692	0.073907	0.250000	0.409395	0.002285
0.256708	0.706713	0.290692	0.073907	0.250000	0.409395	0.002285
0.268518	0.706713	0.290692	0.073907	0.250000	0.409395	0.002285
0.276322	0.706713	0.290692	0.073907	0.250000	0.409395	0.002285
0.286101	0.706713	0.290692	0.073907	0.250000	0.409395	0.002285
0.296115	0.706713	0.290692	0.073907	0.250000	0.409395	0.002285
0.306535	0.706713	0.290692	0.073907	0.250000	0.409395	0.002285
0.316246	0.706713	0.290692	0.073907	0.250000	0.409395	0.002285
0.326988	0.706713	0.290692	0.073907	0.250000	0.409395	0.002285
0.336728	0.714389	0.292781	0.085890	0.250000	0.481184	0.002841
0.346078	0.714389	0.292781	0.085890	0.250000	0.481184	0.002841
0.356167	0.714389	0.292781	0.085890	0.250000	0.481184	0.002841
0.366399	0.714389	0.292781	0.085890	0.250000	0.481184	0.002841
0.376751	0.714389	0.292781	0.085890	0.250000	0.481184	0.002841
0.386228	0.714389	0.292781	0.085890	0.250000	0.481184	0.002841
0.396136	0.714389	0.292781	0.085890	0.250000	0.481184	0.002841
0.406178	0.725992	0.295925	0.108833	0.250000	0.591997	0.004132
0.416105	0.725992	0.295925	0.108833	0.250000	0.591997	0.004132
0.426530	0.725992	0.295925	0.108833	0.250000	0.591997	0.004132
0.436322	0.725992	0.295925	0.108833	0.250000	0.591997	0.004132
0.447109	0.725992	0.295925	0.108833	0.250000	0.591997	0.004132
0.457077	0.725992	0.295925	0.108833	0.250000	0.591997	0.004132
0.466568	0.725992	0.295925	0.108833	0.250000	0.591997	0.004132
0.476645	0.725992	0.295925	0.108833	0.250000	0.591997	0.004132
0.486345	0.725992	0.295925	0.108833	0.250000	0.591997	0.004132
0.497474	0.725992	0.295925	0.108833	0.250000	0.591997	0.004132
0.506795	0.725992	0.295925	0.108833	0.250000	0.591997	0.004132
0.516549	0.725992	0.295925	0.108833	0.250000	0.591997	0.004132
0.526314	0.725992	0.295925	0.108833	0.250000	0.591997	0.004132
0.536949	0.743499	0.295264	0.141774	0.250000	0.743822	0.009995
0.546649	0.743499	0.295264	0.141774	0.250000	0.743822	0.009995
0.556328	0.743499	0.295264	0.141774	0.250000	0.743822	0.009995
0.566070	0.743499	0.295264	0.141774	0.250000	0.743822	0.009995
0.576965	0.743499	0.295264	0.141774	0.250000	0.743822	0.009995
0.586952	0.743499	0.295264	0.141774	0.250000	0.743822	0.009995
0.596691	0.766636	0.298269	0.189853	0.250000	0.985803	0.018868
0.606245	0.766636	0.298269	0.189853	0.250000	0.985803	0.018868
0.619754	0.766636	0.298269	0.189853	0.250000	0.985803	0.018868
0.627143	0.766636	0.298269	0.189853	0.250000	0.985803	0.018868
0.636578	0.766636	0.298269	0.189853	0.250000	0.985803	0.018868
0.646464	0.766636	0.298269	0.189853	0.250000	0.985803	0.018868
0.656619	0.766636	0.298269	0.189853	0.250000	0.985803	0.018868
0.666312	0.766636	0.298269	0.189853	0.250000	0.985803	0.018868
0.676214	0.787886	0.302419	0.240095	0.250000	1.091872	0.022771
0.686294	0.787886	0.302419	0.240095	0.250000	1.091872	0.022771
0.696323	0.787886	0.302419	0.240095	0.250000	1.091872	0.022771
0.706494	0.787886	0.302419	0.240095	0.250000	1.091872	0.022771
0.716353	0.787886	0.302419	0.240095	0.250000	1.091872	0.022771
0.728994	0.787886	0.302419	0.240095	0.250000	1.091872	0.022771
0.736344	0.787886	0.302419	0.240095	0.250000	1.091872	0.022771
0.746404	0.787886	0.302419	0.240095	0.250000	1.091872	0.022771
0.756355	0.787886	0.302419	0.240095	0.250000	1.091872	0.022771
0.767555	0.787886	0.302419	0.240095	0.250000	1.091872	0.022771
0.776404	0.787886	0.302419	0.240095	0.250000	1.091872	0.022771
0.786385	0.787886	0.302419	0.240095	0.250000	1.091872	0.022771
0.796402	0.787886	0.302419	0.240095	0.250000	1.091872	0.022771
0.806217	0.787886	0.302419	0.240095	0.250000	1.091872	0.022771
0.816368	0.787886	0.302419	0.240095	0.250000	1.091872	0.022771
0.826288	0.811392	0.312820	0.295451	0.250000	1.229711	0.026305
0.836326	0.811392	0.312820	0.295451	0.250000	1.229711	0.026305
0.846241	0.811392	0.312820	0.295451	0.250000	1.229711	0.026305
0.856205	0.811392	0.312820	0.295451	0.250000	1.229711	0.026305
0.866326	0.811392	0.312820	0.295451	0.250000	1.229711	0.026305
0.876331	0.811392	0.312820	0.295451	0.250000	1.229711	0.026305
0.886282	0.811392	0.312820	0.295451	0.250000	1.229711	0.026305
0.896262	0.811392	0.312820	0.295451	0.250000	1.229711	0.026305
0.906530	0.811392	0.312820	0.295451	0.250000	1.229711	0.026305
0.918303	0.811392	0.312820	0.295451	0.250000	1.229711	0.026305
0.926249	0.811392	0.312820	0.295451	0.250000	1.229711	0.026305
0.936229	0.831439	0.319033	0.345525	0.250000	1.367350	0.032481
0.946218	0.831439	0.319033	0.345525	0.250000	1.367350	0.032481
0.956382	0.831439	0.319033	0.345525	0.250000	1.367350	0.032481
0.966432	0.831439	0.319033	0.345525	0.250000	1.367350	0.032481
0.976657	0.831439	0.319033	0.345525	0.250000	1.367350	0.032481
0.986231	0.831439	0.319033	0.345525	0.250000	1.367350	0.032481
0.996378	0.849326	0.327926	0.424303	0.250000	1.446518	0.035262
1.006366	0.849326	0.327926	0.424303	0.250000	1.446518	0.035262
1.016651	0.849326	0.327926	0.424303	0.250000	1.446518	0.035262
1.026251	0.849326	0.327926	0.424303	0.250000	1.446518	0.035262
1.037067	0.849326	0.327926	0.424303	0.250000	1.446518	0.035262
1.046420	0.849326	0.327926	0.424303	0.250000	1.446518	0.035262
1.056358	0.849326	0.327926	0.424303	0.250000	1.446518	0.035262
1.066421	0.849326	0.327926	0.424303	0.250000	1.446518	0.035262
1.076315	0.849326	0.327926	0.424303	0.250000	1.446518	0.035262
1.086670	0.861948	0.332052	0.465611	0.250000	1.474302	0.037649
1.096571	0.861948	0.332052	0.465611	0.250000	1.474302	0.037649
1.106311	0.861948	0.332052	0.465611	0.250000	1.474302	0.037649
1.116304	0.861948	0.332052	0.465611	0.250000	1.474302	0.037649
1.126220	0.861948	0.332052	0.465611	0.250000	1.474302	0.037649
1.136624	0.861948	0.332052	0.465611	0.250000	1.474302	0.037649
1.146635	0.861948	0.332052	0.465611	0.250000	1.474302	0.037649
1.156342	0.861948	0.332052	0.465611	0.250000	1.474302	0.037649
1.166188	0.879546	0.334769	0.506668	0.250000	1.546682	0.044630
1.176610	0.879546	0.334769	0.506668	0.250000	1.546682	0.044630
1.186216	0.879546	0.334769	0.506668	0.250000	1.546682	0.044630
1.196218	0.879546	0.334769	0.506668	0.250000	1.546682	0.044630
1.206336	0.894392	0.340440	0.523619	0.250000	1.624127	0.049832
1.216183	0.894392	0.340440	0.523619	0.250000	1.624127	0.049832
1.226308	0.894392	0.340440	0.523619	0.250000	1.624127	0.049832
1.236725	0.894392	0.340440	0.523619	0.250000	1.624127	0.049832
1.246258	0.894392	0.340440	0.523619	0.250000	1.624127	0.049832
1.256301	0.894392	0.340440	0.523619	0.250000	1.624127	0.049832
1.266254	0.894392	0.340440	0.523619	0.250000	1.624127	0.049832
1.276246	0.894392	0.340440	0.523619	0.250000	1.624127	0.049832
1.286829	0.894392	0.340440	0.523619	0.250000	1.624127	0.049832
1.296270	0.894392	0.340440	0.523619	0.250000	1.624127	0.049832
1.306304	0.894392	0.340440	0.523619	0.250000	1.624127	0.049832
1.316468	0.894392	0.340440	0.523619	0.250000	1.624127	0.049832
1.326286	0.894392	0.340440	0.523619	0.250000	1.624127	0.049832
1.336191	0.908232	0.354073	0.570165	0.250000	1.682893	0.051182
1.346423	0.908232	0.354073	0.570165	0.250000	1.682893	0.051182
1.356206	0.908232	0.354073	0.570165	0.250000	1.682893	0.051182
1.366256	0.908232	0.354073	0.570165	0.250000	1.682893	0.051182
1.376411	0.908232	0.354073	0.570165	0.250000	1.682893	0.051182
1.386235	0.908232	0.354073	0.570165	0.250000	1.682893	0.051182
1.397254	0.917064	0.365213	0.613176	0.250000	1.749212	0.053381
1.406609	0.917064	0.365213	0.613176	0.250000	1.749212	0.053381
1.416274	0.917064	0.365213	0.613176	0.250000	1.749212	0.053381
1.426241	0.917064	0.365213	0.613176	0.250000	1.749212	0.053381
1.436205	0.917064	0.365213	0.613176	0.250000	1.749212	0.053381
1.446463	0.928097	0.378323	0.660421	0.250000	1.739459	0.052609
1.456196	0.928097	0.378323	0.660421	0.250000	1.739459	0.052609
1.466206	0.928097	0.378323	0.660421	0.250000	1.739459	0.052609
1.476216	0.928097	0.378323	0.660421	0.250000	1.739459	0.052609
1.486284	0.928097	0.378323	0.660421	0.250000	1.739459	0.052609
1.496350	0.928097	0.378323	0.660421	0.250000	1.739459	0.052609
1.506500	0.928097	0.378323	0.660421	0.250000	1.739459	0.052609
1.516685	0.928097	0.378323	0.660421	0.250000	1.739459	0.052609
1.526369	0.928097	0.378323	0.660421	0.250000	1.739459	0.052609
1.536391	0.928097	0.378323	0.660421	0.250000	1.739459	0.052609
1.546287	0.928097	0.378323	0.660421	0.250000	1.739459	0.052609
1.556645	0.928097	0.378323	0.660421	0.250000	1.739459	0.052609
1.566453	0.928097	0.378323	0.660421	0.250000	1.739459	0.052609
1.577627	0.928097	0.378323	0.660421	0.250000	1.739459	0.052609
1.586449	0.928097	0.378323	0.660421	0.250000	1.739459	0.052609
1.596245	0.944553	0.384792	0.720143	0.250000	1.798703	0.061877
1.606329	0.944553	0.384792	0.720143	0.250000	1.798703	0.061877
1.616465	0.944553	0.384792	0.720143	0.250000	1.798703	0.061877
1.626732	0.944553	0.384792	0.720143	0.250000	1.798703	0.061877
1.636386	0.944553	0.384792	0.720143	0.250000	1.798703	0.061877
1.646868	0.944553	0.384792	0.720143	0.250000	1.798703	0.061877
1.656416	0.944553	0.384792	0.720143	0.250000	1.798703	0.061877
1.666251	0.960527	0.395971	0.777858	0.250000	1.837051	0.069061
1.676320	0.960527	0.395971	0.777858	0.250000	1.837051	0.069061
1.686388	0.960527	0.395971	0.777858	0.250000	1.837051	0.069061
1.696343	0.960527	0.395971	0.777858	0.250000	1.837051	0.069061
1.706623	0.978623	0.407705	0.839248	0.250000	1.887310	0.079446
1.716437	0.978623	0.407705	0.839248	0.250000	1.887310	0.079446
1.751516	0.978623	0.407705	0.839248	0.250000	1.887310	0.079446
1.753124	0.978623	0.407705	0.839248	0.250000	1.887310	0.079446
1.755678	0.978623	0.407705	0.839248	0.250000	1.887310	0.079446
1.758814	0.978623	0.407705	0.839248	0.250000	1.887310	0.079446
1.766598	0.978623	0.407705	0.839248	0.250000	1.887310	0.079446
1.777251	0.978623	0.407705	0.839248	0.250000	1.887310	0.079446
1.786386	0.978623	0.407705	0.839248	0.250000	1.887310	0.079446
1.796671	0.978623	0.407705	0.839248	0.250000	1.887310	0.079446
1.806536	0.989386	0.417875	0.879601	0.250000	1.929706	0.086262
1.817720	0.989386	0.417875	0.879601	0.250000	1.929706	0.086262
1.826393	0.989386	0.417875	0.879601	0.250000	1.929706	0.086262
1.836409	0.989386	0.417875	0.879601	0.250000	1.929706	0.086262
1.846162	0.989386	0.417875	0.879601	0.250000	1.929706	0.086262
1.856237	0.989386	0.417875	0.879601	0.250000	1.929706	0.086262
1.866288	0.989386	0.417875	0.879601	0.250000	1.929706	0.086262
1.876246	0.989386	0.417875	0.879601	0.250000	1.929706	0.086262
1.886408	0.989386	0.417875	0.879601	0.250000	1.929706	0.086262
1.896912	0.996892	0.433482	0.927588	0.250000	1.936198	0.088600
1.906206	0.996892	0.433482	0.927588	0.250000	1.936198	0.088600
1.916330	0.996892	0.433482	0.927588	0.250000	1.936198	0.088600
1.926401	0.996892	0.433482	0.927588	0.250000	1.936198	0.088600
1.936219	0.996892	0.433482	0.927588	0.250000	1.936198	0.088600
1.946246	1.004416	0.450250	0.976421	0.250000	2.005428	0.095435
1.956192	1.004416	0.450250	0.976421	0.250000	2.005428	0.095435
1.966225	1.004416	0.450250	0.976421	0.250000	2.005428	0.095435
1.976416	1.004416	0.450250	0.976421	0.250000	2.005428	0.095435
1.986810	1.004416	0.450250	0.976421	0.250000	2.005428	0.095435
1.996269	1.004416	0.450250	0.976421	0.250000	2.005428	0.095435
2.006161	1.004416	0.450250	0.976421	0.250000	2.005428	0.095435
2.016725	1.004416	0.450250	0.976421	0.250000	2.005428	0.095435
2.026273	1.004416	0.450250	0.976421	0.250000	2.005428	0.095435
2.036188	1.004416	0.450250	0.976421	0.250000	2.005428	0.095435
2.046261	1.004416	0.450250	0.976421	0.250000	2.005428	0.095435
2.056251	1.004416	0.450250	0.976421	0.250000	2.005428	0.095435
2.066266	1.004416	0.450250	0.976421	0.250000	2.005428	0.095435
2.076184	1.004416	0.450250	0.976421	0.250000	2.005428	0.095435
2.086288	1.004416	0.450250	0.976421	0.250000	2.005428	0.095435
2.096603	1.004416	0.450250	0.976421	0.250000	2.005428	0.095435
2.106270	1.004416	0.450250	0.976421	0.250000	2.005428	0.095435
2.116279	1.004416	0.450250	0.976421	0.250000	2.005428	0.095435
2.126236	1.004416	0.450250	0.976421	0.250000	2.005428	0.095435
2.136383	1.004416	0.450250	0.976421	0.250000	2.005428	0.095435
2.146307	1.004416	0.450250	0.976421	0.250000	2.005428	0.095435
2.156262	1.004416	0.450250	0.976421	0.250000	2.005428	0.095435
2.166423	1.004416	0.450250	0.976421	0.250000	2.005428	0.095435
2.176426	1.004416	0.450250	0.976421	0.250000	2.005428	0.095435
2.186342	1.004416	0.450250	0.976421	0.250000	2.005428	0.095435
2.196315	1.004416	0.450250	0.976421	0.250000	2.005428	0.095435
2.206274	1.004416	0.450250	0.976421	0.250000	2.005428	0.095435
2.216335	1.004416	0.450250	0.976421	0.250000	2.005428	0.095435
2.226281	1.004416	0.450250	0.976421	0.250000	2.005428	0.095435
2.236276	1.004416	0.450250	0.976421	0.250000	2.005428	0.095435
2.246131	1.004416	0.450250	0.976421	0.250000	2.005428	0.095435
2.256310	1.004416	0.450250	0.976421	0.250000	2.005428	0.095435
2.266459	1.004416	0.450250	0.976421	0.250000	2.005428	0.095435
2.276408	1.004416	0.450250	0.976421	0.250000	2.005428	0.095435
2.286129	1.004416	0.450250	0.976421	0.250000	2.005428	0.095435
2.296112	1.004416	0.450250	0.976421	0.250000	2.005428	0.095435
2.306384	1.004416	0.450250	0.976421	0.250000	2.005428	0.095435
2.316289	1.004416	0.450250	0.976421	0.250000	2.005428	0.095435
2.326163	1.004416	0.450250	0.976421	0.250000	2.005428	0.095435
2.336310	1.004416	0.450250	0.976421	0.250000	2.005428	0.095435
2.346254	1.004416	0.450250	0.976421	0.250000	2.005428	0.095435
2.356205	1.004416	0.450250	0.976421	0.250000	2.005428	0.095435
2.366127	1.004416	0.450250	0.976421	0.250000	2.005428	0.095435
2.376280	1.004416	0.450250	0.976421	0.250000	2.005428	0.095435
2.386294	1.004416	0.450250	0.976421	0.250000	2.005428	0.095435
2.396291	1.004416	0.450250	0.976421	0.250000	2.005428	0.095435
2.406255	1.004416	0.450250	0.976421	0.250000	2.005428	0.095435
2.416266	1.004416	0.450250	0.976421	0.250000	2.005428	0.095435
2.426287	1.004416	0.450250	0.976421	0.250000	2.005428	0.095435
2.436202	1.004416	0.450250	0.976421	0.250000	2.005428	0.095435
2.446165	1.004416	0.450250	0.976421	0.250000	2.005428	0.095435
2.456305	1.004416	0.450250	0.976421	0.250000	2.005428	0.095435
2.466264	1.004416	0.450250	0.976421	0.250000	2.005428	0.095435
2.476390	1.004416	0.450250	0.976421	0.250000	2.005428	0.095435
2.486248	1.004416	0.450250	0.976421	0.250000	2.005428	0.095435
2.496175	1.004416	0.450250	0.976421	0.250000	2.005428	0.095435
2.506176	1.004416	0.450250	0.976421	0.250000	2.005428	0.095435
2.516360	1.004416	0.450250	0.976421	0.250000	2.005428	0.095435
2.526263	1.008543	0.464449	1.009974	0.250000	2.021417	0.097273
2.536536	1.008543	0.464449	1.009974	0.250000	2.021417	0.097273
2.546323	1.008543	0.464449	1.009974	0.250000	2.021417	0.097273
2.556279	1.008543	0.464449	1.009974	0.250000	2.021417	0.097273
2.566354	1.008543	0.464449	1.009974	0.250000	2.021417	0.097273
2.576269	1.008543	0.464449	1.009974	0.250000	2.021417	0.097273
2.586415	1.008543	0.464449	1.009974	0.250000	2.021417	0.097273
2.597225	1.008543	0.464449	1.009974	0.250000	2.021417	0.097273
2.607226	1.008543	0.464449	1.009974	0.250000	2.021417	0.097273
2.616313	1.008543	0.464449	1.009974	0.250000	2.021417	0.097273
2.626558	1.008543	0.464449	1.009974	0.250000	2.021417	0.097273
2.636632	1.008543	0.464449	1.009974	0.250000	2.021417	0.097273
2.646376	1.008543	0.464449	1.009974	0.250000	2.021417	0.097273
2.656393	1.008543	0.464449	1.009974	0.250000	2.021417	0.097273
2.666838	1.008543	0.464449	1.009974	0.250000	2.021417	0.097273
2.676395	1.008543	0.464449	1.009974	0.250000	2.021417	0.097273
2.686384	1.008543	0.464449	1.009974	0.250000	2.021417	0.097273
2.697423	1.008543	0.464449	1.009974	0.250000	2.021417	0.097273
2.706357	1.008543	0.464449	1.009974	0.250000	2.021417	0.097273
2.716497	1.008543	0.464449	1.009974	0.250000	2.021417	0.097273
2.729261	1.008543	0.464449	1.009974	0.250000	2.021417	0.097273
2.736427	1.008543	0.464449	1.009974	0.250000	2.021417	0.097273
2.746431	1.008543	0.464449	1.009974	0.250000	2.021417	0.097273
2.756469	1.008543	0.464449	1.009974	0.250000	2.021417	0.097273
2.766282	1.008543	0.464449	1.009974	0.250000	2.021417	0.097273
2.776422	1.008543	0.464449	1.009974	0.250000	2.021417	0.097273
2.786585	1.008543	0.464449	1.009974	0.250000	2.021417	0.097273
2.796286	1.008543	0.464449	1.009974	0.250000	2.021417	0.097273
2.806180	1.008543	0.464449	1.009974	0.250000	2.021417	0.097273
2.816315	1.008543	0.464449	1.009974	0.250000	2.021417	0.097273
2.826926	1.008543	0.464449	1.009974	0.250000	2.021417	0.097273
2.836295	1.008543	0.464449	1.009974	0.250000	2.021417	0.097273
2.846197	1.008543	0.464449	1.009974	0.250000	2.021417	0.097273
2.856257	1.008543	0.464449	1.009974	0.250000	2.021417	0.097273
2.866333	1.008543	0.464449	1.009974	0.250000	2.021417	0.097273
2.876230	1.008543	0.464449	1.009974	0.250000	2.021417	0.097273
2.886248	1.008543	0.464449	1.009974	0.250000	2.021417	0.097273
2.896329	1.008543	0.464449	1.009974	0.250000	2.021417	0.097273
2.906137	1.008543	0.464449	1.009974	0.250000	2.021417	0.097273
2.916164	1.008543	0.464449	1.009974	0.250000	2.021417	0.097273
2.926278	1.008543	0.464449	1.009974	0.250000	2.021417	0.097273
2.936324	1.008543	0.464449	1.009974	0.250000	2.021417	0.097273
2.946210	1.008543	0.464449	1.009974	0.250000	2.021417	0.097273
2.956542	1.008543	0.464449	1.009974	0.250000	2.021417	0.097273
2.966209	1.008543	0.464449	1.009974	0.250000	2.021417	0.097273
2.976182	1.008543	0.464449	1.009974	0.250000	2.021417	0.097273
2.986413	1.008543	0.464449	1.009974	0.250000	2.021417	0.097273
2.996202	1.008543	0.464449	1.009974	0.250000	2.021417	0.097273
3.006281	1.008543	0.464449	1.009974	0.250000	2.021417	0.097273
3.016198	1.008543	0.464449	1.009974	0.250000	2.021417	0.097273
3.026220	1.008543	0.464449	1.009974	0.250000	2.021417	0.097273
3.036638	1.008543	0.464449	1.009974	0.250000	2.021417	0.097273
3.046347	1.008543	0.464449	1.009974	0.250000	2.021417	0.097273
3.056271	1.008543	0.464449	1.009974	0.250000	2.021417	0.097273
3.066284	1.008543	0.464449	1.009974	0.250000	2.021417	0.097273
3.076192	1.008543	0.464449	1.009974	0.250000	2.021417	0.097273
3.086164	1.008543	0.464449	1.009974	0.250000	2.021417	0.097273
3.096123	1.008543	0.464449	1.009974	0.250000	2.021417	0.097273
3.106158	1.008543	0.464449	1.009974	0.250000	2.021417	0.097273
3.116205	1.008543	0.464449	1.009974	0.250000	2.021417	0.097273
3.126674	1.008543	0.464449	1.009974	0.250000	2.021417	0.097273
3.136288	1.008543	0.464449	1.009974	0.250000	2.021417	0.097273
3.146261	1.008543	0.464449	1.009974	0.250000	2.021417	0.097273
3.156220	1.008543	0.464449	1.009974	0.250000	2.021417	0.097273
3.166296	1.008543	0.464449	1.009974	0.250000	2.021417	0.097273
3.176200	1.008543	0.464449	1.009974	0.250000	2.021417	0.097273
3.186343	1.008543	0.464449	1.009974	0.250000	2.021417	0.097273
3.196142	1.008543	0.464449	1.009974	0.250000	2.021417	0.097273
3.206300	1.008543	0.464449	1.009974	0.250000	2.021417	0.097273
3.216219	1.008543	0.464449	1.009974	0.250000	2.021417	0.097273
3.226334	1.008543	0.464449	1.009974	0.250000	2.021417	0.097273
3.236358	1.008543	0.464449	1.009974	0.250000	2.021417	0.097273
3.246219	1.008543	0.464449	1.009974	0.250000	2.021417	0.097273
3.256263	1.008543	0.464449	1.009974	0.250000	2.021417	0.097273
3.266379	1.008543	0.464449	1.009974	0.250000	2.021417	0.097273
3.276518	1.008543	0.464449	1.009974	0.250000	2.021417	0.097273
3.286365	1.008543	0.464449	1.009974	0.250000	2.021417	0.097273
3.296250	1.008543	0.464449	1.009974	0.250000	2.021417	0.097273
3.306350	1.008543	0.464449	1.009974	0.250000	2.021417	0.097273
3.316218	1.008543	0.464449	1.009974	0.250000	2.021417	0.097273
3.326556	1.008543	0.464449	1.009974	0.250000	2.021417	0.097273
3.336260	1.017312	0.474962	1.045009	0.250000	2.010342	0.102127
3.346322	1.017312	0.474962	1.045009	0.250000	2.010342	0.102127
3.356460	1.017312	0.474962	1.045009	0.250000	2.010342	0.102127
3.366270	1.017312	0.474962	1.045009	0.250000	2.010342	0.102127
3.376264	1.017312	0.474962	1.045009	0.250000	2.010342	0.102127
3.386253	1.017312	0.474962	1.045009	0.250000	2.010342	0.102127
3.396273	1.017312	0.474962	1.045009	0.250000	2.010342	0.102127
3.406378	1.017312	0.474962	1.045009	0.250000	2.010342	0.102127
3.416323	1.015385	0.567298	1.345270	0.250000	2.081569	0.123889
3.426407	1.015385	0.567298	1.345270	0.250000	2.081569	0.123889
3.436228	1.015385	0.567298	1.345270	0.250000	2.081569	0.123889
3.446272	1.015385	0.567298	1.345270	0.250000	2.081569	0.123889
3.456294	1.015385	0.567298	1.345270	0.250000	2.081569	0.123889
3.467347	1.015385	0.567298	1.345270	0.250000	2.081569	0.123889
3.476357	1.015385	0.567298	1.345270	0.250000	2.081569	0.123889
3.486274	1.012575	0.663659	1.678773	0.250000	2.165409	0.184671
3.496305	1.012575	0.663659	1.678773	0.250000	2.165409	0.184671
3.506216	1.012575	0.663659	1.678773	0.250000	2.165409	0.184671
3.516502	1.012575	0.663659	1.678773	0.250000	2.165409	0.184671
3.526399	1.012575	0.663659	1.678773	0.250000	2.165409	0.184671
3.536484	1.012575	0.663659	1.678773	0.250000	2.165409	0.184671
3.546394	1.012575	0.663659	1.678773	0.250000	2.165409	0.184671
3.556603	1.012575	0.663659	1.678773	0.250000	2.165409	0.184671
3.566428	1.012575	0.663659	1.678773	0.250000	2.165409	0.184671
3.576407	1.012575	0.663659	1.678773	0.250000	2.165409	0.184671
3.587096	1.012575	0.663659	1.678773	0.250000	2.165409	0.184671
3.596317	1.012575	0.663659	1.678773	0.250000	2.165409	0.184671
3.606371	1.001938	0.765636	2.010030	0.250000	2.112946	0.271068
3.616597	1.001938	0.765636	2.010030	0.250000	2.112946	0.271068
3.626472	1.001938	0.765636	2.010030	0.250000	2.112946	0.271068
3.636600	1.001938	0.765636	2.010030	0.250000	2.112946	0.271068
3.649174	1.001938	0.765636	2.010030	0.250000	2.112946	0.271068
3.657190	1.001938	0.765636	2.010030	0.250000	2.112946	0.271068
3.666360	1.001938	0.765636	2.010030	0.250000	2.112946	0.271068
3.676532	1.001938	0.765636	2.010030	0.250000	2.112946	0.271068
3.686575	1.001938	0.765636	2.010030	0.250000	2.112946	0.271068
3.696356	1.001938	0.765636	2.010030	0.250000	2.112946	0.271068
3.706711	1.001938	0.765636	2.010030	0.250000	2.112946	0.271068
3.716535	1.001938	0.765636	2.010030	0.250000	2.112946	0.271068
3.748375	1.001938	0.765636	2.010030	0.250000	2.112946	0.271068
3.749149	1.001938	0.765636	2.010030	0.250000	2.112946	0.271068
3.749778	1.001938	0.765636	2.010030	0.250000	2.112946	0.271068
3.757337	1.001938	0.765636	2.010030	0.250000	2.112946	0.271068
3.766335	1.001938	0.765636	2.010030	0.250000	2.112946	0.271068
3.776216	1.001938	0.765636	2.010030	0.250000	2.112946	0.271068
3.786403	1.001938	0.765636	2.010030	0.250000	2.112946	0.271068
3.796603	1.001938	0.765636	2.010030	0.250000	2.112946	0.271068
3.806614	1.001938	0.765636	2.010030	0.250000	2.112946	0.271068
3.817427	0.994951	0.781857	2.075187	0.250000	2.096190	0.286523
3.826222	0.994951	0.781857	2.075187	0.250000	2.096190	0.286523
3.836414	0.994951	0.781857	2.075187	0.250000	2.096190	0.286523
3.846332	0.994951	0.781857	2.075187	0.250000	2.096190	0.286523
3.856290	0.994951	0.781857	2.075187	0.250000	2.096190	0.286523
3.866323	0.994951	0.781857	2.075187	0.250000	2.096190	0.286523
3.877114	0.994951	0.781857	2.075187	0.250000	2.096190	0.286523
3.886532	0.984846	0.801421	2.148900	0.250000	2.068600	0.303387
3.896612	0.984846	0.801421	2.148900	0.250000	2.068600	0.303387
3.906693	0.984846	0.801421	2.148900	0.250000	2.068600	0.303387
3.916332	0.984846	0.801421	2.148900	0.250000	2.068600	0.303387
3.926266	0.984846	0.801421	2.148900	0.250000	2.068600	0.303387
3.936287	0.984846	0.801421	2.148900	0.250000	2.068600	0.303387
3.946324	0.974797	0.815468	2.261045	0.250000	2.031265	0.326832
3.956483	0.974797	0.815468	2.261045	0.250000	2.031265	0.326832
3.966222	0.974797	0.815468	2.261045	0.250000	2.031265	0.326832
3.976462	0.974797	0.815468	2.261045	0.250000	2.031265	0.326832
3.986330	0.974797	0.815468	2.261045	0.250000	2.031265	0.326832
3.996297	0.974797	0.815468	2.261045	0.250000	2.031265	0.326832
4.006265	0.974797	0.815468	2.261045	0.250000	2.031265	0.326832
4.016202	0.974797	0.815468	2.261045	0.250000	2.031265	0.326832
4.026322	0.974797	0.815468	2.261045	0.250000	2.031265	0.326832
4.036259	0.974797	0.815468	2.261045	0.250000	2.031265	0.326832
4.046443	0.974797	0.815468	2.261045	0.250000	2.031265	0.326832
4.056361	0.974797	0.815468	2.261045	0.250000	2.031265	0.326832
4.066274	0.956976	0.832129	2.342714	0.250000	2.008869	0.341589
4.076189	0.956976	0.832129	2.342714	0.250000	2.008869	0.341589
4.086584	0.956976	0.832129	2.342714	0.250000	2.008869	0.341589
4.096282	0.956976	0.832129	2.342714	0.250000	2.008869	0.341589
4.106344	0.956976	0.832129	2.342714	0.250000	2.008869	0.341589
4.116529	0.946826	0.851803	2.413252	0.250000	1.972284	0.360565
4.126423	0.946826	0.851803	2.413252	0.250000	1.972284	0.360565
4.136608	0.946826	0.851803	2.413252	0.250000	1.972284	0.360565
4.146470	0.946826	0.851803	2.413252	0.250000	1.972284	0.360565
4.156467	0.946826	0.851803	2.413252	0.250000	1.972284	0.360565
4.166180	0.946826	0.851803	2.413252	0.250000	1.972284	0.360565
4.176255	0.946826	0.851803	2.413252	0.250000	1.972284	0.360565
4.186244	0.946826	0.851803	2.413252	0.250000	1.972284	0.360565
4.196327	0.934385	0.864274	2.431456	0.250000	1.977917	0.366771
4.206949	0.934385	0.864274	2.431456	0.250000	1.977917	0.366771
4.216593	0.934385	0.864274	2.431456	0.250000	1.977917	0.366771
4.226351	0.934385	0.864274	2.431456	0.250000	1.977917	0.366771
4.236398	0.934385	0.864274	2.431456	0.250000	1.977917	0.366771
4.246312	0.934385	0.864274	2.431456	0.250000	1.977917	0.366771
4.256346	0.922839	0.878397	2.486487	0.250000	1.949011	0.380147
4.266404	0.922839	0.878397	2.486487	0.250000	1.949011	0.380147
4.276300	0.922839	0.878397	2.486487	0.250000	1.949011	0.380147
4.286669	0.922839	0.878397	2.486487	0.250000	1.949011	0.380147
4.296563	0.922839	0.878397	2.486487	0.250000	1.949011	0.380147
4.306334	0.922839	0.878397	2.486487	0.250000	1.949011	0.380147
4.316341	0.922839	0.878397	2.486487	0.250000	1.949011	0.380147
4.326195	0.906882	0.878069	2.533304	0.250000	0.279289	0.252204
4.336424	0.906882	0.878069	2.533304	0.250000	0.279289	0.252204
4.346308	0.906882	0.878069	2.533304	0.250000	0.279289	0.252204
4.356303	0.906882	0.878069	2.533304	0.250000	0.279289	0.252204
4.366379	0.906882	0.878069	2.533304	0.250000	0.279289	0.252204
4.376216	0.906882	0.878069	2.533304	0.250000	0.279289	0.252204
4.386318	0.888074	0.885071	2.588874	0.250000	0.180281	0.219684
4.396227	0.888074	0.885071	2.588874	0.250000	0.180281	0.219684
4.406279	0.888074	0.885071	2.588874	0.250000	0.180281	0.219684
4.416292	0.888074	0.885071	2.588874	0.250000	0.180281	0.219684
4.426613	0.888074	0.885071	2.588874	0.250000	0.180281	0.219684
4.436582	0.888074	0.885071	2.588874	0.250000	0.180281	0.219684
4.446264	0.874724	0.886588	2.615688	0.250000	0.129479	0.204735
4.456466	0.874724	0.886588	2.615688	0.250000	0.129479	0.204735
4.466365	0.874724	0.886588	2.615688	0.250000	0.129479	0.204735
4.476364	0.874724	0.886588	2.615688	0.250000	0.129479	0.204735
4.486212	0.874724	0.886588	2.615688	0.250000	0.129479	0.204735
4.496497	0.864650	0.889342	2.644278	0.250000	0.070563	0.188183
4.506264	0.864650	0.889342	2.644278	0.250000	0.070563	0.188183
4.516280	0.864650	0.889342	2.644278	0.250000	0.070563	0.188183
4.526215	0.864650	0.889342	2.644278	0.250000	0.070563	0.188183
4.536314	0.864650	0.889342	2.644278	0.250000	0.070563	0.188183
4.546164	0.864650	0.889342	2.644278	0.250000	0.070563	0.188183
4.556352	0.864650	0.889342	2.644278	0.250000	0.070563	0.188183
4.566280	0.864650	0.889342	2.644278	0.250000	0.070563	0.188183
4.576221	0.864650	0.889342	2.644278	0.250000	0.070563	0.188183
4.586280	0.864650	0.889342	2.644278	0.250000	0.070563	0.188183
4.596411	0.864650	0.889342	2.644278	0.250000	0.070563	0.188183
4.606329	0.864650	0.889342	2.644278	0.250000	0.070563	0.188183
4.616398	0.852353	0.890296	2.681600	0.250000	-0.007236	0.169322
4.626437	0.852353	0.890296	2.681600	0.250000	-0.007236	0.169322
4.636276	0.852353	0.890296	2.681600	0.250000	-0.007236	0.169322
4.646343	0.852353	0.890296	2.681600	0.250000	-0.007236	0.169322
4.656233	0.852353	0.890296	2.681600	0.250000	-0.007236	0.169322
4.666672	0.852353	0.890296	2.681600	0.250000	-0.007236	0.169322
4.676210	0.842321	0.901612	2.726870	0.250000	-0.115859	0.145306
4.686160	0.842321	0.901612	2.726870	0.250000	-0.115859	0.145306
4.696929	0.842321	0.901612	2.726870	0.250000	-0.115859	0.145306
4.707715	0.842321	0.901612	2.726870	0.250000	-0.115859	0.145306
4.716387	0.842321	0.901612	2.726870	0.250000	-0.115859	0.145306
4.729062	0.842321	0.901612	2.726870	0.250000	-0.115859	0.145306
4.736956	0.842321	0.901612	2.726870	0.250000	-0.115859	0.145306
4.746652	0.842321	0.901612	2.726870	0.250000	-0.115859	0.145306
4.756553	0.842321	0.901612	2.726870	0.250000	-0.115859	0.145306
4.766304	0.842321	0.901612	2.726870	0.250000	-0.115859	0.145306
4.776210	0.842321	0.901612	2.726870	0.250000	-0.115859	0.145306
4.786635	0.842321	0.901612	2.726870	0.250000	-0.115859	0.145306
4.796390	0.826892	0.919525	2.752288	0.250000	-0.215202	0.126734
4.806356	0.826892	0.919525	2.752288	0.250000	-0.215202	0.126734
4.816907	0.826892	0.919525	2.752288	0.250000	-0.215202	0.126734
4.826150	0.826892	0.919525	2.752288	0.250000	-0.215202	0.126734
4.836102	0.826892	0.919525	2.752288	0.250000	-0.215202	0.126734
4.846209	0.826892	0.919525	2.752288	0.250000	-0.215202	0.126734
4.856457	0.826892	0.919525	2.752288	0.250000	-0.215202	0.126734
4.866602	0.826892	0.919525	2.752288	0.250000	-0.215202	0.126734
4.876547	0.826892	0.919525	2.752288	0.250000	-0.215202	0.126734
4.886162	0.826892	0.919525	2.752288	0.250000	-0.215202	0.126734
4.896389	0.826892	0.919525	2.752288	0.250000	-0.215202	0.126734
4.906410	0.826892	0.919525	2.752288	0.250000	-0.215202	0.126734
4.916293	0.807662	0.932229	2.756265	0.250000	-0.262471	0.116482
4.929226	0.807662	0.932229	2.756265	0.250000	-0.262471	0.116482
4.936192	0.807662	0.932229	2.756265	0.250000	-0.262471	0.116482
4.946686	0.777827	0.932143	2.767057	0.250000	-0.323318	0.104957
4.956352	0.777827	0.932143	2.767057	0.250000	-0.323318	0.104957
4.966260	0.777827	0.932143	2.767057	0.250000	-0.323318	0.104957
4.976238	0.777827	0.932143	2.767057	0.250000	-0.323318	0.104957
4.986257	0.777827	0.932143	2.767057	0.250000	-0.323318	0.104957
4.996542	0.777827	0.932143	2.767057	0.250000	-0.323318	0.104957
5.006369	0.777827	0.932143	2.767057	0.250000	-0.323318	0.104957
5.016359	0.777827	0.932143	2.767057	0.250000	-0.323318	0.104957
5.026260	0.753981	0.931092	2.771401	0.250000	-0.384497	0.093515
5.036349	0.753981	0.931092	2.771401	0.250000	-0.384497	0.093515
5.046513	0.753981	0.931092	2.771401	0.250000	-0.384497	0.093515
5.056516	0.753981	0.931092	2.771401	0.250000	-0.384497	0.093515
5.066516	0.753981	0.931092	2.771401	0.250000	-0.384497	0.093515
5.076632	0.753981	0.931092	2.771401	0.250000	-0.384497	0.093515
5.086420	0.753981	0.931092	2.771401	0.250000	-0.384497	0.093515
5.096200	0.753981	0.931092	2.771401	0.250000	-0.384497	0.093515
5.106283	0.736260	0.932895	2.768069	0.250000	-0.399887	0.090062
5.116295	0.736260	0.932895	2.768069	0.250000	-0.399887	0.090062
5.126383	0.736260	0.932895	2.768069	0.250000	-0.399887	0.090062
5.136340	0.736260	0.932895	2.768069	0.250000	-0.399887	0.090062
5.146208	0.736260	0.932895	2.768069	0.250000	-0.399887	0.090062
5.156490	0.736260	0.932895	2.768069	0.250000	-0.399887	0.090062
5.166399	0.736260	0.932895	2.768069	0.250000	-0.399887	0.090062
5.176229	0.736260	0.932895	2.768069	0.250000	-0.399887	0.090062
5.186438	0.736260	0.932895	2.768069	0.250000	-0.399887	0.090062
5.196208	0.736260	0.932895	2.768069	0.250000	-0.399887	0.090062
5.206542	0.717279	0.946133	2.760971	0.250000	-0.421625	0.085021
5.216151	0.717279	0.946133	2.760971	0.250000	-0.421625	0.085021
5.226192	0.717279	0.946133	2.760971	0.250000	-0.421625	0.085021
5.236783	0.717279	0.946133	2.760971	0.250000	-0.421625	0.085021
5.248229	0.717279	0.946133	2.760971	0.250000	-0.421625	0.085021
5.256463	0.717279	0.946133	2.760971	0.250000	-0.421625	0.085021
5.266400	0.717279	0.946133	2.760971	0.250000	-0.421625	0.085021
5.276419	0.717279	0.946133	2.760971	0.250000	-0.421625	0.085021
5.287322	0.717279	0.946133	2.760971	0.250000	-0.421625	0.085021
5.296277	0.717279	0.946133	2.760971	0.250000	-0.421625	0.085021
5.306355	0.717279	0.946133	2.760971	0.250000	-0.421625	0.085021
5.316432	0.717279	0.946133	2.760971	0.250000	-0.421625	0.085021
5.326307	0.697767	0.960778	2.712822	0.250000	-0.340743	0.090625
5.336668	0.697767	0.960778	2.712822	0.250000	-0.340743	0.090625
5.346520	0.697767	0.960778	2.712822	0.250000	-0.340743	0.090625
5.356387	0.697767	0.960778	2.712822	0.250000	-0.340743	0.090625
5.366515	0.697767	0.960778	2.712822	0.250000	-0.340743	0.090625
5.376236	0.697767	0.960778	2.712822	0.250000	-0.340743	0.090625
5.386331	0.697767	0.960778	2.712822	0.250000	-0.340743	0.090625
5.396361	0.674673	0.969881	2.672422	0.250000	-0.305751	0.089504
5.406298	0.674673	0.969881	2.672422	0.250000	-0.305751	0.089504
5.417310	0.674673	0.969881	2.672422	0.250000	-0.305751	0.089504
5.426707	0.674673	0.969881	2.672422	0.250000	-0.305751	0.089504
5.436235	0.674673	0.969881	2.672422	0.250000	-0.305751	0.089504
5.446389	0.660657	0.974359	2.618892	0.250000	-0.242252	0.091141
5.456279	0.660657	0.974359	2.618892	0.250000	-0.242252	0.091141
5.466333	0.660657	0.974359	2.618892	0.250000	-0.242252	0.091141
5.476343	0.660657	0.974359	2.618892	0.250000	-0.242252	0.091141
5.486279	0.660657	0.974359	2.618892	0.250000	-0.242252	0.091141
5.496336	0.660657	0.974359	2.618892	0.250000	-0.242252	0.091141
5.506238	0.660657	0.974359	2.618892	0.250000	-0.242252	0.091141
5.516610	0.660657	0.974359	2.618892	0.250000	-0.242252	0.091141
5.526742	0.660657	0.974359	2.618892	0.250000	-0.242252	0.091141
5.537294	0.660657	0.974359	2.618892	0.250000	-0.242252	0.091141
5.546799	0.660657	0.974359	2.618892	0.250000	-0.242252	0.091141
5.556259	0.660657	0.974359	2.618892	0.250000	-0.242252	0.091141
5.566482	0.660657	0.974359	2.618892	0.250000	-0.242252	0.091141
5.576454	0.641291	0.978442	2.588230	0.250000	-0.218590	0.089808
5.586361	0.641291	0.978442	2.588230	0.250000	-0.218590	0.089808
5.596352	0.641291	0.978442	2.588230	0.250000	-0.218590	0.089808
5.606528	0.641291	0.978442	2.588230	0.250000	-0.218590	0.089808
5.616262	0.641291	0.978442	2.588230	0.250000	-0.218590	0.089808
5.626231	0.641291	0.978442	2.588230	0.250000	-0.218590	0.089808
5.636200	0.641291	0.978442	2.588230	0.250000	-0.218590	0.089808
5.646353	0.641291	0.978442	2.588230	0.250000	-0.218590	0.089808
5.657380	0.641291	0.978442	2.588230	0.250000	-0.218590	0.089808
5.666294	0.641291	0.978442	2.588230	0.250000	-0.218590	0.089808
5.676340	0.641291	0.978442	2.588230	0.250000	-0.218590	0.089808
5.686271	0.641291	0.978442	2.588230	0.250000	-0.218590	0.089808
5.696398	0.641291	0.978442	2.588230	0.250000	-0.218590	0.089808
5.706280	0.622113	1.001859	2.527172	0.250000	-0.143162	0.092000
5.720998	0.622113	1.001859	2.527172	0.250000	-0.143162	0.092000
5.729489	0.622113	1.001859	2.527172	0.250000	-0.143162	0.092000
5.736409	0.622113	1.001859	2.527172	0.250000	-0.143162	0.092000
5.746428	0.601677	1.025000	2.461611	0.250000	-0.093155	0.088563
5.756668	0.601677	1.025000	2.461611	0.250000	-0.093155	0.088563
5.766275	0.601677	1.025000	2.461611	0.250000	-0.093155	0.088563
5.776309	0.601677	1.025000	2.461611	0.250000	-0.093155	0.088563
5.786321	0.601677	1.025000	2.461611	0.250000	-0.093155	0.088563
5.796706	0.601677	1.025000	2.461611	0.250000	-0.093155	0.088563
5.807780	0.601677	1.025000	2.461611	0.250000	-0.093155	0.088563
5.816742	0.601677	1.025000	2.461611	0.250000	-0.093155	0.088563
5.826250	0.601677	1.025000	2.461611	0.250000	-0.093155	0.088563
5.836452	0.601677	1.025000	2.461611	0.250000	-0.093155	0.088563
5.846375	0.601677	1.025000	2.461611	0.250000	-0.093155	0.088563
5.856755	0.601677	1.025000	2.461611	0.250000	-0.093155	0.088563
5.866415	0.601677	1.025000	2.461611	0.250000	-0.093155	0.088563
5.876477	0.601677	1.025000	2.461611	0.250000	-0.093155	0.088563
5.888515	0.601677	1.025000	2.461611	0.250000	-0.093155	0.088563
5.896611	0.601677	1.025000	2.461611	0.250000	-0.093155	0.088563
5.906356	0.584046	1.045682	2.387988	0.250000	-0.013847	0.088948
5.916254	0.584046	1.045682	2.387988	0.250000	-0.013847	0.088948
5.926336	0.584046	1.045682	2.387988	0.250000	-0.013847	0.088948
5.936269	0.584046	1.045682	2.387988	0.250000	-0.013847	0.088948
5.946304	0.584046	1.045682	2.387988	0.250000	-0.013847	0.088948
5.956300	0.584046	1.045682	2.387988	0.250000	-0.013847	0.088948
5.966347	0.573128	1.055244	2.342623	0.250000	0.048474	0.091788
5.977051	0.573128	1.055244	2.342623	0.250000	0.048474	0.091788
5.987491	0.573128	1.055244	2.342623	0.250000	0.048474	0.091788
5.996390	0.573128	1.055244	2.342623	0.250000	0.048474	0.091788
6.006288	0.573128	1.055244	2.342623	0.250000	0.048474	0.091788
6.016257	0.556784	1.073077	2.298199	0.250000	0.060563	0.085428
6.026243	0.556784	1.073077	2.298199	0.250000	0.060563	0.085428
6.036295	0.556784	1.073077	2.298199	0.250000	0.060563	0.085428
6.046259	0.556784	1.073077	2.298199	0.250000	0.060563	0.085428
6.056390	0.556784	1.073077	2.298199	0.250000	0.060563	0.085428
6.066280	0.556784	1.073077	2.298199	0.250000	0.060563	0.085428
6.076328	0.556784	1.073077	2.298199	0.250000	0.060563	0.085428
6.086897	0.556784	1.073077	2.298199	0.250000	0.060563	0.085428
6.096331	0.556784	1.073077	2.298199	0.250000	0.060563	0.085428
6.106298	0.556784	1.073077	2.298199	0.250000	0.060563	0.085428
6.116296	0.556784	1.073077	2.298199	0.250000	0.060563	0.085428
6.126241	0.537758	1.099860	2.276173	0.250000	0.018512	0.074434
6.136245	0.537758	1.099860	2.276173	0.250000	0.018512	0.074434
6.146294	0.537758	1.099860	2.276173	0.250000	0.018512	0.074434
6.157413	0.537758	1.099860	2.276173	0.250000	0.018512	0.074434
6.166281	0.537758	1.099860	2.276173	0.250000	0.018512	0.074434
6.176188	0.524902	1.122468	2.253774	0.250000	0.000978	0.068230
6.186453	0.524902	1.122468	2.253774	0.250000	0.000978	0.068230
6.196373	0.524902	1.122468	2.253774	0.250000	0.000978	0.068230
6.206680	0.524902	1.122468	2.253774	0.250000	0.000978	0.068230
6.216370	0.524902	1.122468	2.253774	0.250000	0.000978	0.068230
6.226469	0.524902	1.122468	2.253774	0.250000	0.000978	0.068230
6.236223	0.524902	1.122468	2.253774	0.250000	0.000978	0.068230
6.246599	0.524902	1.122468	2.253774	0.250000	0.000978	0.068230
6.257172	0.524902	1.122468	2.253774	0.250000	0.000978	0.068230
6.266444	0.524902	1.122468	2.253774	0.250000	0.000978	0.068230
6.276230	0.524902	1.122468	2.253774	0.250000	0.000978	0.068230
6.286274	0.524902	1.122468	2.253774	0.250000	0.000978	0.068230
6.296401	0.524902	1.122468	2.253774	0.250000	0.000978	0.068230
6.306293	0.512504	1.132229	2.253626	0.250000	-0.069501	0.058823
6.316212	0.512504	1.132229	2.253626	0.250000	-0.069501	0.058823
6.326340	0.512504	1.132229	2.253626	0.250000	-0.069501	0.058823
6.336763	0.512504	1.132229	2.253626	0.250000	-0.069501	0.058823
6.346324	0.512504	1.132229	2.253626	0.250000	-0.069501	0.058823
6.357191	0.512504	1.132229	2.253626	0.250000	-0.069501	0.058823
6.366341	0.512504	1.132229	2.253626	0.250000	-0.069501	0.058823
6.376252	0.512504	1.132229	2.253626	0.250000	-0.069501	0.058823
6.386766	0.512504	1.132229	2.253626	0.250000	-0.069501	0.058823
6.396464	0.512504	1.132229	2.253626	0.250000	-0.069501	0.058823
6.406744	0.512504	1.132229	2.253626	0.250000	-0.069501	0.058823
6.416434	0.512504	1.132229	2.253626	0.250000	-0.069501	0.058823
6.426229	0.512504	1.132229	2.253626	0.250000	-0.069501	0.058823
6.436277	0.512504	1.132229	2.253626	0.250000	-0.069501	0.058823
6.446403	0.512504	1.132229	2.253626	0.250000	-0.069501	0.058823
6.456259	0.512504	1.132229	2.253626	0.250000	-0.069501	0.058823
6.466274	0.512504	1.132229	2.253626	0.250000	-0.069501	0.058823
6.476264	0.501240	1.143527	2.261470	0.250000	-0.152232	0.049864
6.486378	0.501240	1.143527	2.261470	0.250000	-0.152232	0.049864
6.496314	0.501240	1.143527	2.261470	0.250000	-0.152232	0.049864
6.507682	0.501240	1.143527	2.261470	0.250000	-0.152232	0.049864
6.516338	0.501240	1.143527	2.261470	0.250000	-0.152232	0.049864
6.526470	0.501240	1.143527	2.261470	0.250000	-0.152232	0.049864
6.536640	0.501240	1.143527	2.261470	0.250000	-0.152232	0.049864
6.546821	0.475354	1.167853	2.272218	0.250000	-0.370579	0.028665
6.556514	0.475354	1.167853	2.272218	0.250000	-0.370579	0.028665
6.566288	0.475354	1.167853	2.272218	0.250000	-0.370579	0.028665
6.576294	0.475354	1.167853	2.272218	0.250000	-0.370579	0.028665
6.586264	0.475354	1.167853	2.272218	0.250000	-0.370579	0.028665
6.596350	0.475354	1.167853	2.272218	0.250000	-0.370579	0.028665
6.606351	0.475354	1.167853	2.272218	0.250000	-0.370579	0.028665
6.616474	0.475354	1.167853	2.272218	0.250000	-0.370579	0.028665
6.626303	0.475354	1.167853	2.272218	0.250000	-0.370579	0.028665
6.636472	0.475354	1.167853	2.272218	0.250000	-0.370579	0.028665
6.647959	0.475354	1.167853	2.272218	0.250000	-0.370579	0.028665
6.656383	0.475354	1.167853	2.272218	0.250000	-0.370579	0.028665
6.666627	0.475354	1.167853	2.272218	0.250000	-0.370579	0.028665
6.676540	0.454323	1.191207	2.264548	0.250000	-0.533675	0.013597
6.686417	0.454323	1.191207	2.264548	0.250000	-0.533675	0.013597
6.696517	0.454323	1.191207	2.264548	0.250000	-0.533675	0.013597
6.706457	0.454323	1.191207	2.264548	0.250000	-0.533675	0.013597
6.716229	0.454323	1.191207	2.264548	0.250000	-0.533675	0.013597
6.729664	0.454323	1.191207	2.264548	0.250000	-0.533675	0.013597
6.736622	0.454323	1.191207	2.264548	0.250000	-0.533675	0.013597
6.746749	0.454323	1.191207	2.264548	0.250000	-0.533675	0.013597
6.756570	0.454323	1.191207	2.264548	0.250000	-0.533675	0.013597
6.766937	0.454323	1.191207	2.264548	0.250000	-0.533675	0.013597
6.776431	0.454323	1.191207	2.264548	0.250000	-0.533675	0.013597
6.786363	0.454323	1.191207	2.264548	0.250000	-0.533675	0.013597
6.796355	0.454323	1.191207	2.264548	0.250000	-0.533675	0.013597
6.807742	0.454323	1.191207	2.264548	0.250000	-0.533675	0.013597
6.816372	0.454323	1.191207	2.264548	0.250000	-0.533675	0.013597
6.826481	0.454323	1.191207	2.264548	0.250000	-0.533675	0.013597
6.836366	0.454323	1.191207	2.264548	0.250000	-0.533675	0.013597
6.846217	0.434068	1.218740	2.235746	0.250000	-0.688575	-0.001473
6.856253	0.434068	1.218740	2.235746	0.250000	-0.688575	-0.001473
6.866351	0.434068	1.218740	2.235746	0.250000	-0.688575	-0.001473
6.876264	0.434068	1.218740	2.235746	0.250000	-0.688575	-0.001473
6.886232	0.434068	1.218740	2.235746	0.250000	-0.688575	-0.001473
6.896301	0.434068	1.218740	2.235746	0.250000	-0.688575	-0.001473
6.906327	0.434068	1.218740	2.235746	0.250000	-0.688575	-0.001473
6.917304	0.420042	1.228075	2.202245	0.250000	-0.737901	-0.008253
6.926272	0.420042	1.228075	2.202245	0.250000	-0.737901	-0.008253
6.936255	0.420042	1.228075	2.202245	0.250000	-0.737901	-0.008253
6.946155	0.420042	1.228075	2.202245	0.250000	-0.737901	-0.008253
6.956463	0.420042	1.228075	2.202245	0.250000	-0.737901	-0.008253
6.966351	0.420042	1.228075	2.202245	0.250000	-0.737901	-0.008253
6.976217	0.420042	1.228075	2.202245	0.250000	-0.737901	-0.008253
6.986272	0.420042	1.228075	2.202245	0.250000	-0.737901	-0.008253
6.996308	0.420042	1.228075	2.202245	0.250000	-0.737901	-0.008253
7.006222	0.420042	1.228075	2.202245	0.250000	-0.737901	-0.008253
7.016288	0.420042	1.228075	2.202245	0.250000	-0.737901	-0.008253
7.026689	0.406275	1.252065	2.149971	0.250000	-0.776800	-0.015422
7.036502	0.406275	1.252065	2.149971	0.250000	-0.776800	-0.015422
7.046351	0.406275	1.252065	2.149971	0.250000	-0.776800	-0.015422
7.056344	0.406275	1.252065	2.149971	0.250000	-0.776800	-0.015422
7.066233	0.406275	1.252065	2.149971	0.250000	-0.776800	-0.015422
7.076302	0.406275	1.252065	2.149971	0.250000	-0.776800	-0.015422
7.086364	0.390658	1.266504	2.099157	0.250000	-0.839050	-0.024881
7.096216	0.390658	1.266504	2.099157	0.250000	-0.839050	-0.024881
7.106443	0.390658	1.266504	2.099157	0.250000	-0.839050	-0.024881
7.116366	0.390658	1.266504	2.099157	0.250000	-0.839050	-0.024881
7.126384	0.390658	1.266504	2.099157	0.250000	-0.839050	-0.024881
7.136267	0.390658	1.266504	2.099157	0.250000	-0.839050	-0.024881
7.146355	0.390658	1.266504	2.099157	0.250000	-0.839050	-0.024881
7.156335	0.390658	1.266504	2.099157	0.250000	-0.839050	-0.024881
7.166205	0.390658	1.266504	2.099157	0.250000	-0.839050	-0.024881
7.176417	0.377514	1.294337	2.033540	0.250000	-0.851528	-0.031334
7.187530	0.377514	1.294337	2.033540	0.250000	-0.851528	-0.031334
7.196486	0.377514	1.294337	2.033540	0.250000	-0.851528	-0.031334
7.206384	0.377514	1.294337	2.033540	0.250000	-0.851528	-0.031334
7.216314	0.377514	1.294337	2.033540	0.250000	-0.851528	-0.031334
7.226207	0.377514	1.294337	2.033540	0.250000	-0.851528	-0.031334
7.236195	0.377514	1.294337	2.033540	0.250000	-0.851528	-0.031334
7.246238	0.368011	1.309789	2.069989	0.250000	-1.003651	-0.043464
7.256310	0.368011	1.309789	2.069989	0.250000	-1.003651	-0.043464
7.266273	0.368011	1.309789	2.069989	0.250000	-1.003651	-0.043464
7.276268	0.368011	1.309789	2.069989	0.250000	-1.003651	-0.043464
7.286315	0.368011	1.309789	2.069989	0.250000	-1.003651	-0.043464
7.296381	0.368011	1.309789	2.069989	0.250000	-1.003651	-0.043464
7.306286	0.368011	1.309789	2.069989	0.250000	-1.003651	-0.043464
7.318214	0.368011	1.309789	2.069989	0.250000	-1.003651	-0.043464
7.326420	0.368011	1.309789	2.069989	0.250000	-1.003651	-0.043464
7.336197	0.368011	1.309789	2.069989	0.250000	-1.003651	-0.043464
7.346145	0.365399	1.326119	2.023782	0.250000	-0.933661	-0.043599
7.356334	0.365399	1.326119	2.023782	0.250000	-0.933661	-0.043599
7.366375	0.365399	1.326119	2.023782	0.250000	-0.933661	-0.043599
7.376186	0.365399	1.326119	2.023782	0.250000	-0.933661	-0.043599
7.388016	0.365399	1.326119	2.023782	0.250000	-0.933661	-0.043599
7.396414	0.365399	1.326119	2.023782	0.250000	-0.933661	-0.043599
7.407630	0.365399	1.326119	2.023782	0.250000	-0.933661	-0.043599
7.418557	0.365399	1.326119	2.023782	0.250000	-0.933661	-0.043599
7.426332	0.365399	1.326119	2.023782	0.250000	-0.933661	-0.043599
7.436274	0.365399	1.326119	2.023782	0.250000	-0.933661	-0.043599
7.446334	0.365399	1.326119	2.023782	0.250000	-0.933661	-0.043599
7.456170	0.362108	1.337078	1.976374	0.250000	-0.844307	-0.041799
7.466404	0.362108	1.337078	1.976374	0.250000	-0.844307	-0.041799
7.476689	0.362108	1.337078	1.976374	0.250000	-0.844307	-0.041799
7.487841	0.362108	1.337078	1.976374	0.250000	-0.844307	-0.041799
7.496329	0.362108	1.337078	1.976374	0.250000	-0.844307	-0.041799
7.506294	0.362108	1.337078	1.976374	0.250000	-0.844307	-0.041799
7.516208	0.362108	1.337078	1.976374	0.250000	-0.844307	-0.041799
7.526246	0.362108	1.337078	1.976374	0.250000	-0.844307	-0.041799
7.536381	0.362108	1.337078	1.976374	0.250000	-0.844307	-0.041799
7.546524	0.362108	1.337078	1.976374	0.250000	-0.844307	-0.041799
7.556394	0.362108	1.337078	1.976374	0.250000	-0.844307	-0.041799
7.566346	0.362108	1.337078	1.976374	0.250000	-0.844307	-0.041799
7.576396	0.354759	1.357037	1.829089	0.250000	-0.514538	-0.030854
7.586375	0.354759	1.357037	1.829089	0.250000	-0.514538	-0.030854
7.596457	0.354759	1.357037	1.829089	0.250000	-0.514538	-0.030854
7.606988	0.354759	1.357037	1.829089	0.250000	-0.514538	-0.030854
7.616394	0.354759	1.357037	1.829089	0.250000	-0.514538	-0.030854
7.626352	0.354759	1.357037	1.829089	0.250000	-0.514538	-0.030854
7.636237	0.354759	1.357037	1.829089	0.250000	-0.514538	-0.030854
7.646400	0.354759	1.357037	1.829089	0.250000	-0.514538	-0.030854
7.656381	0.354759	1.357037	1.829089	0.250000	-0.514538	-0.030854
7.666265	0.354759	1.357037	1.829089	0.250000	-0.514538	-0.030854
7.676289	0.354759	1.357037	1.829089	0.250000	-0.514538	-0.030854
7.686232	0.349012	1.375363	1.755401	0.250000	-0.288887	-0.024449
7.698819	0.349012	1.375363	1.755401	0.250000	-0.288887	-0.024449
7.706347	0.349012	1.375363	1.755401	0.250000	-0.288887	-0.024449
7.716502	0.349012	1.375363	1.755401	0.250000	-0.288887	-0.024449
7.727807	0.349012	1.375363	1.755401	0.250000	-0.288887	-0.024449
7.736632	0.349012	1.375363	1.755401	0.250000	-0.288887	-0.024449
7.746428	0.349012	1.375363	1.755401	0.250000	-0.288887	-0.024449
7.756224	0.349012	1.375363	1.755401	0.250000	-0.288887	-0.024449
7.766447	0.349012	1.375363	1.755401	0.250000	-0.288887	-0.024449
7.776401	0.349012	1.375363	1.755401	0.250000	-0.288887	-0.024449
7.786337	0.349012	1.375363	1.755401	0.250000	-0.288887	-0.024449
7.796280	0.349012	1.375363	1.755401	0.250000	-0.288887	-0.024449
7.806533	0.349012	1.375363	1.755401	0.250000	-0.288887	-0.024449
7.817545	0.347906	1.405189	1.682266	0.250000	0.122351	-0.007850
7.826360	0.347906	1.405189	1.682266	0.250000	0.122351	-0.007850
7.836311	0.347906	1.405189	1.682266	0.250000	0.122351	-0.007850
7.846627	0.347906	1.405189	1.682266	0.250000	0.122351	-0.007850
7.856295	0.347906	1.405189	1.682266	0.250000	0.122351	-0.007850
7.866279	0.347906	1.405189	1.682266	0.250000	0.122351	-0.007850
7.876256	0.347906	1.405189	1.682266	0.250000	0.122351	-0.007850
7.886279	0.347906	1.405189	1.682266	0.250000	0.122351	-0.007850
7.896267	0.347906	1.405189	1.682266	0.250000	0.122351	-0.007850
7.906229	0.347906	1.405189	1.682266	0.250000	0.122351	-0.007850
7.916398	0.343555	1.415922	1.612885	0.250000	0.340649	0.000653
7.926414	0.343555	1.415922	1.612885	0.250000	0.340649	0.000653
7.936389	0.343555	1.415922	1.612885	0.250000	0.340649	0.000653
7.946196	0.343555	1.415922	1.612885	0.250000	0.340649	0.000653
7.956286	0.343555	1.415922	1.612885	0.250000	0.340649	0.000653
7.966213	0.343555	1.415922	1.612885	0.250000	0.340649	0.000653
7.976299	0.343555	1.415922	1.612885	0.250000	0.340649	0.000653
7.988709	0.337460	1.419148	1.576312	0.250000	0.408992	0.001282
7.996360	0.337460	1.419148	1.576312	0.250000	0.408992	0.001282
8.006423	0.337460	1.419148	1.576312	0.250000	0.408992	0.001282
8.016406	0.337460	1.419148	1.576312	0.250000	0.408992	0.001282
8.026437	0.337460	1.419148	1.576312	0.250000	0.408992	0.001282
8.036333	0.337460	1.419148	1.576312	0.250000	0.408992	0.001282
8.046440	0.337460	1.419148	1.576312	0.250000	0.408992	0.001282
8.056460	0.337460	1.419148	1.576312	0.250000	0.408992	0.001282
8.066325	0.337460	1.419148	1.576312	0.250000	0.408992	0.001282
8.076268	0.337460	1.419148	1.576312	0.250000	0.408992	0.001282
8.087644	0.332353	1.432008	1.551975	0.250000	0.506591	0.003267
8.096463	0.332353	1.432008	1.551975	0.250000	0.506591	0.003267
8.106285	0.332353	1.432008	1.551975	0.250000	0.506591	0.003267
8.117285	0.332353	1.432008	1.551975	0.250000	0.506591	0.003267
8.126337	0.332353	1.432008	1.551975	0.250000	0.506591	0.003267
8.136320	0.332353	1.432008	1.551975	0.250000	0.506591	0.003267
8.146225	0.332353	1.432008	1.551975	0.250000	0.506591	0.003267
8.156358	0.338351	1.460059	1.547004	0.250000	0.852438	0.021571
8.166385	0.338351	1.460059	1.547004	0.250000	0.852438	0.021571
8.176363	0.338351	1.460059	1.547004	0.250000	0.852438	0.021571
8.187776	0.338351	1.460059	1.547004	0.250000	0.852438	0.021571
8.196575	0.338351	1.460059	1.547004	0.250000	0.852438	0.021571
8.206321	0.338351	1.460059	1.547004	0.250000	0.852438	0.021571
8.216430	0.344052	1.488260	1.556392	0.250000	1.059441	0.034636
8.226404	0.344052	1.488260	1.556392	0.250000	1.059441	0.034636
8.236201	0.344052	1.488260	1.556392	0.250000	1.059441	0.034636
8.246240	0.344052	1.488260	1.556392	0.250000	1.059441	0.034636
8.256293	0.344052	1.488260	1.556392	0.250000	1.059441	0.034636
8.266234	0.344052	1.488260	1.556392	0.250000	1.059441	0.034636
8.277127	0.344052	1.488260	1.556392	0.250000	1.059441	0.034636
8.289492	0.346618	1.503824	1.577328	0.250000	1.156609	0.041552
