t	x(t)	y(t)	theta(t)	v(t)	gamma(t)	efa
0.000942	0.230359	0.170515	0.110983	0.250000	1.146480	0.044775
0.007214	0.230359	0.170515	0.110983	0.250000	1.146480	0.044775
0.012695	0.230359	0.170515	0.110983	0.250000	1.146480	0.044775
0.021986	0.230359	0.170515	0.110983	0.250000	1.146480	0.044775
0.032537	0.230971	0.170895	0.114077	0.250000	1.137581	0.044153
0.042085	0.230971	0.170895	0.114077	0.250000	1.137581	0.044153
0.051561	0.230971	0.170895	0.114077	0.250000	1.137581	0.044153
0.061642	0.230971	0.170895	0.114077	0.250000	1.137581	0.044153
0.071542	0.230971	0.170895	0.114077	0.250000	1.137581	0.044153
0.081540	0.230971	0.170895	0.114077	0.250000	1.137581	0.044153
0.091627	0.230971	0.170895	0.114077	0.250000	1.137581	0.044153
0.101789	0.230971	0.170895	0.114077	0.250000	1.137581	0.044153
0.111868	0.230971	0.170895	0.114077	0.250000	1.137581	0.044153
0.121515	0.230971	0.170895	0.114077	0.250000	1.137581	0.044153
0.131513	0.230971	0.170895	0.114077	0.250000	1.137581	0.044153
0.141547	0.230971	0.170895	0.114077	0.250000	1.137581	0.044153
0.151891	0.230971	0.170895	0.114077	0.250000	1.137581	0.044153
0.162230	0.230971	0.170895	0.114077	0.250000	1.137581	0.044153
0.171954	0.230971	0.170895	0.114077	0.250000	1.137581	0.044153
0.181741	0.233690	0.170009	0.118752	0.250000	1.164758	0.047510
0.191992	0.233690	0.170009	0.118752	0.250000	1.164758	0.047510
0.201744	0.233690	0.170009	0.118752	0.250000	1.164758	0.047510
0.211467	0.233690	0.170009	0.118752	0.250000	1.164758	0.047510
0.222850	0.233690	0.170009	0.118752	0.250000	1.164758	0.047510
0.231565	0.233690	0.170009	0.118752	0.250000	1.164758	0.047510
0.241575	0.233690	0.170009	0.118752	0.250000	1.164758	0.047510
0.251559	0.233690	0.170009	0.118752	0.250000	1.164758	0.047510
0.261633	0.237137	0.170033	0.120645	0.250000	1.164654	0.047708
0.271551	0.237137	0.170033	0.120645	0.250000	1.164654	0.047708
0.281653	0.237137	0.170033	0.120645	0.250000	1.164654	0.047708
0.291643	0.237137	0.170033	0.120645	0.250000	1.164654	0.047708
0.301975	0.237137	0.170033	0.120645	0.250000	1.164654	0.047708
0.311654	0.237137	0.170033	0.120645	0.250000	1.164654	0.047708
0.321709	0.237137	0.170033	0.120645	0.250000	1.164654	0.047708
0.331735	0.237137	0.170033	0.120645	0.250000	1.164654	0.047708
0.341560	0.237137	0.170033	0.120645	0.250000	1.164654	0.047708
0.351857	0.237137	0.170033	0.120645	0.250000	1.164654	0.047708
0.361642	0.237137	0.170033	0.120645	0.250000	1.164654	0.047708
0.371532	0.237137	0.170033	0.120645	0.250000	1.164654	0.047708
0.381559	0.237137	0.170033	0.120645	0.250000	1.164654	0.047708
0.391565	0.237137	0.170033	0.120645	0.250000	1.164654	0.047708
0.401612	0.248886	0.170322	0.171000	0.250000	1.152448	0.051716
0.411449	0.248886	0.170322	0.171000	0.250000	1.152448	0.051716
0.423221	0.248886	0.170322	0.171000	0.250000	1.152448	0.051716
0.431627	0.248886	0.170322	0.171000	0.250000	1.152448	0.051716
0.441613	0.248886	0.170322	0.171000	0.250000	1.152448	0.051716
0.451617	0.248886	0.170322	0.171000	0.250000	1.152448	0.051716
0.461549	0.248886	0.170322	0.171000	0.250000	1.152448	0.051716
0.471492	0.248886	0.170322	0.171000	0.250000	1.152448	0.051716
0.481548	0.248886	0.170322	0.171000	0.250000	1.152448	0.051716
0.491605	0.248886	0.170322	0.171000	0.250000	1.152448	0.051716
0.501625	0.248886	0.170322	0.171000	0.250000	1.152448	0.051716
0.511573	0.248886	0.170322	0.171000	0.250000	1.152448	0.051716
0.521561	0.248886	0.170322	0.171000	0.250000	1.152448	0.051716
0.531732	0.267000	0.175589	0.229282	0.250000	1.133827	0.055911
0.541891	0.267000	0.175589	0.229282	0.250000	1.133827	0.055911
0.551659	0.267000	0.175589	0.229282	0.250000	1.133827	0.055911
0.561447	0.267000	0.175589	0.229282	0.250000	1.133827	0.055911
0.572692	0.267000	0.175589	0.229282	0.250000	1.133827	0.055911
0.581993	0.267000	0.175589	0.229282	0.250000	1.133827	0.055911
0.591663	0.267000	0.175589	0.229282	0.250000	1.133827	0.055911
0.601564	0.267000	0.175589	0.229282	0.250000	1.133827	0.055911
0.611746	0.267000	0.175589	0.229282	0.250000	1.133827	0.055911
0.622371	0.267000	0.175589	0.229282	0.250000	1.133827	0.055911
0.631828	0.267000	0.175589	0.229282	0.250000	1.133827	0.055911
0.641726	0.290368	0.178860	0.306927	0.250000	1.119404	0.063322
0.651916	0.290368	0.178860	0.306927	0.250000	1.119404	0.063322
0.661739	0.290368	0.178860	0.306927	0.250000	1.119404	0.063322
0.672562	0.290368	0.178860	0.306927	0.250000	1.119404	0.063322
0.681669	0.290368	0.178860	0.306927	0.250000	1.119404	0.063322
0.691907	0.290368	0.178860	0.306927	0.250000	1.119404	0.063322
0.701910	0.311674	0.187016	0.353480	0.250000	1.101993	0.066807
0.711934	0.311674	0.187016	0.353480	0.250000	1.101993	0.066807
0.721807	0.311674	0.187016	0.353480	0.250000	1.101993	0.066807
0.732522	0.311674	0.187016	0.353480	0.250000	1.101993	0.066807
0.741915	0.311674	0.187016	0.353480	0.250000	1.101993	0.066807
0.751565	0.311674	0.187016	0.353480	0.250000	1.101993	0.066807
0.762340	0.311674	0.187016	0.353480	0.250000	1.101993	0.066807
0.772194	0.311674	0.187016	0.353480	0.250000	1.101993	0.066807
0.781509	0.311674	0.187016	0.353480	0.250000	1.101993	0.066807
0.792064	0.329464	0.193855	0.403002	0.250000	1.078065	0.070003
0.801903	0.329464	0.193855	0.403002	0.250000	1.078065	0.070003
0.811810	0.329464	0.193855	0.403002	0.250000	1.078065	0.070003
0.821870	0.329464	0.193855	0.403002	0.250000	1.078065	0.070003
0.831571	0.329464	0.193855	0.403002	0.250000	1.078065	0.070003
0.841688	0.329464	0.193855	0.403002	0.250000	1.078065	0.070003
0.851702	0.345548	0.203075	0.454518	0.250000	1.027798	0.069868
0.861960	0.345548	0.203075	0.454518	0.250000	1.027798	0.069868
0.871728	0.345548	0.203075	0.454518	0.250000	1.027798	0.069868
0.881503	0.345548	0.203075	0.454518	0.250000	1.027798	0.069868
0.891621	0.345548	0.203075	0.454518	0.250000	1.027798	0.069868
0.903246	0.345548	0.203075	0.454518	0.250000	1.027798	0.069868
0.912086	0.345548	0.203075	0.454518	0.250000	1.027798	0.069868
0.922061	0.359651	0.210622	0.498465	0.250000	0.983702	0.069648
0.931721	0.359651	0.210622	0.498465	0.250000	0.983702	0.069648
0.941628	0.359651	0.210622	0.498465	0.250000	0.983702	0.069648
0.951860	0.359651	0.210622	0.498465	0.250000	0.983702	0.069648
0.961636	0.359651	0.210622	0.498465	0.250000	0.983702	0.069648
0.971592	0.359651	0.210622	0.498465	0.250000	0.983702	0.069648
0.985994	0.359651	0.210622	0.498465	0.250000	0.983702	0.069648
0.991541	0.359651	0.210622	0.498465	0.250000	0.983702	0.069648
1.002518	0.359651	0.210622	0.498465	0.250000	0.983702	0.069648
1.012402	0.372831	0.218982	0.546624	0.250000	0.922036	0.067609
1.022745	0.372831	0.218982	0.546624	0.250000	0.922036	0.067609
1.031636	0.372831	0.218982	0.546624	0.250000	0.922036	0.067609
1.042298	0.372831	0.218982	0.546624	0.250000	0.922036	0.067609
1.051692	0.372831	0.218982	0.546624	0.250000	0.922036	0.067609
1.061716	0.372831	0.218982	0.546624	0.250000	0.922036	0.067609
1.071557	0.372831	0.218982	0.546624	0.250000	0.922036	0.067609
1.082001	0.372831	0.218982	0.546624	0.250000	0.922036	0.067609
1.091576	0.372831	0.218982	0.546624	0.250000	0.922036	0.067609
1.101772	0.385288	0.227686	0.590070	0.250000	0.862077	0.065256
1.111774	0.385288	0.227686	0.590070	0.250000	0.862077	0.065256
1.121535	0.385288	0.227686	0.590070	0.250000	0.862077	0.065256
1.131535	0.385288	0.227686	0.590070	0.250000	0.862077	0.065256
1.141587	0.385288	0.227686	0.590070	0.250000	0.862077	0.065256
1.152060	0.385288	0.227686	0.590070	0.250000	0.862077	0.065256
1.161583	0.385288	0.227686	0.590070	0.250000	0.862077	0.065256
1.171543	0.385288	0.227686	0.590070	0.250000	0.862077	0.065256
1.181931	0.385288	0.227686	0.590070	0.250000	0.862077	0.065256
1.191544	0.401991	0.239449	0.654451	0.250000	0.763076	0.060662
1.201899	0.401991	0.239449	0.654451	0.250000	0.763076	0.060662
1.211515	0.401991	0.239449	0.654451	0.250000	0.763076	0.060662
1.221619	0.401991	0.239449	0.654451	0.250000	0.763076	0.060662
1.231526	0.401991	0.239449	0.654451	0.250000	0.763076	0.060662
1.241781	0.401991	0.239449	0.654451	0.250000	0.763076	0.060662
1.251860	0.418240	0.252608	0.721522	0.250000	0.642220	0.054062
1.261880	0.418240	0.252608	0.721522	0.250000	0.642220	0.054062
1.271496	0.418240	0.252608	0.721522	0.250000	0.642220	0.054062
1.281549	0.418240	0.252608	0.721522	0.250000	0.642220	0.054062
1.291552	0.418240	0.252608	0.721522	0.250000	0.642220	0.054062
1.304915	0.418240	0.252608	0.721522	0.250000	0.642220	0.054062
1.311905	0.432852	0.269349	0.793495	0.250000	0.469139	0.042849
1.322322	0.432852	0.269349	0.793495	0.250000	0.469139	0.042849
1.331689	0.432852	0.269349	0.793495	0.250000	0.469139	0.042849
1.341484	0.432852	0.269349	0.793495	0.250000	0.469139	0.042849
1.351711	0.432852	0.269349	0.793495	0.250000	0.469139	0.042849
1.362004	0.432852	0.269349	0.793495	0.250000	0.469139	0.042849
1.371759	0.432852	0.269349	0.793495	0.250000	0.469139	0.042849
1.381490	0.432852	0.269349	0.793495	0.250000	0.469139	0.042849
1.391545	0.432852	0.269349	0.793495	0.250000	0.469139	0.042849
1.402060	0.443256	0.282843	0.846938	0.250000	0.320739	0.033360
1.412797	0.443256	0.282843	0.846938	0.250000	0.320739	0.033360
1.422191	0.443256	0.282843	0.846938	0.250000	0.320739	0.033360
1.431846	0.443256	0.282843	0.846938	0.250000	0.320739	0.033360
1.441612	0.443256	0.282843	0.846938	0.250000	0.320739	0.033360
1.452294	0.443256	0.282843	0.846938	0.250000	0.320739	0.033360
1.461588	0.443256	0.282843	0.846938	0.250000	0.320739	0.033360
1.471823	0.443256	0.282843	0.846938	0.250000	0.320739	0.033360
1.481755	0.443256	0.282843	0.846938	0.250000	0.320739	0.033360
1.492132	0.443256	0.282843	0.846938	0.250000	0.320739	0.033360
1.503843	0.443256	0.282843	0.846938	0.250000	0.320739	0.033360
1.511465	0.443256	0.282843	0.846938	0.250000	0.320739	0.033360
1.521569	0.443256	0.282843	0.846938	0.250000	0.320739	0.033360
1.532072	0.456828	0.300408	0.897065	0.250000	0.165461	0.023701
1.541826	0.456828	0.300408	0.897065	0.250000	0.165461	0.023701
1.552088	0.456828	0.300408	0.897065	0.250000	0.165461	0.023701
1.561891	0.456828	0.300408	0.897065	0.250000	0.165461	0.023701
1.571613	0.456828	0.300408	0.897065	0.250000	0.165461	0.023701
1.581899	0.456828	0.300408	0.897065	0.250000	0.165461	0.023701
1.591752	0.456828	0.300408	0.897065	0.250000	0.165461	0.023701
1.601963	0.456828	0.300408	0.897065	0.250000	0.165461	0.023701
1.611858	0.456828	0.300408	0.897065	0.250000	0.165461	0.023701
1.621562	0.456828	0.300408	0.897065	0.250000	0.165461	0.023701
1.631699	0.456828	0.300408	0.897065	0.250000	0.165461	0.023701
1.641570	0.456828	0.300408	0.897065	0.250000	0.165461	0.023701
1.651649	0.456828	0.300408	0.897065	0.250000	0.165461	0.023701
1.662543	0.472615	0.319246	0.972139	0.250000	-0.058912	0.010912
1.671595	0.472615	0.319246	0.972139	0.250000	-0.058912	0.010912
1.681566	0.472615	0.319246	0.972139	0.250000	-0.058912	0.010912
1.691485	0.472615	0.319246	0.972139	0.250000	-0.058912	0.010912
1.701549	0.472615	0.319246	0.972139	0.250000	-0.058912	0.010912
1.713819	0.472615	0.319246	0.972139	0.250000	-0.058912	0.010912
1.721488	0.472615	0.319246	0.972139	0.250000	-0.058912	0.010912
1.731638	0.486858	0.338554	1.036380	0.250000	-0.268885	-0.001083
1.741629	0.486858	0.338554	1.036380	0.250000	-0.268885	-0.001083
1.751515	0.486858	0.338554	1.036380	0.250000	-0.268885	-0.001083
1.761723	0.486858	0.338554	1.036380	0.250000	-0.268885	-0.001083
1.772271	0.486858	0.338554	1.036380	0.250000	-0.268885	-0.001083
1.781633	0.497272	0.355181	1.096072	0.250000	-0.472460	-0.012980
1.792884	0.497272	0.355181	1.096072	0.250000	-0.472460	-0.012980
1.802549	0.497272	0.355181	1.096072	0.250000	-0.472460	-0.012980
1.812118	0.497272	0.355181	1.096072	0.250000	-0.472460	-0.012980
1.821718	0.497272	0.355181	1.096072	0.250000	-0.472460	-0.012980
1.834098	0.497272	0.355181	1.096072	0.250000	-0.472460	-0.012980
1.841929	0.497272	0.355181	1.096072	0.250000	-0.472460	-0.012980
1.852087	0.497272	0.355181	1.096072	0.250000	-0.472460	-0.012980
1.861778	0.505251	0.367989	1.112785	0.250000	-0.549192	-0.017986
1.872241	0.505251	0.367989	1.112785	0.250000	-0.549192	-0.017986
1.881581	0.505251	0.367989	1.112785	0.250000	-0.549192	-0.017986
1.891536	0.505251	0.367989	1.112785	0.250000	-0.549192	-0.017986
1.901760	0.505251	0.367989	1.112785	0.250000	-0.549192	-0.017986
1.911742	0.513528	0.381035	1.127981	0.250000	-0.618513	-0.022578
1.921657	0.513528	0.381035	1.127981	0.250000	-0.618513	-0.022578
1.931693	0.513528	0.381035	1.127981	0.250000	-0.618513	-0.022578
1.944064	0.513528	0.381035	1.127981	0.250000	-0.618513	-0.022578
1.951640	0.513528	0.381035	1.127981	0.250000	-0.618513	-0.022578
1.961585	0.513528	0.381035	1.127981	0.250000	-0.618513	-0.022578
1.971782	0.513528	0.381035	1.127981	0.250000	-0.618513	-0.022578
1.981622	0.513528	0.381035	1.127981	0.250000	-0.618513	-0.022578
1.991877	0.513528	0.381035	1.127981	0.250000	-0.618513	-0.022578
2.002220	0.513528	0.381035	1.127981	0.250000	-0.618513	-0.022578
2.011675	0.521609	0.393399	1.124058	0.250000	-0.656900	-0.026128
2.022136	0.521609	0.393399	1.124058	0.250000	-0.656900	-0.026128
2.031927	0.521609	0.393399	1.124058	0.250000	-0.656900	-0.026128
2.041794	0.521609	0.393399	1.124058	0.250000	-0.656900	-0.026128
2.051690	0.521609	0.393399	1.124058	0.250000	-0.656900	-0.026128
2.061623	0.521609	0.393399	1.124058	0.250000	-0.656900	-0.026128
2.071553	0.521609	0.393399	1.124058	0.250000	-0.656900	-0.026128
2.081877	0.521609	0.393399	1.124058	0.250000	-0.656900	-0.026128
2.091897	0.521609	0.393399	1.124058	0.250000	-0.656900	-0.026128
2.101560	0.531845	0.410350	1.103295	0.250000	-0.656372	-0.027684
2.111808	0.531845	0.410350	1.103295	0.250000	-0.656372	-0.027684
2.121756	0.531845	0.410350	1.103295	0.250000	-0.656372	-0.027684
2.131892	0.531845	0.410350	1.103295	0.250000	-0.656372	-0.027684
2.141584	0.531845	0.410350	1.103295	0.250000	-0.656372	-0.027684
2.151554	0.531845	0.410350	1.103295	0.250000	-0.656372	-0.027684
2.162311	0.531845	0.410350	1.103295	0.250000	-0.656372	-0.027684
2.171900	0.531845	0.410350	1.103295	0.250000	-0.656372	-0.027684
2.181853	0.531845	0.410350	1.103295	0.250000	-0.656372	-0.027684
2.191727	0.531845	0.410350	1.103295	0.250000	-0.656372	-0.027684
2.202011	0.531845	0.410350	1.103295	0.250000	-0.656372	-0.027684
2.212056	0.531845	0.410350	1.103295	0.250000	-0.656372	-0.027684
2.221567	0.531845	0.410350	1.103295	0.250000	-0.656372	-0.027684
2.231671	0.544496	0.434357	1.057503	0.250000	-0.643775	-0.030275
2.241572	0.544496	0.434357	1.057503	0.250000	-0.643775	-0.030275
2.251931	0.544496	0.434357	1.057503	0.250000	-0.643775	-0.030275
2.261526	0.544496	0.434357	1.057503	0.250000	-0.643775	-0.030275
2.271919	0.544496	0.434357	1.057503	0.250000	-0.643775	-0.030275
2.282924	0.544496	0.434357	1.057503	0.250000	-0.643775	-0.030275
2.291778	0.544496	0.434357	1.057503	0.250000	-0.643775	-0.030275
2.302145	0.560239	0.456271	0.974723	0.250000	-0.518790	-0.025735
2.312953	0.560239	0.456271	0.974723	0.250000	-0.518790	-0.025735
2.322346	0.560239	0.456271	0.974723	0.250000	-0.518790	-0.025735
2.331552	0.560239	0.456271	0.974723	0.250000	-0.518790	-0.025735
2.343280	0.560239	0.456271	0.974723	0.250000	-0.518790	-0.025735
2.351537	0.560239	0.456271	0.974723	0.250000	-0.518790	-0.025735
2.361574	0.560239	0.456271	0.974723	0.250000	-0.518790	-0.025735
2.371533	0.573154	0.475934	0.929958	0.250000	-0.470727	-0.025182
2.381891	0.573154	0.475934	0.929958	0.250000	-0.470727	-0.025182
2.391670	0.573154	0.475934	0.929958	0.250000	-0.470727	-0.025182
2.401588	0.573154	0.475934	0.929958	0.250000	-0.470727	-0.025182
2.411701	0.573154	0.475934	0.929958	0.250000	-0.470727	-0.025182
2.422040	0.573154	0.475934	0.929958	0.250000	-0.470727	-0.025182
2.431565	0.573154	0.475934	0.929958	0.250000	-0.470727	-0.025182
2.441829	0.573154	0.475934	0.929958	0.250000	-0.470727	-0.025182
2.451607	0.573154	0.475934	0.929958	0.250000	-0.470727	-0.025182
2.461604	0.585849	0.489665	0.896126	0.250000	-0.401959	-0.021990
2.471506	0.585849	0.489665	0.896126	0.250000	-0.401959	-0.021990
2.481490	0.585849	0.489665	0.896126	0.250000	-0.401959	-0.021990
2.491614	0.585849	0.489665	0.896126	0.250000	-0.401959	-0.021990
2.501554	0.585849	0.489665	0.896126	0.250000	-0.401959	-0.021990
2.511633	0.585849	0.489665	0.896126	0.250000	-0.401959	-0.021990
2.521944	0.585849	0.489665	0.896126	0.250000	-0.401959	-0.021990
2.531852	0.585849	0.489665	0.896126	0.250000	-0.401959	-0.021990
2.542488	0.585849	0.489665	0.896126	0.250000	-0.401959	-0.021990
2.551743	0.585849	0.489665	0.896126	0.250000	-0.401959	-0.021990
2.561974	0.585849	0.489665	0.896126	0.250000	-0.401959	-0.021990
2.571776	0.585849	0.489665	0.896126	0.250000	-0.401959	-0.021990
2.582090	0.585849	0.489665	0.896126	0.250000	-0.401959	-0.021990
2.592282	0.600500	0.508250	0.860315	0.250000	-0.355501	-0.021220
2.602154	0.600500	0.508250	0.860315	0.250000	-0.355501	-0.021220
2.611833	0.600500	0.508250	0.860315	0.250000	-0.355501	-0.021220
2.621493	0.600500	0.508250	0.860315	0.250000	-0.355501	-0.021220
2.632015	0.600500	0.508250	0.860315	0.250000	-0.355501	-0.021220
2.641640	0.600500	0.508250	0.860315	0.250000	-0.355501	-0.021220
2.651508	0.600500	0.508250	0.860315	0.250000	-0.355501	-0.021220
2.661679	0.600500	0.508250	0.860315	0.250000	-0.355501	-0.021220
2.671504	0.618043	0.523390	0.795873	0.250000	-0.172976	-0.011356
2.681631	0.618043	0.523390	0.795873	0.250000	-0.172976	-0.011356
2.691502	0.618043	0.523390	0.795873	0.250000	-0.172976	-0.011356
2.701568	0.618043	0.523390	0.795873	0.250000	-0.172976	-0.011356
2.712192	0.618043	0.523390	0.795873	0.250000	-0.172976	-0.011356
2.721604	0.618043	0.523390	0.795873	0.250000	-0.172976	-0.011356
2.732146	0.636408	0.537817	0.724721	0.250000	0.048283	0.000684
2.741878	0.636408	0.537817	0.724721	0.250000	0.048283	0.000684
2.752131	0.636408	0.537817	0.724721	0.250000	0.048283	0.000684
2.761440	0.636408	0.537817	0.724721	0.250000	0.048283	0.000684
2.771661	0.636408	0.537817	0.724721	0.250000	0.048283	0.000684
2.781508	0.636408	0.537817	0.724721	0.250000	0.048283	0.000684
2.791583	0.636408	0.537817	0.724721	0.250000	0.048283	0.000684
2.801667	0.636408	0.537817	0.724721	0.250000	0.048283	0.000684
2.811797	0.636408	0.537817	0.724721	0.250000	0.048283	0.000684
2.822019	0.636408	0.537817	0.724721	0.250000	0.048283	0.000684
2.831885	0.636408	0.537817	0.724721	0.250000	0.048283	0.000684
2.841518	0.636408	0.537817	0.724721	0.250000	0.048283	0.000684
2.851825	0.636408	0.537817	0.724721	0.250000	0.048283	0.000684
2.861637	0.652889	0.546423	0.684452	0.250000	0.224767	0.011537
2.872102	0.652889	0.546423	0.684452	0.250000	0.224767	0.011537
2.881545	0.652889	0.546423	0.684452	0.250000	0.224767	0.011537
2.891629	0.652889	0.546423	0.684452	0.250000	0.224767	0.011537
2.901857	0.652889	0.546423	0.684452	0.250000	0.224767	0.011537
2.912383	0.652889	0.546423	0.684452	0.250000	0.224767	0.011537
2.921722	0.652889	0.546423	0.684452	0.250000	0.224767	0.011537
2.931930	0.652889	0.546423	0.684452	0.250000	0.224767	0.011537
2.941607	0.672884	0.560289	0.628361	0.250000	0.425638	0.023212
2.951488	0.672884	0.560289	0.628361	0.250000	0.425638	0.023212
2.961764	0.672884	0.560289	0.628361	0.250000	0.425638	0.023212
2.972120	0.672884	0.560289	0.628361	0.250000	0.425638	0.023212
2.982210	0.672884	0.560289	0.628361	0.250000	0.425638	0.023212
2.992330	0.672884	0.560289	0.628361	0.250000	0.425638	0.023212
3.001608	0.672884	0.560289	0.628361	0.250000	0.425638	0.023212
3.011619	0.690322	0.568929	0.597339	0.250000	0.566197	0.032668
3.021886	0.690322	0.568929	0.597339	0.250000	0.566197	0.032668
3.031696	0.690322	0.568929	0.597339	0.250000	0.566197	0.032668
3.043011	0.690322	0.568929	0.597339	0.250000	0.566197	0.032668
3.052049	0.690322	0.568929	0.597339	0.250000	0.566197	0.032668
3.063804	0.690322	0.568929	0.597339	0.250000	0.566197	0.032668
3.072318	0.690322	0.568929	0.597339	0.250000	0.566197	0.032668
3.082170	0.690322	0.568929	0.597339	0.250000	0.566197	0.032668
3.091644	0.690322	0.568929	0.597339	0.250000	0.566197	0.032668
3.101571	0.707990	0.582635	0.581873	0.250000	0.648794	0.037823
3.111758	0.707990	0.582635	0.581873	0.250000	0.648794	0.037823
3.121517	0.707990	0.582635	0.581873	0.250000	0.648794	0.037823
3.131559	0.707990	0.582635	0.581873	0.250000	0.648794	0.037823
3.141809	0.707990	0.582635	0.581873	0.250000	0.648794	0.037823
3.152143	0.707990	0.582635	0.581873	0.250000	0.648794	0.037823
3.161818	0.707990	0.582635	0.581873	0.250000	0.648794	0.037823
3.171651	0.707990	0.582635	0.581873	0.250000	0.648794	0.037823
3.182085	0.707990	0.582635	0.581873	0.250000	0.648794	0.037823
3.191604	0.707990	0.582635	0.581873	0.250000	0.648794	0.037823
3.201545	0.707990	0.582635	0.581873	0.250000	0.648794	0.037823
3.212206	0.707990	0.582635	0.581873	0.250000	0.648794	0.037823
3.221614	0.707990	0.582635	0.581873	0.250000	0.648794	0.037823
3.231557	0.707990	0.582635	0.581873	0.250000	0.648794	0.037823
3.241805	0.725880	0.592058	0.549909	0.250000	0.790480	0.047953
3.251613	0.725880	0.592058	0.549909	0.250000	0.790480	0.047953
3.261512	0.725880	0.592058	0.549909	0.250000	0.790480	0.047953
3.272007	0.725880	0.592058	0.549909	0.250000	0.790480	0.047953
3.282213	0.725880	0.592058	0.549909	0.250000	0.790480	0.047953
3.291649	0.725880	0.592058	0.549909	0.250000	0.790480	0.047953
3.301566	0.744807	0.604664	0.585241	0.250000	0.783100	0.048894
3.312742	0.744807	0.604664	0.585241	0.250000	0.783100	0.048894
3.322076	0.744807	0.604664	0.585241	0.250000	0.783100	0.048894
3.331887	0.744807	0.604664	0.585241	0.250000	0.783100	0.048894
3.341988	0.744807	0.604664	0.585241	0.250000	0.783100	0.048894
3.352053	0.744807	0.604664	0.585241	0.250000	0.783100	0.048894
3.361621	0.744807	0.604664	0.585241	0.250000	0.783100	0.048894
3.371457	0.762917	0.617742	0.650330	0.250000	0.710354	0.045580
3.382694	0.762917	0.617742	0.650330	0.250000	0.710354	0.045580
3.391993	0.762917	0.617742	0.650330	0.250000	0.710354	0.045580
3.401722	0.762917	0.617742	0.650330	0.250000	0.710354	0.045580
3.411494	0.762917	0.617742	0.650330	0.250000	0.710354	0.045580
3.421834	0.762917	0.617742	0.650330	0.250000	0.710354	0.045580
3.432151	0.762917	0.617742	0.650330	0.250000	0.710354	0.045580
3.441914	0.762917	0.617742	0.650330	0.250000	0.710354	0.045580
3.451702	0.762917	0.617742	0.650330	0.250000	0.710354	0.045580
3.462014	0.776442	0.630321	0.768020	0.250000	0.482500	0.032338
3.471975	0.776442	0.630321	0.768020	0.250000	0.482500	0.032338
3.482180	0.776442	0.630321	0.768020	0.250000	0.482500	0.032338
3.491601	0.776442	0.630321	0.768020	0.250000	0.482500	0.032338
3.501841	0.776442	0.630321	0.768020	0.250000	0.482500	0.032338
3.511569	0.776442	0.630321	0.768020	0.250000	0.482500	0.032338
3.522204	0.776442	0.630321	0.768020	0.250000	0.482500	0.032338
3.531518	0.790458	0.648081	0.828006	0.250000	0.362473	0.024122
3.541522	0.790458	0.648081	0.828006	0.250000	0.362473	0.024122
3.551731	0.790458	0.648081	0.828006	0.250000	0.362473	0.024122
3.561814	0.790458	0.648081	0.828006	0.250000	0.362473	0.024122
3.572336	0.790458	0.648081	0.828006	0.250000	0.362473	0.024122
3.581554	0.790458	0.648081	0.828006	0.250000	0.362473	0.024122
3.591562	0.800835	0.658815	0.875525	0.250000	0.290946	0.019655
3.601789	0.800835	0.658815	0.875525	0.250000	0.290946	0.019655
3.611902	0.800835	0.658815	0.875525	0.250000	0.290946	0.019655
3.621848	0.800835	0.658815	0.875525	0.250000	0.290946	0.019655
3.631621	0.800835	0.658815	0.875525	0.250000	0.290946	0.019655
3.641603	0.800835	0.658815	0.875525	0.250000	0.290946	0.019655
3.651560	0.800835	0.658815	0.875525	0.250000	0.290946	0.019655
3.661626	0.800835	0.658815	0.875525	0.250000	0.290946	0.019655
3.671704	0.812755	0.676068	0.924306	0.250000	0.199321	0.012703
3.681967	0.812755	0.676068	0.924306	0.250000	0.199321	0.012703
3.691724	0.812755	0.676068	0.924306	0.250000	0.199321	0.012703
3.701732	0.812755	0.676068	0.924306	0.250000	0.199321	0.012703
3.714638	0.812755	0.676068	0.924306	0.250000	0.199321	0.012703
3.721569	0.812755	0.676068	0.924306	0.250000	0.199321	0.012703
3.731698	0.812755	0.676068	0.924306	0.250000	0.199321	0.012703
3.741700	0.812755	0.676068	0.924306	0.250000	0.199321	0.012703
3.751456	0.812755	0.676068	0.924306	0.250000	0.199321	0.012703
3.762067	0.820707	0.683844	0.977493	0.250000	0.102669	0.007620
3.771642	0.820707	0.683844	0.977493	0.250000	0.102669	0.007620
3.781833	0.820707	0.683844	0.977493	0.250000	0.102669	0.007620
3.791861	0.820707	0.683844	0.977493	0.250000	0.102669	0.007620
3.801644	0.820707	0.683844	0.977493	0.250000	0.102669	0.007620
3.812536	0.820707	0.683844	0.977493	0.250000	0.102669	0.007620
3.821474	0.820707	0.683844	0.977493	0.250000	0.102669	0.007620
3.831649	0.820707	0.683844	0.977493	0.250000	0.102669	0.007620
3.841715	0.820707	0.683844	0.977493	0.250000	0.102669	0.007620
3.851565	0.820707	0.683844	0.977493	0.250000	0.102669	0.007620
3.862248	0.820707	0.683844	0.977493	0.250000	0.102669	0.007620
3.872058	0.820707	0.683844	0.977493	0.250000	0.102669	0.007620
3.881550	0.820707	0.683844	0.977493	0.250000	0.102669	0.007620
3.891503	0.820707	0.683844	0.977493	0.250000	0.102669	0.007620
3.901992	0.833119	0.702158	1.029299	0.250000	0.022093	0.001384
3.911672	0.833119	0.702158	1.029299	0.250000	0.022093	0.001384
3.921474	0.833119	0.702158	1.029299	0.250000	0.022093	0.001384
3.932245	0.833119	0.702158	1.029299	0.250000	0.022093	0.001384
3.942121	0.833119	0.702158	1.029299	0.250000	0.022093	0.001384
3.952416	0.833119	0.702158	1.029299	0.250000	0.022093	0.001384
3.961635	0.833119	0.702158	1.029299	0.250000	0.022093	0.001384
3.971518	0.833119	0.702158	1.029299	0.250000	0.022093	0.001384
3.982019	0.833119	0.702158	1.029299	0.250000	0.022093	0.001384
3.991737	0.833119	0.702158	1.029299	0.250000	0.022093	0.001384
4.001575	0.833119	0.702158	1.029299	0.250000	0.022093	0.001384
4.012282	0.833119	0.702158	1.029299	0.250000	0.022093	0.001384
4.021491	0.833119	0.702158	1.029299	0.250000	0.022093	0.001384
4.031767	0.833119	0.702158	1.029299	0.250000	0.022093	0.001384
4.042651	0.844786	0.720081	1.074935	0.250000	-0.015830	-0.003275
4.051974	0.844786	0.720081	1.074935	0.250000	-0.015830	-0.003275
4.061626	0.844786	0.720081	1.074935	0.250000	-0.015830	-0.003275
4.072423	0.844786	0.720081	1.074935	0.250000	-0.015830	-0.003275
4.081571	0.844786	0.720081	1.074935	0.250000	-0.015830	-0.003275
4.091615	0.844786	0.720081	1.074935	0.250000	-0.015830	-0.003275
4.101539	0.844786	0.720081	1.074935	0.250000	-0.015830	-0.003275
4.111735	0.844786	0.720081	1.074935	0.250000	-0.015830	-0.003275
4.121506	0.861555	0.752669	1.110013	0.250000	0.030194	-0.006036
4.131539	0.861555	0.752669	1.110013	0.250000	0.030194	-0.006036
4.142335	0.861555	0.752669	1.110013	0.250000	0.030194	-0.006036
4.151766	0.861555	0.752669	1.110013	0.250000	0.030194	-0.006036
4.162291	0.861555	0.752669	1.110013	0.250000	0.030194	-0.006036
4.171707	0.861555	0.752669	1.110013	0.250000	0.030194	-0.006036
4.181604	0.861555	0.752669	1.110013	0.250000	0.030194	-0.006036
4.191538	0.861555	0.752669	1.110013	0.250000	0.030194	-0.006036
4.201494	0.873330	0.774056	1.128675	0.250000	0.103890	-0.004271
4.212107	0.873330	0.774056	1.128675	0.250000	0.103890	-0.004271
4.221783	0.873330	0.774056	1.128675	0.250000	0.103890	-0.004271
4.231557	0.873330	0.774056	1.128675	0.250000	0.103890	-0.004271
4.242723	0.873330	0.774056	1.128675	0.250000	0.103890	-0.004271
4.252095	0.873330	0.774056	1.128675	0.250000	0.103890	-0.004271
4.261878	0.873330	0.774056	1.128675	0.250000	0.103890	-0.004271
4.271855	0.873330	0.774056	1.128675	0.250000	0.103890	-0.004271
4.281675	0.873330	0.774056	1.128675	0.250000	0.103890	-0.004271
4.291465	0.873330	0.774056	1.128675	0.250000	0.103890	-0.004271
4.301693	0.873330	0.774056	1.128675	0.250000	0.103890	-0.004271
4.311882	0.873330	0.774056	1.128675	0.250000	0.103890	-0.004271
4.321702	0.873330	0.774056	1.128675	0.250000	0.103890	-0.004271
4.331536	0.887684	0.801069	1.139595	0.250000	0.231715	0.001595
4.341836	0.887684	0.801069	1.139595	0.250000	0.231715	0.001595
4.351504	0.887684	0.801069	1.139595	0.250000	0.231715	0.001595
4.362236	0.887684	0.801069	1.139595	0.250000	0.231715	0.001595
4.371465	0.887684	0.801069	1.139595	0.250000	0.231715	0.001595
4.381744	0.887684	0.801069	1.139595	0.250000	0.231715	0.001595
4.391486	0.887684	0.801069	1.139595	0.250000	0.231715	0.001595
4.402253	0.898531	0.821106	1.142518	0.250000	0.350811	0.008151
4.412192	0.898531	0.821106	1.142518	0.250000	0.350811	0.008151
4.421667	0.898531	0.821106	1.142518	0.250000	0.350811	0.008151
4.431533	0.898531	0.821106	1.142518	0.250000	0.350811	0.008151
4.442329	0.898531	0.821106	1.142518	0.250000	0.350811	0.008151
4.452303	0.898531	0.821106	1.142518	0.250000	0.350811	0.008151
4.462019	0.898531	0.821106	1.142518	0.250000	0.350811	0.008151
4.471620	0.909291	0.841781	1.150241	0.250000	0.440796	0.013598
4.482717	0.909291	0.841781	1.150241	0.250000	0.440796	0.013598
4.491740	0.909291	0.841781	1.150241	0.250000	0.440796	0.013598
4.501988	0.909291	0.841781	1.150241	0.250000	0.440796	0.013598
4.511533	0.909291	0.841781	1.150241	0.250000	0.440796	0.013598
4.521654	0.909291	0.841781	1.150241	0.250000	0.440796	0.013598
4.531495	0.919055	0.861955	1.155345	0.250000	0.533240	0.019383
4.541625	0.919055	0.861955	1.155345	0.250000	0.533240	0.019383
4.551687	0.919055	0.861955	1.155345	0.250000	0.533240	0.019383
4.562350	0.919055	0.861955	1.155345	0.250000	0.533240	0.019383
4.571714	0.919055	0.861955	1.155345	0.250000	0.533240	0.019383
4.581566	0.919055	0.861955	1.155345	0.250000	0.533240	0.019383
4.591732	0.919055	0.861955	1.155345	0.250000	0.533240	0.019383
4.602346	0.919055	0.861955	1.155345	0.250000	0.533240	0.019383
4.611455	0.919055	0.861955	1.155345	0.250000	0.533240	0.019383
4.623272	0.919055	0.861955	1.155345	0.250000	0.533240	0.019383
4.631873	0.919055	0.861955	1.155345	0.250000	0.533240	0.019383
4.643651	0.919055	0.861955	1.155345	0.250000	0.533240	0.019383
4.651531	0.919055	0.861955	1.155345	0.250000	0.533240	0.019383
4.661888	0.927337	0.878808	1.167925	0.250000	0.609476	0.024803
4.671650	0.927337	0.878808	1.167925	0.250000	0.609476	0.024803
4.682371	0.927337	0.878808	1.167925	0.250000	0.609476	0.024803
4.691520	0.927337	0.878808	1.167925	0.250000	0.609476	0.024803
4.701552	0.927337	0.878808	1.167925	0.250000	0.609476	0.024803
4.713549	0.927337	0.878808	1.167925	0.250000	0.609476	0.024803
4.721495	0.927337	0.878808	1.167925	0.250000	0.609476	0.024803
4.732163	0.927337	0.878808	1.167925	0.250000	0.609476	0.024803
4.742023	0.927337	0.878808	1.167925	0.250000	0.609476	0.024803
4.751659	0.938678	0.904812	1.197202	0.250000	0.659895	0.029368
4.762470	0.938678	0.904812	1.197202	0.250000	0.659895	0.029368
4.771682	0.938678	0.904812	1.197202	0.250000	0.659895	0.029368
4.782051	0.938678	0.904812	1.197202	0.250000	0.659895	0.029368
4.791768	0.938678	0.904812	1.197202	0.250000	0.659895	0.029368
4.801569	0.938678	0.904812	1.197202	0.250000	0.659895	0.029368
4.811579	0.938678	0.904812	1.197202	0.250000	0.659895	0.029368
4.821448	0.945840	0.922410	1.237204	0.250000	0.661743	0.031217
4.831745	0.945840	0.922410	1.237204	0.250000	0.661743	0.031217
4.841849	0.945840	0.922410	1.237204	0.250000	0.661743	0.031217
4.851627	0.945840	0.922410	1.237204	0.250000	0.661743	0.031217
4.861605	0.945840	0.922410	1.237204	0.250000	0.661743	0.031217
4.871597	0.945840	0.922410	1.237204	0.250000	0.661743	0.031217
4.881637	0.952213	0.941942	1.293203	0.250000	0.613432	0.030083
4.891546	0.952213	0.941942	1.293203	0.250000	0.613432	0.030083
4.902572	0.952213	0.941942	1.293203	0.250000	0.613432	0.030083
4.911755	0.952213	0.941942	1.293203	0.250000	0.613432	0.030083
4.921572	0.952213	0.941942	1.293203	0.250000	0.613432	0.030083
4.931526	0.952213	0.941942	1.293203	0.250000	0.613432	0.030083
4.942126	0.952213	0.941942	1.293203	0.250000	0.613432	0.030083
4.951746	0.956584	0.956963	1.336480	0.250000	0.573500	0.029088
4.961532	0.956584	0.956963	1.336480	0.250000	0.573500	0.029088
4.972310	0.956584	0.956963	1.336480	0.250000	0.573500	0.029088
4.982154	0.956584	0.956963	1.336480	0.250000	0.573500	0.029088
4.991870	0.956584	0.956963	1.336480	0.250000	0.573500	0.029088
5.002444	0.956584	0.956963	1.336480	0.250000	0.573500	0.029088
5.011579	0.956584	0.956963	1.336480	0.250000	0.573500	0.029088
5.021548	0.956584	0.956963	1.336480	0.250000	0.573500	0.029088
5.031852	0.957711	0.966672	1.382081	0.250000	0.491789	0.024894
5.041845	0.957711	0.966672	1.382081	0.250000	0.491789	0.024894
5.051576	0.957711	0.966672	1.382081	0.250000	0.491789	0.024894
5.061526	0.957711	0.966672	1.382081	0.250000	0.491789	0.024894
5.071861	0.957711	0.966672	1.382081	0.250000	0.491789	0.024894
5.081617	0.957711	0.966672	1.382081	0.250000	0.491789	0.024894
5.091538	0.957711	0.966672	1.382081	0.250000	0.491789	0.024894
5.101834	0.962173	0.987750	1.436255	0.250000	0.424584	0.022476
5.111534	0.962173	0.987750	1.436255	0.250000	0.424584	0.022476
5.121682	0.962173	0.987750	1.436255	0.250000	0.424584	0.022476
5.131547	0.962173	0.987750	1.436255	0.250000	0.424584	0.022476
5.141654	0.962173	0.987750	1.436255	0.250000	0.424584	0.022476
5.151641	0.962173	0.987750	1.436255	0.250000	0.424584	0.022476
5.161729	0.962173	0.987750	1.436255	0.250000	0.424584	0.022476
5.171728	0.962173	0.987750	1.436255	0.250000	0.424584	0.022476
5.181848	0.961815	0.999755	1.488035	0.250000	0.301812	0.015620
5.191502	0.961815	0.999755	1.488035	0.250000	0.301812	0.015620
5.201551	0.961815	0.999755	1.488035	0.250000	0.301812	0.015620
5.211540	0.961815	0.999755	1.488035	0.250000	0.301812	0.015620
5.221693	0.961815	0.999755	1.488035	0.250000	0.301812	0.015620
5.231483	0.961815	0.999755	1.488035	0.250000	0.301812	0.015620
5.241574	0.961815	0.999755	1.488035	0.250000	0.301812	0.015620
5.251477	0.965874	1.024039	1.540863	0.250000	0.237099	0.013580
5.261922	0.965874	1.024039	1.540863	0.250000	0.237099	0.013580
5.271639	0.965874	1.024039	1.540863	0.250000	0.237099	0.013580
5.281784	0.965874	1.024039	1.540863	0.250000	0.237099	0.013580
5.291544	0.965874	1.024039	1.540863	0.250000	0.237099	0.013580
5.301579	0.965874	1.024039	1.540863	0.250000	0.237099	0.013580
5.311707	0.961714	1.027338	1.570813	0.250000	0.113362	0.005516
5.321586	0.961714	1.027338	1.570813	0.250000	0.113362	0.005516
5.331502	0.961714	1.027338	1.570813	0.250000	0.113362	0.005516
5.343084	0.961714	1.027338	1.570813	0.250000	0.113362	0.005516
5.352089	0.961714	1.027338	1.570813	0.250000	0.113362	0.005516
5.362019	0.961714	1.027338	1.570813	0.250000	0.113362	0.005516
5.371501	0.961714	1.027338	1.570813	0.250000	0.113362	0.005516
5.384085	0.963083	1.045581	1.729264	0.250000	-0.271576	-0.013977
5.391518	0.963083	1.045581	1.729264	0.250000	-0.271576	-0.013977
5.401641	0.963083	1.045581	1.729264	0.250000	-0.271576	-0.013977
5.412449	0.963083	1.045581	1.729264	0.250000	-0.271576	-0.013977
5.422339	0.963083	1.045581	1.729264	0.250000	-0.271576	-0.013977
5.432058	0.963083	1.045581	1.729264	0.250000	-0.271576	-0.013977
5.441921	0.963083	1.045581	1.729264	0.250000	-0.271576	-0.013977
5.451677	0.963083	1.045581	1.729264	0.250000	-0.271576	-0.013977
5.462301	0.963083	1.045581	1.729264	0.250000	-0.271576	-0.013977
5.471494	0.961469	1.057831	1.760396	0.250000	-0.354492	-0.018664
5.482165	0.961469	1.057831	1.760396	0.250000	-0.354492	-0.018664
5.492152	0.961469	1.057831	1.760396	0.250000	-0.354492	-0.018664
5.502033	0.961469	1.057831	1.760396	0.250000	-0.354492	-0.018664
5.512197	0.961469	1.057831	1.760396	0.250000	-0.354492	-0.018664
5.521814	0.961469	1.057831	1.760396	0.250000	-0.354492	-0.018664
5.531843	0.961469	1.057831	1.760396	0.250000	-0.354492	-0.018664
5.548319	0.964718	1.084322	1.798679	0.250000	-0.391127	-0.018965
5.556629	0.964718	1.084322	1.798679	0.250000	-0.391127	-0.018965
5.561623	0.964718	1.084322	1.798679	0.250000	-0.391127	-0.018965
5.571601	0.964718	1.084322	1.798679	0.250000	-0.391127	-0.018965
5.582368	0.964718	1.084322	1.798679	0.250000	-0.391127	-0.018965
5.591880	0.964718	1.084322	1.798679	0.250000	-0.391127	-0.018965
5.601674	0.964718	1.084322	1.798679	0.250000	-0.391127	-0.018965
5.612516	0.965933	1.108710	1.707086	0.250000	-0.124502	-0.004240
5.621977	0.965933	1.108710	1.707086	0.250000	-0.124502	-0.004240
5.631603	0.965933	1.108710	1.707086	0.250000	-0.124502	-0.004240
5.641547	0.965933	1.108710	1.707086	0.250000	-0.124502	-0.004240
5.651899	0.965933	1.108710	1.707086	0.250000	-0.124502	-0.004240
5.661818	0.965933	1.108710	1.707086	0.250000	-0.124502	-0.004240
5.671672	0.965933	1.108710	1.707086	0.250000	-0.124502	-0.004240
5.682183	0.963004	1.126275	1.865867	0.250000	-0.549995	-0.027368
5.691973	0.963004	1.126275	1.865867	0.250000	-0.549995	-0.027368
5.702216	0.963004	1.126275	1.865867	0.250000	-0.549995	-0.027368
5.711621	0.963004	1.126275	1.865867	0.250000	-0.549995	-0.027368
5.721842	0.963004	1.126275	1.865867	0.250000	-0.549995	-0.027368
5.732105	0.963004	1.126275	1.865867	0.250000	-0.549995	-0.027368
5.742026	0.963004	1.126275	1.865867	0.250000	-0.549995	-0.027368
5.751859	0.958450	1.138140	1.839462	0.250000	-0.519234	-0.026912
5.763450	0.958450	1.138140	1.839462	0.250000	-0.519234	-0.026912
5.771522	0.958450	1.138140	1.839462	0.250000	-0.519234	-0.026912
5.781727	0.958450	1.138140	1.839462	0.250000	-0.519234	-0.026912
5.791960	0.958450	1.138140	1.839462	0.250000	-0.519234	-0.026912
5.801866	0.958450	1.138140	1.839462	0.250000	-0.519234	-0.026912
5.811624	0.958450	1.138140	1.839462	0.250000	-0.519234	-0.026912
5.821637	0.955512	1.148028	1.803258	0.250000	-0.464312	-0.025065
5.832418	0.955512	1.148028	1.803258	0.250000	-0.464312	-0.025065
5.841558	0.955512	1.148028	1.803258	0.250000	-0.464312	-0.025065
5.851522	0.955512	1.148028	1.803258	0.250000	-0.464312	-0.025065
5.861926	0.955512	1.148028	1.803258	0.250000	-0.464312	-0.025065
5.871673	0.955512	1.148028	1.803258	0.250000	-0.464312	-0.025065
5.881799	0.955512	1.148028	1.803258	0.250000	-0.464312	-0.025065
5.892012	0.955512	1.148028	1.803258	0.250000	-0.464312	-0.025065
5.901637	0.955512	1.148028	1.803258	0.250000	-0.464312	-0.025065
5.912388	0.955512	1.148028	1.803258	0.250000	-0.464312	-0.025065
5.921861	0.955512	1.148028	1.803258	0.250000	-0.464312	-0.025065
5.931788	0.955512	1.148028	1.803258	0.250000	-0.464312	-0.025065
5.941576	0.955512	1.148028	1.803258	0.250000	-0.464312	-0.025065
5.952074	0.955512	1.148028	1.803258	0.250000	-0.464312	-0.025065
5.961890	0.955512	1.148028	1.803258	0.250000	-0.464312	-0.025065
5.971747	0.955492	1.168929	1.619895	0.250000	0.017099	0.000826
5.982412	0.955492	1.168929	1.619895	0.250000	0.017099	0.000826
5.992200	0.955492	1.168929	1.619895	0.250000	0.017099	0.000826
6.001973	0.955492	1.168929	1.619895	0.250000	0.017099	0.000826
6.011536	0.955492	1.168929	1.619895	0.250000	0.017099	0.000826
6.021630	0.955492	1.168929	1.619895	0.250000	0.017099	0.000826
6.031873	0.955492	1.168929	1.619895	0.250000	0.017099	0.000826
6.042365	0.955492	1.168929	1.619895	0.250000	0.017099	0.000826
6.052094	0.955492	1.168929	1.619895	0.250000	0.017099	0.000826
6.061758	0.955492	1.168929	1.619895	0.250000	0.017099	0.000826
6.071752	0.955492	1.168929	1.619895	0.250000	0.017099	0.000826
6.081620	0.955492	1.168929	1.619895	0.250000	0.017099	0.000826
6.092116	0.955492	1.168929	1.619895	0.250000	0.017099	0.000826
6.101619	0.960226	1.205181	1.582397	0.250000	0.183557	0.012538
6.111904	0.960226	1.205181	1.582397	0.250000	0.183557	0.012538
6.121553	0.960226	1.205181	1.582397	0.250000	0.183557	0.012538
6.132456	0.960226	1.205181	1.582397	0.250000	0.183557	0.012538
6.141963	0.960226	1.205181	1.582397	0.250000	0.183557	0.012538
6.151667	0.960226	1.205181	1.582397	0.250000	0.183557	0.012538
6.162409	0.960226	1.205181	1.582397	0.250000	0.183557	0.012538
6.172154	0.960226	1.205181	1.582397	0.250000	0.183557	0.012538
6.181581	0.960226	1.205181	1.582397	0.250000	0.183557	0.012538
6.191547	0.960226	1.205181	1.582397	0.250000	0.183557	0.012538
6.201853	0.960226	1.205181	1.582397	0.250000	0.183557	0.012538
6.211556	0.960226	1.205181	1.582397	0.250000	0.183557	0.012538
6.221675	0.960226	1.205181	1.582397	0.250000	0.183557	0.012538
6.231646	0.963179	1.239635	1.519373	0.250000	0.379167	0.025527
6.241853	0.963179	1.239635	1.519373	0.250000	0.379167	0.025527
6.251612	0.963179	1.239635	1.519373	0.250000	0.379167	0.025527
6.261508	0.963179	1.239635	1.519373	0.250000	0.379167	0.025527
6.274915	0.963179	1.239635	1.519373	0.250000	0.379167	0.025527
6.281840	0.963179	1.239635	1.519373	0.250000	0.379167	0.025527
6.291493	0.963179	1.239635	1.519373	0.250000	0.379167	0.025527
6.301600	0.963179	1.239635	1.519373	0.250000	0.379167	0.025527
6.311818	0.966942	1.266814	1.464773	0.250000	0.540129	0.036778
6.321801	0.966942	1.266814	1.464773	0.250000	0.540129	0.036778
6.331726	0.966942	1.266814	1.464773	0.250000	0.540129	0.036778
6.341843	0.966942	1.266814	1.464773	0.250000	0.540129	0.036778
6.351718	0.966942	1.266814	1.464773	0.250000	0.540129	0.036778
6.361722	0.966942	1.266814	1.464773	0.250000	0.540129	0.036778
6.371792	0.966942	1.266814	1.464773	0.250000	0.540129	0.036778
6.382010	0.968178	1.283111	1.648310	0.250000	0.093074	0.013710
6.391807	0.968178	1.283111	1.648310	0.250000	0.093074	0.013710
6.401560	0.968178	1.283111	1.648310	0.250000	0.093074	0.013710
6.412252	0.968178	1.283111	1.648310	0.250000	0.093074	0.013710
6.421494	0.968178	1.283111	1.648310	0.250000	0.093074	0.013710
6.431790	0.968178	1.283111	1.648310	0.250000	0.093074	0.013710
6.441646	0.968178	1.283111	1.648310	0.250000	0.093074	0.013710
6.451732	0.968178	1.283111	1.648310	0.250000	0.093074	0.013710
6.462161	0.971685	1.302747	1.670462	0.250000	0.057105	0.013840
6.472091	0.971685	1.302747	1.670462	0.250000	0.057105	0.013840
6.481624	0.971685	1.302747	1.670462	0.250000	0.057105	0.013840
6.491513	0.971685	1.302747	1.670462	0.250000	0.057105	0.013840
6.501644	0.971685	1.302747	1.670462	0.250000	0.057105	0.013840
6.511682	0.971685	1.302747	1.670462	0.250000	0.057105	0.013840
6.521596	0.971685	1.302747	1.670462	0.250000	0.057105	0.013840
6.531873	0.976461	1.328416	1.853481	0.250000	-0.371571	-0.005632
6.541529	0.976461	1.328416	1.853481	0.250000	-0.371571	-0.005632
6.551496	0.976461	1.328416	1.853481	0.250000	-0.371571	-0.005632
6.562033	0.976461	1.328416	1.853481	0.250000	-0.371571	-0.005632
6.571568	0.976461	1.328416	1.853481	0.250000	-0.371571	-0.005632
6.583691	0.978096	1.344805	1.683136	0.250000	0.055008	0.017532
6.591578	0.978096	1.344805	1.683136	0.250000	0.055008	0.017532
6.602103	0.978096	1.344805	1.683136	0.250000	0.055008	0.017532
6.612541	0.978096	1.344805	1.683136	0.250000	0.055008	0.017532
6.621589	0.978096	1.344805	1.683136	0.250000	0.055008	0.017532
6.632313	0.978096	1.344805	1.683136	0.250000	0.055008	0.017532
6.641508	0.978096	1.344805	1.683136	0.250000	0.055008	0.017532
6.651695	0.978096	1.344805	1.683136	0.250000	0.055008	0.017532
6.661762	0.978096	1.344805	1.683136	0.250000	0.055008	0.017532
6.671533	0.976644	1.356563	1.705277	0.250000	-0.028791	0.012906
6.682141	0.976644	1.356563	1.705277	0.250000	-0.028791	0.012906
6.691926	0.976644	1.356563	1.705277	0.250000	-0.028791	0.012906
6.701635	0.976644	1.356563	1.705277	0.250000	-0.028791	0.012906
6.711588	0.976644	1.356563	1.705277	0.250000	-0.028791	0.012906
6.721623	0.976644	1.356563	1.705277	0.250000	-0.028791	0.012906
6.732792	0.976644	1.356563	1.705277	0.250000	-0.028791	0.012906
6.741680	0.976644	1.356563	1.705277	0.250000	-0.028791	0.012906
6.751523	0.976644	1.356563	1.705277	0.250000	-0.028791	0.012906
6.761551	0.976644	1.356563	1.705277	0.250000	-0.028791	0.012906
6.771549	0.976644	1.356563	1.705277	0.250000	-0.028791	0.012906
6.782650	0.976644	1.356563	1.705277	0.250000	-0.028791	0.012906
6.791559	0.976644	1.356563	1.705277	0.250000	-0.028791	0.012906
6.801524	0.975710	1.373788	1.761548	0.250000	-0.220530	0.002911
6.813954	0.975710	1.373788	1.761548	0.250000	-0.220530	0.002911
6.822422	0.975710	1.373788	1.761548	0.250000	-0.220530	0.002911
6.831806	0.975710	1.373788	1.761548	0.250000	-0.220530	0.002911
6.841711	0.975710	1.373788	1.761548	0.250000	-0.220530	0.002911
6.851586	0.975710	1.373788	1.761548	0.250000	-0.220530	0.002911
6.861666	0.975710	1.373788	1.761548	0.250000	-0.220530	0.002911
6.871995	0.977032	1.398234	2.034630	0.250000	-0.856288	-0.027520
6.881902	0.977032	1.398234	2.034630	0.250000	-0.856288	-0.027520
6.891869	0.977032	1.398234	2.034630	0.250000	-0.856288	-0.027520
6.901694	0.977032	1.398234	2.034630	0.250000	-0.856288	-0.027520
6.911505	0.977032	1.398234	2.034630	0.250000	-0.856288	-0.027520
6.921699	0.977032	1.398234	2.034630	0.250000	-0.856288	-0.027520
6.931551	0.979306	1.424780	2.029452	0.250000	-0.848524	-0.025157
6.941875	0.979306	1.424780	2.029452	0.250000	-0.848524	-0.025157
6.951653	0.979306	1.424780	2.029452	0.250000	-0.848524	-0.025157
6.961810	0.979306	1.424780	2.029452	0.250000	-0.848524	-0.025157
6.972142	0.979306	1.424780	2.029452	0.250000	-0.848524	-0.025157
6.982034	0.979306	1.424780	2.029452	0.250000	-0.848524	-0.025157
6.991929	0.979306	1.424780	2.029452	0.250000	-0.848524	-0.025157
7.001623	0.979306	1.424780	2.029452	0.250000	-0.848524	-0.025157
7.011521	0.979306	1.424780	2.029452	0.250000	-0.848524	-0.025157
7.021843	0.979830	1.440940	1.836038	0.250000	-0.479717	-0.007331
7.031678	0.979830	1.440940	1.836038	0.250000	-0.479717	-0.007331
7.043512	0.979830	1.440940	1.836038	0.250000	-0.479717	-0.007331
7.051617	0.979830	1.440940	1.836038	0.250000	-0.479717	-0.007331
7.061596	0.979830	1.440940	1.836038	0.250000	-0.479717	-0.007331
7.071531	0.979830	1.440940	1.836038	0.250000	-0.479717	-0.007331
7.082856	0.979830	1.440940	1.836038	0.250000	-0.479717	-0.007331
7.091645	0.981922	1.461015	1.554099	0.250000	0.169827	0.027418
7.102497	0.981922	1.461015	1.554099	0.250000	0.169827	0.027418
7.112295	0.981922	1.461015	1.554099	0.250000	0.169827	0.027418
7.121913	0.981922	1.461015	1.554099	0.250000	0.169827	0.027418
7.132960	0.981922	1.461015	1.554099	0.250000	0.169827	0.027418
7.141526	0.981922	1.461015	1.554099	0.250000	0.169827	0.027418
7.151552	0.981922	1.461015	1.554099	0.250000	0.169827	0.027418
7.161538	0.981922	1.461015	1.554099	0.250000	0.169827	0.027418
7.171945	0.981922	1.461015	1.554099	0.250000	0.169827	0.027418
7.181679	0.981922	1.461015	1.554099	0.250000	0.169827	0.027418
7.191588	0.981922	1.461015	1.554099	0.250000	0.169827	0.027418
7.202461	0.981922	1.461015	1.554099	0.250000	0.169827	0.027418
7.211750	0.981922	1.461015	1.554099	0.250000	0.169827	0.027418
7.221545	0.981922	1.461015	1.554099	0.250000	0.169827	0.027418
7.231549	0.981922	1.461015	1.554099	0.250000	0.169827	0.027418
7.241893	0.983653	1.483897	1.526438	0.250000	0.235083	0.031475
