t	x(t)	y(t)	theta(t)	v(t)	gamma(t)	efa
0.003340	0.239291	0.183020	-0.010903	0.250000	0.059500	0.002717
0.004933	0.239291	0.183020	-0.010903	0.250000	0.059500	0.002717
0.013999	0.239291	0.183020	-0.010903	0.250000	0.059500	0.002717
0.024948	0.239291	0.183020	-0.010903	0.250000	0.059500	0.002717
0.034007	0.239291	0.183020	-0.010903	0.250000	0.059500	0.002717
0.045603	0.239291	0.183020	-0.010903	0.250000	0.059500	0.002717
0.054426	0.239291	0.183020	-0.010903	0.250000	0.059500	0.002717
0.063865	0.239291	0.183020	-0.010903	0.250000	0.059500	0.002717
0.074532	0.239291	0.183020	-0.010903	0.250000	0.059500	0.002717
0.084803	0.239291	0.183020	-0.010903	0.250000	0.059500	0.002717
0.094038	0.239291	0.183020	-0.010903	0.250000	0.059500	0.002717
0.103918	0.239291	0.183020	-0.010903	0.250000	0.059500	0.002717
0.114683	0.239291	0.183020	-0.010903	0.250000	0.059500	0.002717
0.123904	0.239291	0.183020	-0.010903	0.250000	0.059500	0.002717
0.133890	0.239291	0.183020	-0.010903	0.250000	0.059500	0.002717
0.143891	0.239291	0.183020	-0.010903	0.250000	0.059500	0.002717
0.154436	0.239291	0.183020	-0.010903	0.250000	0.059500	0.002717
0.164435	0.239291	0.183020	-0.010903	0.250000	0.059500	0.002717
0.174754	0.239291	0.183020	-0.010903	0.250000	0.059500	0.002717
0.183975	0.239291	0.183020	-0.010903	0.250000	0.059500	0.002717
0.195217	0.239291	0.183020	-0.010903	0.250000	0.059500	0.002717
0.203960	0.239291	0.183020	-0.010903	0.250000	0.059500	0.002717
0.213882	0.239291	0.183020	-0.010903	0.250000	0.059500	0.002717
0.253161	0.240566	0.183609	0.009317	0.250000	0.059500	0.002717
0.254106	0.240566	0.183609	0.009317	0.250000	-0.001017	-0.000642
0.254478	0.240566	0.183609	0.009317	0.250000	-0.001017	-0.000642
0.254821	0.240566	0.183609	0.009317	0.250000	-0.001017	-0.000642
0.263923	0.240566	0.183609	0.009317	0.250000	-0.001017	-0.000642
0.273891	0.240566	0.183609	0.009317	0.250000	-0.001017	-0.000642
0.283870	0.240566	0.183609	0.009317	0.250000	-0.001017	-0.000642
0.294903	0.240566	0.183609	0.009317	0.250000	-0.001017	-0.000642
0.303890	0.240566	0.183609	0.009317	0.250000	-0.001017	-0.000642
0.313972	0.240566	0.183609	0.009317	0.250000	-0.001017	-0.000642
0.323879	0.245485	0.184567	0.000627	0.250000	0.031716	-0.000251
0.334183	0.245485	0.184567	0.000627	0.250000	0.031716	-0.000251
0.343948	0.245485	0.184567	0.000627	0.250000	0.031716	-0.000251
0.353781	0.245485	0.184567	0.000627	0.250000	0.031716	-0.000251
0.364224	0.245485	0.184567	0.000627	0.250000	0.031716	-0.000251
0.374938	0.245485	0.184567	0.000627	0.250000	0.031716	-0.000251
0.384724	0.245485	0.184567	0.000627	0.250000	0.031716	-0.000251
0.393833	0.258644	0.183457	0.002257	0.250000	0.087510	0.001331
0.404550	0.258644	0.183457	0.002257	0.250000	0.087510	0.001331
0.414803	0.258644	0.183457	0.002257	0.250000	0.087510	0.001331
0.424709	0.258644	0.183457	0.002257	0.250000	0.087510	0.001331
0.434574	0.258644	0.183457	0.002257	0.250000	0.087510	0.001331
0.444296	0.258644	0.183457	0.002257	0.250000	0.087510	0.001331
0.453974	0.258644	0.183457	0.002257	0.250000	0.087510	0.001331
0.464922	0.258644	0.183457	0.002257	0.250000	0.087510	0.001331
0.474026	0.258644	0.183457	0.002257	0.250000	0.087510	0.001331
0.484171	0.258644	0.183457	0.002257	0.250000	0.087510	0.001331
0.493880	0.258644	0.183457	0.002257	0.250000	0.087510	0.001331
0.505052	0.258644	0.183457	0.002257	0.250000	0.087510	0.001331
0.514376	0.258644	0.183457	0.002257	0.250000	0.087510	0.001331
0.524146	0.258644	0.183457	0.002257	0.250000	0.087510	0.001331
0.534039	0.258644	0.183457	0.002257	0.250000	0.087510	0.001331
0.544649	0.258644	0.183457	0.002257	0.250000	0.087510	0.001331
0.555442	0.258644	0.183457	0.002257	0.250000	0.087510	0.001331
0.564265	0.284594	0.180354	-0.017779	0.250000	0.286189	0.009986
0.574663	0.284594	0.180354	-0.017779	0.250000	0.286189	0.009986
0.583901	0.284594	0.180354	-0.017779	0.250000	0.286189	0.009986
0.593879	0.284594	0.180354	-0.017779	0.250000	0.286189	0.009986
0.604284	0.284594	0.180354	-0.017779	0.250000	0.286189	0.009986
0.614852	0.284594	0.180354	-0.017779	0.250000	0.286189	0.009986
0.624027	0.311292	0.180333	-0.004212	0.250000	0.377895	0.012770
0.633919	0.311292	0.180333	-0.004212	0.250000	0.377895	0.012770
0.644763	0.311292	0.180333	-0.004212	0.250000	0.377895	0.012770
0.653885	0.311292	0.180333	-0.004212	0.250000	0.377895	0.012770
0.663884	0.311292	0.180333	-0.004212	0.250000	0.377895	0.012770
0.674122	0.311292	0.180333	-0.004212	0.250000	0.377895	0.012770
0.683901	0.311292	0.180333	-0.004212	0.250000	0.377895	0.012770
0.693996	0.335755	0.180523	-0.010470	0.250000	0.514787	0.018834
0.704704	0.335755	0.180523	-0.010470	0.250000	0.514787	0.018834
0.714023	0.335755	0.180523	-0.010470	0.250000	0.514787	0.018834
0.723986	0.335755	0.180523	-0.010470	0.250000	0.514787	0.018834
0.734072	0.335755	0.180523	-0.010470	0.250000	0.514787	0.018834
0.744839	0.335755	0.180523	-0.010470	0.250000	0.514787	0.018834
0.755817	0.335755	0.180523	-0.010470	0.250000	0.514787	0.018834
0.764284	0.335755	0.180523	-0.010470	0.250000	0.514787	0.018834
0.774061	0.335755	0.180523	-0.010470	0.250000	0.514787	0.018834
0.783921	0.352018	0.181187	-0.009151	0.250000	0.597620	0.022636
0.793849	0.352018	0.181187	-0.009151	0.250000	0.597620	0.022636
0.804312	0.352018	0.181187	-0.009151	0.250000	0.597620	0.022636
0.814029	0.352018	0.181187	-0.009151	0.250000	0.597620	0.022636
0.823838	0.352018	0.181187	-0.009151	0.250000	0.597620	0.022636
0.834615	0.352018	0.181187	-0.009151	0.250000	0.597620	0.022636
0.844499	0.352018	0.181187	-0.009151	0.250000	0.597620	0.022636
0.854140	0.352018	0.181187	-0.009151	0.250000	0.597620	0.022636
0.864016	0.352018	0.181187	-0.009151	0.250000	0.597620	0.022636
0.873909	0.352018	0.181187	-0.009151	0.250000	0.597620	0.022636
0.883969	0.352018	0.181187	-0.009151	0.250000	0.597620	0.022636
0.894832	0.352018	0.181187	-0.009151	0.250000	0.597620	0.022636
0.904496	0.352018	0.181187	-0.009151	0.250000	0.597620	0.022636
0.914420	0.375131	0.178232	-0.021134	0.250000	0.772699	0.033403
0.924148	0.375131	0.178232	-0.021134	0.250000	0.772699	0.033403
0.934892	0.375131	0.178232	-0.021134	0.250000	0.772699	0.033403
0.944583	0.375131	0.178232	-0.021134	0.250000	0.772699	0.033403
0.954266	0.375131	0.178232	-0.021134	0.250000	0.772699	0.033403
0.963957	0.375131	0.178232	-0.021134	0.250000	0.772699	0.033403
0.973896	0.375131	0.178232	-0.021134	0.250000	0.772699	0.033403
0.984553	0.398178	0.176872	-0.001344	0.250000	0.858818	0.039509
0.994568	0.398178	0.176872	-0.001344	0.250000	0.858818	0.039509
1.004015	0.398178	0.176872	-0.001344	0.250000	0.858818	0.039509
1.014267	0.398178	0.176872	-0.001344	0.250000	0.858818	0.039509
1.025365	0.398178	0.176872	-0.001344	0.250000	0.858818	0.039509
1.034675	0.398178	0.176872	-0.001344	0.250000	0.858818	0.039509
1.044478	0.398178	0.176872	-0.001344	0.250000	0.858818	0.039509
1.054391	0.398178	0.176872	-0.001344	0.250000	0.858818	0.039509
1.068836	0.398178	0.176872	-0.001344	0.250000	0.858818	0.039509
1.074748	0.398178	0.176872	-0.001344	0.250000	0.858818	0.039509
1.084188	0.398178	0.176872	-0.001344	0.250000	0.858818	0.039509
1.094168	0.398178	0.176872	-0.001344	0.250000	0.858818	0.039509
1.103909	0.398178	0.176872	-0.001344	0.250000	0.858818	0.039509
1.113926	0.398178	0.176872	-0.001344	0.250000	0.858818	0.039509
1.124248	0.398178	0.176872	-0.001344	0.250000	0.858818	0.039509
1.134243	0.398178	0.176872	-0.001344	0.250000	0.858818	0.039509
1.144016	0.425790	0.178749	0.032475	0.250000	0.928341	0.044569
1.154079	0.425790	0.178749	0.032475	0.250000	0.928341	0.044569
1.164486	0.425790	0.178749	0.032475	0.250000	0.928341	0.044569
1.173955	0.425790	0.178749	0.032475	0.250000	0.928341	0.044569
1.184067	0.425790	0.178749	0.032475	0.250000	0.928341	0.044569
1.193805	0.425790	0.178749	0.032475	0.250000	0.928341	0.044569
1.203820	0.450505	0.181889	0.115183	0.250000	0.890845	0.044055
1.214196	0.450505	0.181889	0.115183	0.250000	0.890845	0.044055
1.225821	0.450505	0.181889	0.115183	0.250000	0.890845	0.044055
1.233857	0.450505	0.181889	0.115183	0.250000	0.890845	0.044055
1.244495	0.450505	0.181889	0.115183	0.250000	0.890845	0.044055
1.254288	0.450505	0.181889	0.115183	0.250000	0.890845	0.044055
1.264027	0.450505	0.181889	0.115183	0.250000	0.890845	0.044055
1.274770	0.450505	0.181889	0.115183	0.250000	0.890845	0.044055
1.284578	0.473870	0.186228	0.177571	0.250000	0.872249	0.044484
1.294072	0.473870	0.186228	0.177571	0.250000	0.872249	0.044484
1.304604	0.473870	0.186228	0.177571	0.250000	0.872249	0.044484
1.313834	0.473870	0.186228	0.177571	0.250000	0.872249	0.044484
1.323923	0.473870	0.186228	0.177571	0.250000	0.872249	0.044484
1.333998	0.473870	0.186228	0.177571	0.250000	0.872249	0.044484
1.344084	0.473870	0.186228	0.177571	0.250000	0.872249	0.044484
1.353890	0.473870	0.186228	0.177571	0.250000	0.872249	0.044484
1.364532	0.473870	0.186228	0.177571	0.250000	0.872249	0.044484
1.373855	0.473870	0.186228	0.177571	0.250000	0.872249	0.044484
1.383956	0.473870	0.186228	0.177571	0.250000	0.872249	0.044484
1.393893	0.473870	0.186228	0.177571	0.250000	0.872249	0.044484
1.403849	0.473870	0.186228	0.177571	0.250000	0.872249	0.044484
1.413805	0.473870	0.186228	0.177571	0.250000	0.872249	0.044484
1.424827	0.496489	0.191809	0.239883	0.250000	0.862534	0.045727
1.433879	0.496489	0.191809	0.239883	0.250000	0.862534	0.045727
1.444540	0.496489	0.191809	0.239883	0.250000	0.862534	0.045727
1.453850	0.496489	0.191809	0.239883	0.250000	0.862534	0.045727
1.464657	0.496489	0.191809	0.239883	0.250000	0.862534	0.045727
1.473933	0.496489	0.191809	0.239883	0.250000	0.862534	0.045727
1.484132	0.517093	0.197105	0.275815	0.250000	0.878777	0.048405
1.496178	0.517093	0.197105	0.275815	0.250000	0.878777	0.048405
1.504774	0.517093	0.197105	0.275815	0.250000	0.878777	0.048405
1.513922	0.517093	0.197105	0.275815	0.250000	0.878777	0.048405
1.524688	0.517093	0.197105	0.275815	0.250000	0.878777	0.048405
1.534213	0.517093	0.197105	0.275815	0.250000	0.878777	0.048405
1.544753	0.517093	0.197105	0.275815	0.250000	0.878777	0.048405
1.554474	0.517093	0.197105	0.275815	0.250000	0.878777	0.048405
1.564848	0.517093	0.197105	0.275815	0.250000	0.878777	0.048405
1.574538	0.517093	0.197105	0.275815	0.250000	0.878777	0.048405
1.583891	0.517093	0.197105	0.275815	0.250000	0.878777	0.048405
1.593867	0.517093	0.197105	0.275815	0.250000	0.878777	0.048405
1.604045	0.517093	0.197105	0.275815	0.250000	0.878777	0.048405
1.614015	0.517093	0.197105	0.275815	0.250000	0.878777	0.048405
1.624772	0.540764	0.204973	0.340243	0.250000	0.839871	0.047977
1.634557	0.540764	0.204973	0.340243	0.250000	0.839871	0.047977
1.644367	0.540764	0.204973	0.340243	0.250000	0.839871	0.047977
1.654217	0.540764	0.204973	0.340243	0.250000	0.839871	0.047977
1.664347	0.540764	0.204973	0.340243	0.250000	0.839871	0.047977
1.673923	0.540764	0.204973	0.340243	0.250000	0.839871	0.047977
1.684613	0.540764	0.204973	0.340243	0.250000	0.839871	0.047977
1.694321	0.540764	0.204973	0.340243	0.250000	0.839871	0.047977
1.703874	0.558982	0.211417	0.401563	0.250000	0.792497	0.047018
1.714081	0.558982	0.211417	0.401563	0.250000	0.792497	0.047018
1.723897	0.558982	0.211417	0.401563	0.250000	0.792497	0.047018
1.734833	0.558982	0.211417	0.401563	0.250000	0.792497	0.047018
1.743989	0.558982	0.211417	0.401563	0.250000	0.792497	0.047018
1.754993	0.558982	0.211417	0.401563	0.250000	0.792497	0.047018
1.764709	0.558982	0.211417	0.401563	0.250000	0.792497	0.047018
1.774404	0.574444	0.215734	0.462424	0.250000	0.742010	0.046276
1.784228	0.574444	0.215734	0.462424	0.250000	0.742010	0.046276
1.794071	0.574444	0.215734	0.462424	0.250000	0.742010	0.046276
1.804716	0.574444	0.215734	0.462424	0.250000	0.742010	0.046276
1.814455	0.574444	0.215734	0.462424	0.250000	0.742010	0.046276
1.823968	0.574444	0.215734	0.462424	0.250000	0.742010	0.046276
1.833938	0.587352	0.222962	0.507592	0.250000	0.689665	0.043819
1.844217	0.587352	0.222962	0.507592	0.250000	0.689665	0.043819
1.854404	0.587352	0.222962	0.507592	0.250000	0.689665	0.043819
1.864641	0.587352	0.222962	0.507592	0.250000	0.689665	0.043819
1.874405	0.587352	0.222962	0.507592	0.250000	0.689665	0.043819
1.883994	0.587352	0.222962	0.507592	0.250000	0.689665	0.043819
1.893918	0.587352	0.222962	0.507592	0.250000	0.689665	0.043819
1.905199	0.599973	0.229384	0.532579	0.250000	0.677417	0.043954
1.914578	0.599973	0.229384	0.532579	0.250000	0.677417	0.043954
1.924152	0.599973	0.229384	0.532579	0.250000	0.677417	0.043954
1.933918	0.599973	0.229384	0.532579	0.250000	0.677417	0.043954
1.944931	0.599973	0.229384	0.532579	0.250000	0.677417	0.043954
1.955614	0.599973	0.229384	0.532579	0.250000	0.677417	0.043954
1.964165	0.599973	0.229384	0.532579	0.250000	0.677417	0.043954
1.973978	0.599973	0.229384	0.532579	0.250000	0.677417	0.043954
1.984795	0.614114	0.241306	0.574600	0.250000	0.598787	0.038794
1.994434	0.614114	0.241306	0.574600	0.250000	0.598787	0.038794
2.003952	0.614114	0.241306	0.574600	0.250000	0.598787	0.038794
2.013892	0.614114	0.241306	0.574600	0.250000	0.598787	0.038794
2.024714	0.614114	0.241306	0.574600	0.250000	0.598787	0.038794
2.034047	0.614114	0.241306	0.574600	0.250000	0.598787	0.038794
2.044740	0.614114	0.241306	0.574600	0.250000	0.598787	0.038794
2.053991	0.628183	0.249766	0.629703	0.250000	0.516973	0.034968
2.064774	0.628183	0.249766	0.629703	0.250000	0.516973	0.034968
2.074325	0.628183	0.249766	0.629703	0.250000	0.516973	0.034968
2.084011	0.628183	0.249766	0.629703	0.250000	0.516973	0.034968
2.093995	0.628183	0.249766	0.629703	0.250000	0.516973	0.034968
2.104775	0.628183	0.249766	0.629703	0.250000	0.516973	0.034968
2.114474	0.628183	0.249766	0.629703	0.250000	0.516973	0.034968
2.123922	0.628183	0.249766	0.629703	0.250000	0.516973	0.034968
2.133938	0.641636	0.260098	0.691341	0.250000	0.397328	0.028445
2.144765	0.641636	0.260098	0.691341	0.250000	0.397328	0.028445
2.154507	0.641636	0.260098	0.691341	0.250000	0.397328	0.028445
2.164212	0.641636	0.260098	0.691341	0.250000	0.397328	0.028445
2.174018	0.641636	0.260098	0.691341	0.250000	0.397328	0.028445
2.184764	0.641636	0.260098	0.691341	0.250000	0.397328	0.028445
2.193885	0.641636	0.260098	0.691341	0.250000	0.397328	0.028445
2.203874	0.653037	0.268506	0.749537	0.250000	0.279937	0.022383
2.214057	0.653037	0.268506	0.749537	0.250000	0.279937	0.022383
2.226034	0.653037	0.268506	0.749537	0.250000	0.279937	0.022383
2.234428	0.653037	0.268506	0.749537	0.250000	0.279937	0.022383
2.244032	0.653037	0.268506	0.749537	0.250000	0.279937	0.022383
2.254092	0.653037	0.268506	0.749537	0.250000	0.279937	0.022383
2.263869	0.653037	0.268506	0.749537	0.250000	0.279937	0.022383
2.274755	0.653037	0.268506	0.749537	0.250000	0.279937	0.022383
2.284595	0.662370	0.276296	0.789854	0.250000	0.193984	0.017784
2.294301	0.662370	0.276296	0.789854	0.250000	0.193984	0.017784
2.303849	0.662370	0.276296	0.789854	0.250000	0.193984	0.017784
2.313814	0.662370	0.276296	0.789854	0.250000	0.193984	0.017784
2.323899	0.662370	0.276296	0.789854	0.250000	0.193984	0.017784
2.333833	0.662370	0.276296	0.789854	0.250000	0.193984	0.017784
2.344890	0.674002	0.288932	0.845446	0.250000	0.045687	0.009249
2.354857	0.674002	0.288932	0.845446	0.250000	0.045687	0.009249
2.363895	0.674002	0.288932	0.845446	0.250000	0.045687	0.009249
2.374666	0.674002	0.288932	0.845446	0.250000	0.045687	0.009249
2.384037	0.674002	0.288932	0.845446	0.250000	0.045687	0.009249
2.394099	0.674002	0.288932	0.845446	0.250000	0.045687	0.009249
2.404728	0.674002	0.288932	0.845446	0.250000	0.045687	0.009249
2.415076	0.674002	0.288932	0.845446	0.250000	0.045687	0.009249
2.424825	0.674002	0.288932	0.845446	0.250000	0.045687	0.009249
2.434572	0.674002	0.288932	0.845446	0.250000	0.045687	0.009249
2.444362	0.674002	0.288932	0.845446	0.250000	0.045687	0.009249
2.454016	0.674002	0.288932	0.845446	0.250000	0.045687	0.009249
2.463905	0.674002	0.288932	0.845446	0.250000	0.045687	0.009249
2.474309	0.686928	0.305592	0.892417	0.250000	-0.103647	0.000116
2.483897	0.686928	0.305592	0.892417	0.250000	-0.103647	0.000116
2.494000	0.686928	0.305592	0.892417	0.250000	-0.103647	0.000116
2.504029	0.686928	0.305592	0.892417	0.250000	-0.103647	0.000116
2.513959	0.686928	0.305592	0.892417	0.250000	-0.103647	0.000116
2.523897	0.686928	0.305592	0.892417	0.250000	-0.103647	0.000116
2.534609	0.701048	0.326348	0.937762	0.250000	-0.270851	-0.010567
2.544347	0.701048	0.326348	0.937762	0.250000	-0.270851	-0.010567
2.554132	0.701048	0.326348	0.937762	0.250000	-0.270851	-0.010567
2.563883	0.701048	0.326348	0.937762	0.250000	-0.270851	-0.010567
2.574650	0.701048	0.326348	0.937762	0.250000	-0.270851	-0.010567
2.584529	0.701048	0.326348	0.937762	0.250000	-0.270851	-0.010567
2.594123	0.701048	0.326348	0.937762	0.250000	-0.270851	-0.010567
2.604149	0.701048	0.326348	0.937762	0.250000	-0.270851	-0.010567
2.614070	0.711138	0.340530	0.973142	0.250000	-0.384597	-0.017470
2.623915	0.711138	0.340530	0.973142	0.250000	-0.384597	-0.017470
2.634126	0.711138	0.340530	0.973142	0.250000	-0.384597	-0.017470
2.644021	0.711138	0.340530	0.973142	0.250000	-0.384597	-0.017470
2.653960	0.711138	0.340530	0.973142	0.250000	-0.384597	-0.017470
2.665017	0.711138	0.340530	0.973142	0.250000	-0.384597	-0.017470
2.674208	0.711138	0.340530	0.973142	0.250000	-0.384597	-0.017470
2.683964	0.711138	0.340530	0.973142	0.250000	-0.384597	-0.017470
2.694747	0.711138	0.340530	0.973142	0.250000	-0.384597	-0.017470
2.704655	0.711138	0.340530	0.973142	0.250000	-0.384597	-0.017470
2.713926	0.711138	0.340530	0.973142	0.250000	-0.384597	-0.017470
2.724761	0.711138	0.340530	0.973142	0.250000	-0.384597	-0.017470
2.733944	0.711138	0.340530	0.973142	0.250000	-0.384597	-0.017470
2.743879	0.711138	0.340530	0.973142	0.250000	-0.384597	-0.017470
2.753984	0.722955	0.354981	0.993081	0.250000	-0.455058	-0.022099
2.763932	0.722955	0.354981	0.993081	0.250000	-0.455058	-0.022099
2.773912	0.722955	0.354981	0.993081	0.250000	-0.455058	-0.022099
2.784700	0.722955	0.354981	0.993081	0.250000	-0.455058	-0.022099
2.793956	0.722955	0.354981	0.993081	0.250000	-0.455058	-0.022099
2.805707	0.722955	0.354981	0.993081	0.250000	-0.455058	-0.022099
2.814488	0.722955	0.354981	0.993081	0.250000	-0.455058	-0.022099
2.824060	0.734068	0.368771	0.994764	0.250000	-0.474596	-0.023837
2.834965	0.734068	0.368771	0.994764	0.250000	-0.474596	-0.023837
2.844694	0.734068	0.368771	0.994764	0.250000	-0.474596	-0.023837
2.854522	0.734068	0.368771	0.994764	0.250000	-0.474596	-0.023837
2.863861	0.734068	0.368771	0.994764	0.250000	-0.474596	-0.023837
2.874047	0.734068	0.368771	0.994764	0.250000	-0.474596	-0.023837
2.884237	0.734068	0.368771	0.994764	0.250000	-0.474596	-0.023837
2.893897	0.734068	0.368771	0.994764	0.250000	-0.474596	-0.023837
2.904657	0.734068	0.368771	0.994764	0.250000	-0.474596	-0.023837
2.914103	0.745383	0.382105	0.974412	0.250000	-0.434624	-0.022211
2.923926	0.745383	0.382105	0.974412	0.250000	-0.434624	-0.022211
2.934042	0.745383	0.382105	0.974412	0.250000	-0.434624	-0.022211
2.944284	0.745383	0.382105	0.974412	0.250000	-0.434624	-0.022211
2.954941	0.745383	0.382105	0.974412	0.250000	-0.434624	-0.022211
2.964067	0.745383	0.382105	0.974412	0.250000	-0.434624	-0.022211
2.974284	0.745383	0.382105	0.974412	0.250000	-0.434624	-0.022211
2.983978	0.745383	0.382105	0.974412	0.250000	-0.434624	-0.022211
2.993917	0.755564	0.396213	0.945909	0.250000	-0.394741	-0.021354
3.003953	0.755564	0.396213	0.945909	0.250000	-0.394741	-0.021354
3.014211	0.755564	0.396213	0.945909	0.250000	-0.394741	-0.021354
3.024006	0.755564	0.396213	0.945909	0.250000	-0.394741	-0.021354
3.034726	0.755564	0.396213	0.945909	0.250000	-0.394741	-0.021354
3.044531	0.755564	0.396213	0.945909	0.250000	-0.394741	-0.021354
3.054199	0.766740	0.407140	0.899899	0.250000	-0.268433	-0.014449
3.063954	0.766740	0.407140	0.899899	0.250000	-0.268433	-0.014449
3.074761	0.766740	0.407140	0.899899	0.250000	-0.268433	-0.014449
3.084531	0.766740	0.407140	0.899899	0.250000	-0.268433	-0.014449
3.094252	0.766740	0.407140	0.899899	0.250000	-0.268433	-0.014449
3.104602	0.766740	0.407140	0.899899	0.250000	-0.268433	-0.014449
3.114324	0.766740	0.407140	0.899899	0.250000	-0.268433	-0.014449
3.124959	0.766740	0.407140	0.899899	0.250000	-0.268433	-0.014449
3.134529	0.766740	0.407140	0.899899	0.250000	-0.268433	-0.014449
3.144296	0.781113	0.424285	0.861469	0.250000	-0.186351	-0.010891
3.154859	0.781113	0.424285	0.861469	0.250000	-0.186351	-0.010891
3.163978	0.781113	0.424285	0.861469	0.250000	-0.186351	-0.010891
3.174794	0.781113	0.424285	0.861469	0.250000	-0.186351	-0.010891
3.184520	0.781113	0.424285	0.861469	0.250000	-0.186351	-0.010891
3.194142	0.781113	0.424285	0.861469	0.250000	-0.186351	-0.010891
3.204030	0.781113	0.424285	0.861469	0.250000	-0.186351	-0.010891
3.213792	0.781113	0.424285	0.861469	0.250000	-0.186351	-0.010891
3.223912	0.794973	0.436261	0.797822	0.250000	0.002690	-0.000512
3.234038	0.794973	0.436261	0.797822	0.250000	0.002690	-0.000512
3.243932	0.794973	0.436261	0.797822	0.250000	0.002690	-0.000512
3.254040	0.794973	0.436261	0.797822	0.250000	0.002690	-0.000512
3.264280	0.794973	0.436261	0.797822	0.250000	0.002690	-0.000512
3.274042	0.794973	0.436261	0.797822	0.250000	0.002690	-0.000512
3.284099	0.794973	0.436261	0.797822	0.250000	0.002690	-0.000512
3.293836	0.794973	0.436261	0.797822	0.250000	0.002690	-0.000512
3.304332	0.794973	0.436261	0.797822	0.250000	0.002690	-0.000512
3.313860	0.794973	0.436261	0.797822	0.250000	0.002690	-0.000512
3.328993	0.808187	0.447861	0.736566	0.250000	0.183724	0.009402
3.334037	0.808187	0.447861	0.736566	0.250000	0.183724	0.009402
3.343916	0.808187	0.447861	0.736566	0.250000	0.183724	0.009402
3.356107	0.808187	0.447861	0.736566	0.250000	0.183724	0.009402
3.364077	0.808187	0.447861	0.736566	0.250000	0.183724	0.009402
3.374104	0.808187	0.447861	0.736566	0.250000	0.183724	0.009402
3.383849	0.808187	0.447861	0.736566	0.250000	0.183724	0.009402
3.394488	0.808187	0.447861	0.736566	0.250000	0.183724	0.009402
3.404021	0.808187	0.447861	0.736566	0.250000	0.183724	0.009402
3.413923	0.808187	0.447861	0.736566	0.250000	0.183724	0.009402
3.424783	0.808187	0.447861	0.736566	0.250000	0.183724	0.009402
3.433921	0.808187	0.447861	0.736566	0.250000	0.183724	0.009402
3.444361	0.808187	0.447861	0.736566	0.250000	0.183724	0.009402
3.453913	0.825646	0.458518	0.668310	0.250000	0.415741	0.023501
3.463883	0.825646	0.458518	0.668310	0.250000	0.415741	0.023501
3.474617	0.825646	0.458518	0.668310	0.250000	0.415741	0.023501
3.484407	0.825646	0.458518	0.668310	0.250000	0.415741	0.023501
3.494313	0.825646	0.458518	0.668310	0.250000	0.415741	0.023501
3.504025	0.825646	0.458518	0.668310	0.250000	0.415741	0.023501
3.513887	0.825646	0.458518	0.668310	0.250000	0.415741	0.023501
3.523936	0.825646	0.458518	0.668310	0.250000	0.415741	0.023501
3.534106	0.825646	0.458518	0.668310	0.250000	0.415741	0.023501
3.543967	0.825646	0.458518	0.668310	0.250000	0.415741	0.023501
3.554683	0.825646	0.458518	0.668310	0.250000	0.415741	0.023501
3.564726	0.825646	0.458518	0.668310	0.250000	0.415741	0.023501
3.574123	0.825646	0.458518	0.668310	0.250000	0.415741	0.023501
3.583910	0.825646	0.458518	0.668310	0.250000	0.415741	0.023501
3.593939	0.825646	0.458518	0.668310	0.250000	0.415741	0.023501
3.604455	0.846184	0.470837	0.592360	0.250000	0.663406	0.039735
3.614364	0.846184	0.470837	0.592360	0.250000	0.663406	0.039735
3.624014	0.846184	0.470837	0.592360	0.250000	0.663406	0.039735
3.633869	0.846184	0.470837	0.592360	0.250000	0.663406	0.039735
3.644494	0.846184	0.470837	0.592360	0.250000	0.663406	0.039735
3.653991	0.846184	0.470837	0.592360	0.250000	0.663406	0.039735
3.665284	0.846184	0.470837	0.592360	0.250000	0.663406	0.039735
3.674765	0.846184	0.470837	0.592360	0.250000	0.663406	0.039735
3.684556	0.866540	0.484050	0.588989	0.250000	0.724294	0.045620
3.694319	0.866540	0.484050	0.588989	0.250000	0.724294	0.045620
3.704896	0.866540	0.484050	0.588989	0.250000	0.724294	0.045620
3.714758	0.866540	0.484050	0.588989	0.250000	0.724294	0.045620
3.723929	0.866540	0.484050	0.588989	0.250000	0.724294	0.045620
3.733969	0.866540	0.484050	0.588989	0.250000	0.724294	0.045620
3.744276	0.866540	0.484050	0.588989	0.250000	0.724294	0.045620
3.754649	0.883189	0.496844	0.611088	0.250000	0.705716	0.045863
3.764655	0.883189	0.496844	0.611088	0.250000	0.705716	0.045863
3.774778	0.883189	0.496844	0.611088	0.250000	0.705716	0.045863
3.784151	0.883189	0.496844	0.611088	0.250000	0.705716	0.045863
3.794793	0.883189	0.496844	0.611088	0.250000	0.705716	0.045863
3.804536	0.883189	0.496844	0.611088	0.250000	0.705716	0.045863
3.814205	0.883189	0.496844	0.611088	0.250000	0.705716	0.045863
3.824000	0.883189	0.496844	0.611088	0.250000	0.705716	0.045863
3.833905	0.883189	0.496844	0.611088	0.250000	0.705716	0.045863
3.844733	0.899887	0.513621	0.701064	0.250000	0.514440	0.035254
3.854348	0.899887	0.513621	0.701064	0.250000	0.514440	0.035254
3.865477	0.899887	0.513621	0.701064	0.250000	0.514440	0.035254
3.874018	0.899887	0.513621	0.701064	0.250000	0.514440	0.035254
3.883871	0.899887	0.513621	0.701064	0.250000	0.514440	0.035254
3.894301	0.899887	0.513621	0.701064	0.250000	0.514440	0.035254
3.904085	0.899887	0.513621	0.701064	0.250000	0.514440	0.035254
3.914873	0.899887	0.513621	0.701064	0.250000	0.514440	0.035254
3.924549	0.899887	0.513621	0.701064	0.250000	0.514440	0.035254
3.934373	0.899887	0.513621	0.701064	0.250000	0.514440	0.035254
3.944077	0.899887	0.513621	0.701064	0.250000	0.514440	0.035254
3.954003	0.899887	0.513621	0.701064	0.250000	0.514440	0.035254
3.963914	0.919149	0.533929	0.781137	0.250000	0.323924	0.024696
3.973917	0.919149	0.533929	0.781137	0.250000	0.323924	0.024696
3.983962	0.919149	0.533929	0.781137	0.250000	0.323924	0.024696
3.994143	0.919149	0.533929	0.781137	0.250000	0.323924	0.024696
4.003953	0.919149	0.533929	0.781137	0.250000	0.323924	0.024696
4.014691	0.919149	0.533929	0.781137	0.250000	0.323924	0.024696
4.024770	0.919149	0.533929	0.781137	0.250000	0.323924	0.024696
4.034501	0.919149	0.533929	0.781137	0.250000	0.323924	0.024696
4.044263	0.919149	0.533929	0.781137	0.250000	0.323924	0.024696
4.054475	0.919149	0.533929	0.781137	0.250000	0.323924	0.024696
4.063993	0.933327	0.549766	0.864695	0.250000	0.105211	0.012759
4.074549	0.933327	0.549766	0.864695	0.250000	0.105211	0.012759
4.084068	0.933327	0.549766	0.864695	0.250000	0.105211	0.012759
4.093936	0.933327	0.549766	0.864695	0.250000	0.105211	0.012759
4.103932	0.933327	0.549766	0.864695	0.250000	0.105211	0.012759
4.113875	0.933327	0.549766	0.864695	0.250000	0.105211	0.012759
4.123976	0.933327	0.549766	0.864695	0.250000	0.105211	0.012759
4.133984	0.942254	0.559924	0.932149	0.250000	-0.076244	0.003109
4.144238	0.942254	0.559924	0.932149	0.250000	-0.076244	0.003109
4.154251	0.942254	0.559924	0.932149	0.250000	-0.076244	0.003109
4.164556	0.942254	0.559924	0.932149	0.250000	-0.076244	0.003109
4.174277	0.942254	0.559924	0.932149	0.250000	-0.076244	0.003109
4.183983	0.942254	0.559924	0.932149	0.250000	-0.076244	0.003109
4.194198	0.942254	0.559924	0.932149	0.250000	-0.076244	0.003109
4.204052	0.942254	0.559924	0.932149	0.250000	-0.076244	0.003109
4.213882	0.950093	0.571544	0.980349	0.250000	-0.227990	-0.005581
4.241650	0.950093	0.571544	0.980349	0.250000	-0.227990	-0.005581
4.242380	0.950093	0.571544	0.980349	0.250000	-0.227990	-0.005581
4.245091	0.950093	0.571544	0.980349	0.250000	-0.227990	-0.005581
4.254008	0.950093	0.571544	0.980349	0.250000	-0.227990	-0.005581
4.263956	0.950093	0.571544	0.980349	0.250000	-0.227990	-0.005581
4.274155	0.950093	0.571544	0.980349	0.250000	-0.227990	-0.005581
4.283866	0.950093	0.571544	0.980349	0.250000	-0.227990	-0.005581
4.294308	0.950093	0.571544	0.980349	0.250000	-0.227990	-0.005581
4.304704	0.950093	0.571544	0.980349	0.250000	-0.227990	-0.005581
4.313834	0.950093	0.571544	0.980349	0.250000	-0.227990	-0.005581
4.323925	0.950093	0.571544	0.980349	0.250000	-0.227990	-0.005581
4.333951	0.950093	0.571544	0.980349	0.250000	-0.227990	-0.005581
4.344340	0.950093	0.571544	0.980349	0.250000	-0.227990	-0.005581
4.353903	0.950093	0.571544	0.980349	0.250000	-0.227990	-0.005581
4.363965	0.965593	0.595649	1.025338	0.250000	-0.398481	-0.016330
4.374744	0.965593	0.595649	1.025338	0.250000	-0.398481	-0.016330
4.383886	0.965593	0.595649	1.025338	0.250000	-0.398481	-0.016330
4.394492	0.965593	0.595649	1.025338	0.250000	-0.398481	-0.016330
4.403951	0.965593	0.595649	1.025338	0.250000	-0.398481	-0.016330
4.413901	0.965593	0.595649	1.025338	0.250000	-0.398481	-0.016330
4.424870	0.965593	0.595649	1.025338	0.250000	-0.398481	-0.016330
4.433959	0.965593	0.595649	1.025338	0.250000	-0.398481	-0.016330
4.444727	0.981557	0.621128	1.048843	0.250000	-0.518903	-0.025008
4.454490	0.981557	0.621128	1.048843	0.250000	-0.518903	-0.025008
4.466585	0.981557	0.621128	1.048843	0.250000	-0.518903	-0.025008
4.474464	0.981557	0.621128	1.048843	0.250000	-0.518903	-0.025008
4.483844	0.981557	0.621128	1.048843	0.250000	-0.518903	-0.025008
4.493895	0.981557	0.621128	1.048843	0.250000	-0.518903	-0.025008
4.504571	0.981557	0.621128	1.048843	0.250000	-0.518903	-0.025008
4.514095	0.997083	0.643879	1.047933	0.250000	-0.557265	-0.028700
4.524174	0.997083	0.643879	1.047933	0.250000	-0.557265	-0.028700
4.534909	0.997083	0.643879	1.047933	0.250000	-0.557265	-0.028700
4.543969	0.997083	0.643879	1.047933	0.250000	-0.557265	-0.028700
4.554428	0.997083	0.643879	1.047933	0.250000	-0.557265	-0.028700
4.563854	0.997083	0.643879	1.047933	0.250000	-0.557265	-0.028700
4.574181	0.997083	0.643879	1.047933	0.250000	-0.557265	-0.028700
4.583951	0.997083	0.643879	1.047933	0.250000	-0.557265	-0.028700
4.594542	0.997083	0.643879	1.047933	0.250000	-0.557265	-0.028700
4.604429	0.997083	0.643879	1.047933	0.250000	-0.557265	-0.028700
4.614669	0.997083	0.643879	1.047933	0.250000	-0.557265	-0.028700
4.624142	0.997083	0.643879	1.047933	0.250000	-0.557265	-0.028700
4.634552	0.997083	0.643879	1.047933	0.250000	-0.557265	-0.028700
4.644142	0.997083	0.643879	1.047933	0.250000	-0.557265	-0.028700
4.654089	1.011155	0.662223	1.026399	0.250000	-0.527899	-0.028032
4.664063	1.011155	0.662223	1.026399	0.250000	-0.527899	-0.028032
4.675444	1.011155	0.662223	1.026399	0.250000	-0.527899	-0.028032
4.684128	1.011155	0.662223	1.026399	0.250000	-0.527899	-0.028032
4.693947	1.011155	0.662223	1.026399	0.250000	-0.527899	-0.028032
4.704830	1.011155	0.662223	1.026399	0.250000	-0.527899	-0.028032
4.714375	1.011155	0.662223	1.026399	0.250000	-0.527899	-0.028032
4.724708	1.011155	0.662223	1.026399	0.250000	-0.527899	-0.028032
4.734469	1.011155	0.662223	1.026399	0.250000	-0.527899	-0.028032
4.744018	1.011155	0.662223	1.026399	0.250000	-0.527899	-0.028032
4.754481	1.028536	0.684536	0.986762	0.250000	-0.460034	-0.025501
4.763896	1.028536	0.684536	0.986762	0.250000	-0.460034	-0.025501
4.773960	1.028536	0.684536	0.986762	0.250000	-0.460034	-0.025501
4.784815	1.028536	0.684536	0.986762	0.250000	-0.460034	-0.025501
4.794536	1.028536	0.684536	0.986762	0.250000	-0.460034	-0.025501
4.804293	1.028536	0.684536	0.986762	0.250000	-0.460034	-0.025501
4.814729	1.042167	0.700681	0.931220	0.250000	-0.334897	-0.019318
4.826408	1.042167	0.700681	0.931220	0.250000	-0.334897	-0.019318
4.834594	1.042167	0.700681	0.931220	0.250000	-0.334897	-0.019318
4.846308	1.042167	0.700681	0.931220	0.250000	-0.334897	-0.019318
4.854107	1.042167	0.700681	0.931220	0.250000	-0.334897	-0.019318
4.864649	1.042167	0.700681	0.931220	0.250000	-0.334897	-0.019318
4.874868	1.042167	0.700681	0.931220	0.250000	-0.334897	-0.019318
4.884852	1.042167	0.700681	0.931220	0.250000	-0.334897	-0.019318
4.894392	1.042167	0.700681	0.931220	0.250000	-0.334897	-0.019318
4.903916	1.042167	0.700681	0.931220	0.250000	-0.334897	-0.019318
4.914853	1.042167	0.700681	0.931220	0.250000	-0.334897	-0.019318
4.923891	1.042167	0.700681	0.931220	0.250000	-0.334897	-0.019318
4.937531	1.042167	0.700681	0.931220	0.250000	-0.334897	-0.019318
4.944162	1.042167	0.700681	0.931220	0.250000	-0.334897	-0.019318
4.954041	1.064021	0.725214	0.855644	0.250000	-0.146937	-0.009697
4.963898	1.064021	0.725214	0.855644	0.250000	-0.146937	-0.009697
4.973882	1.064021	0.725214	0.855644	0.250000	-0.146937	-0.009697
4.983962	1.064021	0.725214	0.855644	0.250000	-0.146937	-0.009697
4.994256	1.064021	0.725214	0.855644	0.250000	-0.146937	-0.009697
5.003928	1.064021	0.725214	0.855644	0.250000	-0.146937	-0.009697
5.013891	1.064021	0.725214	0.855644	0.250000	-0.146937	-0.009697
5.023938	1.064021	0.725214	0.855644	0.250000	-0.146937	-0.009697
5.033987	1.083385	0.739765	0.789373	0.250000	0.079288	0.003663
5.043930	1.083385	0.739765	0.789373	0.250000	0.079288	0.003663
5.053943	1.083385	0.739765	0.789373	0.250000	0.079288	0.003663
5.064291	1.083385	0.739765	0.789373	0.250000	0.079288	0.003663
5.074051	1.083385	0.739765	0.789373	0.250000	0.079288	0.003663
5.084955	1.083385	0.739765	0.789373	0.250000	0.079288	0.003663
5.093986	1.107079	0.758476	0.719668	0.250000	0.315583	0.017798
5.104128	1.107079	0.758476	0.719668	0.250000	0.315583	0.017798
5.114070	1.107079	0.758476	0.719668	0.250000	0.315583	0.017798
5.124020	1.107079	0.758476	0.719668	0.250000	0.315583	0.017798
5.133932	1.107079	0.758476	0.719668	0.250000	0.315583	0.017798
5.144022	1.107079	0.758476	0.719668	0.250000	0.315583	0.017798
5.154046	1.107079	0.758476	0.719668	0.250000	0.315583	0.017798
5.163933	1.107079	0.758476	0.719668	0.250000	0.315583	0.017798
5.173897	1.107079	0.758476	0.719668	0.250000	0.315583	0.017798
5.184056	1.116067	0.755522	0.670528	0.250000	0.529390	0.032810
5.194359	1.116067	0.755522	0.670528	0.250000	0.529390	0.032810
5.204428	1.116067	0.755522	0.670528	0.250000	0.529390	0.032810
5.215097	1.116067	0.755522	0.670528	0.250000	0.529390	0.032810
5.224623	1.116067	0.755522	0.670528	0.250000	0.529390	0.032810
5.234374	1.116067	0.755522	0.670528	0.250000	0.529390	0.032810
5.243942	1.116067	0.755522	0.670528	0.250000	0.529390	0.032810
5.255625	1.116067	0.755522	0.670528	0.250000	0.529390	0.032810
5.264395	1.116067	0.755522	0.670528	0.250000	0.529390	0.032810
5.273988	1.116067	0.755522	0.670528	0.250000	0.529390	0.032810
5.283898	1.116067	0.755522	0.670528	0.250000	0.529390	0.032810
5.294140	1.133219	0.765524	0.619014	0.250000	0.698783	0.044769
5.303991	1.133219	0.765524	0.619014	0.250000	0.698783	0.044769
5.314183	1.133219	0.765524	0.619014	0.250000	0.698783	0.044769
5.324020	1.133219	0.765524	0.619014	0.250000	0.698783	0.044769
5.334766	1.133219	0.765524	0.619014	0.250000	0.698783	0.044769
5.344525	1.133219	0.765524	0.619014	0.250000	0.698783	0.044769
5.353866	1.133219	0.765524	0.619014	0.250000	0.698783	0.044769
5.364405	1.133219	0.765524	0.619014	0.250000	0.698783	0.044769
5.374599	1.150291	0.777166	0.604886	0.250000	0.769525	0.051057
5.384580	1.150291	0.777166	0.604886	0.250000	0.769525	0.051057
5.395440	1.150291	0.777166	0.604886	0.250000	0.769525	0.051057
5.404336	1.150291	0.777166	0.604886	0.250000	0.769525	0.051057
5.414217	1.150291	0.777166	0.604886	0.250000	0.769525	0.051057
5.424791	1.150291	0.777166	0.604886	0.250000	0.769525	0.051057
5.434007	1.150291	0.777166	0.604886	0.250000	0.769525	0.051057
5.443937	1.150291	0.777166	0.604886	0.250000	0.769525	0.051057
5.454000	1.172459	0.797116	0.609992	0.250000	0.782551	0.053192
5.463919	1.172459	0.797116	0.609992	0.250000	0.782551	0.053192
5.473950	1.172459	0.797116	0.609992	0.250000	0.782551	0.053192
5.483937	1.172459	0.797116	0.609992	0.250000	0.782551	0.053192
5.494093	1.172459	0.797116	0.609992	0.250000	0.782551	0.053192
5.503972	1.184723	0.806124	0.661626	0.250000	0.701468	0.049825
5.514947	1.184723	0.806124	0.661626	0.250000	0.701468	0.049825
5.524290	1.184723	0.806124	0.661626	0.250000	0.701468	0.049825
5.534592	1.184723	0.806124	0.661626	0.250000	0.701468	0.049825
5.543991	1.184723	0.806124	0.661626	0.250000	0.701468	0.049825
5.555662	1.184723	0.806124	0.661626	0.250000	0.701468	0.049825
5.565784	1.184723	0.806124	0.661626	0.250000	0.701468	0.049825
5.574091	1.184723	0.806124	0.661626	0.250000	0.701468	0.049825
5.583893	1.184723	0.806124	0.661626	0.250000	0.701468	0.049825
5.593963	1.199506	0.819212	0.721370	0.250000	0.588778	0.044049
5.604151	1.199506	0.819212	0.721370	0.250000	0.588778	0.044049
5.613962	1.199506	0.819212	0.721370	0.250000	0.588778	0.044049
5.625122	1.199506	0.819212	0.721370	0.250000	0.588778	0.044049
5.634957	1.199506	0.819212	0.721370	0.250000	0.588778	0.044049
5.643987	1.199506	0.819212	0.721370	0.250000	0.588778	0.044049
5.654025	1.199506	0.819212	0.721370	0.250000	0.588778	0.044049
5.663922	1.199506	0.819212	0.721370	0.250000	0.588778	0.044049
5.674455	1.199506	0.819212	0.721370	0.250000	0.588778	0.044049
5.684507	1.199506	0.819212	0.721370	0.250000	0.588778	0.044049
5.695280	1.199506	0.819212	0.721370	0.250000	0.588778	0.044049
5.704230	1.199506	0.819212	0.721370	0.250000	0.588778	0.044049
5.714875	1.199506	0.819212	0.721370	0.250000	0.588778	0.044049
5.723918	1.210727	0.827835	0.793668	0.250000	0.442496	0.036451
