t	x(t)	y(t)	theta(t)	v(t)	gamma(t)	efa
0.000370	0.728578	0.209217	1.733321	0.250000	-0.954665	-0.041193
0.001734	0.728578	0.209217	1.733321	0.250000	-0.954665	-0.041193
0.010875	0.728578	0.209217	1.733321	0.250000	-0.954665	-0.041193
0.020986	0.728578	0.209217	1.733321	0.250000	-0.954665	-0.041193
0.030836	0.728578	0.209217	1.733321	0.250000	-0.954665	-0.041193
0.040967	0.728578	0.209217	1.733321	0.250000	-0.954665	-0.041193
0.050885	0.728578	0.209217	1.733321	0.250000	-0.954665	-0.041193
0.060968	0.728578	0.209217	1.733321	0.250000	-0.954665	-0.041193
0.072351	0.728578	0.209217	1.733321	0.250000	-0.954665	-0.041193
0.081101	0.728578	0.209217	1.733321	0.250000	-0.954665	-0.041193
0.090864	0.728578	0.209217	1.733321	0.250000	-0.954665	-0.041193
0.101584	0.728578	0.209217	1.733321	0.250000	-0.954665	-0.041193
0.110760	0.728578	0.209217	1.733321	0.250000	-0.954665	-0.041193
0.121111	0.728578	0.209217	1.733321	0.250000	-0.954665	-0.041193
0.130826	0.728578	0.209217	1.733321	0.250000	-0.954665	-0.041193
0.140964	0.728578	0.209217	1.733321	0.250000	-0.954665	-0.041193
0.150923	0.728578	0.209217	1.733321	0.250000	-0.954665	-0.041193
0.161159	0.728578	0.209217	1.733321	0.250000	-0.954665	-0.041193
0.170831	0.728578	0.209217	1.733321	0.250000	-0.954665	-0.041193
0.180883	0.728578	0.209217	1.733321	0.250000	-0.954665	-0.041193
0.191361	0.728578	0.209217	1.733321	0.250000	-0.954665	-0.041193
0.201131	0.728578	0.209217	1.733321	0.250000	-0.954665	-0.041193
0.210900	0.728578	0.209217	1.733321	0.250000	-0.954665	-0.041193
0.221608	0.728578	0.209217	1.733321	0.250000	-0.954665	-0.041193
0.231300	0.729443	0.212467	1.710519	0.250000	-0.931380	-0.038970
0.241174	0.729443	0.212467	1.710519	0.250000	-0.931380	-0.038970
0.250972	0.729443	0.212467	1.710519	0.250000	-0.931380	-0.038970
0.260846	0.729443	0.212467	1.710519	0.250000	-0.931380	-0.038970
0.270886	0.729443	0.212467	1.710519	0.250000	-0.931380	-0.038970
0.281121	0.729443	0.212467	1.710519	0.250000	-0.931380	-0.038970
0.290855	0.729443	0.212467	1.710519	0.250000	-0.931380	-0.038970
0.300806	0.729615	0.221059	1.685381	0.250000	-0.978942	-0.040078
0.310871	0.729615	0.221059	1.685381	0.250000	-0.978942	-0.040078
0.321245	0.729615	0.221059	1.685381	0.250000	-0.978942	-0.040078
0.330820	0.729615	0.221059	1.685381	0.250000	-0.978942	-0.040078
0.341701	0.728005	0.233506	1.641050	0.250000	-1.001456	-0.040909
0.351424	0.728005	0.233506	1.641050	0.250000	-1.001456	-0.040909
0.361226	0.728005	0.233506	1.641050	0.250000	-1.001456	-0.040909
0.370940	0.728005	0.233506	1.641050	0.250000	-1.001456	-0.040909
0.381705	0.728005	0.233506	1.641050	0.250000	-1.001456	-0.040909
0.391475	0.728005	0.233506	1.641050	0.250000	-1.001456	-0.040909
0.401229	0.728005	0.233506	1.641050	0.250000	-1.001456	-0.040909
0.410831	0.728005	0.233506	1.641050	0.250000	-1.001456	-0.040909
0.421712	0.728005	0.233506	1.641050	0.250000	-1.001456	-0.040909
0.430851	0.728005	0.233506	1.641050	0.250000	-1.001456	-0.040909
0.441239	0.728005	0.233506	1.641050	0.250000	-1.001456	-0.040909
0.450948	0.728005	0.233506	1.641050	0.250000	-1.001456	-0.040909
0.461802	0.728005	0.233506	1.641050	0.250000	-1.001456	-0.040909
0.471563	0.728005	0.233506	1.641050	0.250000	-1.001456	-0.040909
0.481238	0.727509	0.250959	1.597871	0.250000	-1.053577	-0.043267
0.490851	0.727509	0.250959	1.597871	0.250000	-1.053577	-0.043267
0.501473	0.727509	0.250959	1.597871	0.250000	-1.053577	-0.043267
0.511544	0.727509	0.250959	1.597871	0.250000	-1.053577	-0.043267
0.521430	0.727509	0.250959	1.597871	0.250000	-1.053577	-0.043267
0.531054	0.727509	0.250959	1.597871	0.250000	-1.053577	-0.043267
0.541076	0.727509	0.250959	1.597871	0.250000	-1.053577	-0.043267
0.550924	0.727509	0.250959	1.597871	0.250000	-1.053577	-0.043267
0.561007	0.729054	0.267781	1.544621	0.250000	-1.070529	-0.043750
0.570881	0.729054	0.267781	1.544621	0.250000	-1.070529	-0.043750
0.580990	0.729054	0.267781	1.544621	0.250000	-1.070529	-0.043750
0.590807	0.729054	0.267781	1.544621	0.250000	-1.070529	-0.043750
0.601300	0.729054	0.267781	1.544621	0.250000	-1.070529	-0.043750
0.610963	0.729054	0.267781	1.544621	0.250000	-1.070529	-0.043750
0.621092	0.729054	0.267781	1.544621	0.250000	-1.070529	-0.043750
0.631584	0.733009	0.287849	1.490142	0.250000	-1.101211	-0.045212
0.641334	0.733009	0.287849	1.490142	0.250000	-1.101211	-0.045212
0.651093	0.733009	0.287849	1.490142	0.250000	-1.101211	-0.045212
0.661012	0.733009	0.287849	1.490142	0.250000	-1.101211	-0.045212
0.672105	0.733009	0.287849	1.490142	0.250000	-1.101211	-0.045212
0.681260	0.733009	0.287849	1.490142	0.250000	-1.101211	-0.045212
0.690917	0.733009	0.287849	1.490142	0.250000	-1.101211	-0.045212
0.700858	0.733009	0.287849	1.490142	0.250000	-1.101211	-0.045212
0.711109	0.733009	0.287849	1.490142	0.250000	-1.101211	-0.045212
0.721403	0.736506	0.301471	1.453871	0.250000	-1.136114	-0.047665
0.731220	0.736506	0.301471	1.453871	0.250000	-1.136114	-0.047665
0.740898	0.736506	0.301471	1.453871	0.250000	-1.136114	-0.047665
0.751618	0.736506	0.301471	1.453871	0.250000	-1.136114	-0.047665
0.760845	0.736506	0.301471	1.453871	0.250000	-1.136114	-0.047665
0.770858	0.736506	0.301471	1.453871	0.250000	-1.136114	-0.047665
0.780889	0.736506	0.301471	1.453871	0.250000	-1.136114	-0.047665
0.790813	0.736506	0.301471	1.453871	0.250000	-1.136114	-0.047665
0.802344	0.738617	0.318177	1.402740	0.250000	-1.157484	-0.051172
0.810966	0.738617	0.318177	1.402740	0.250000	-1.157484	-0.051172
0.820920	0.738617	0.318177	1.402740	0.250000	-1.157484	-0.051172
0.831620	0.738617	0.318177	1.402740	0.250000	-1.157484	-0.051172
0.841390	0.738617	0.318177	1.402740	0.250000	-1.157484	-0.051172
0.851132	0.738617	0.318177	1.402740	0.250000	-1.157484	-0.051172
0.861037	0.741523	0.332561	1.359500	0.250000	-1.156456	-0.053007
0.871697	0.741523	0.332561	1.359500	0.250000	-1.156456	-0.053007
0.881454	0.741523	0.332561	1.359500	0.250000	-1.156456	-0.053007
0.891168	0.741523	0.332561	1.359500	0.250000	-1.156456	-0.053007
0.900897	0.741523	0.332561	1.359500	0.250000	-1.156456	-0.053007
0.911619	0.741523	0.332561	1.359500	0.250000	-1.156456	-0.053007
0.921363	0.741523	0.332561	1.359500	0.250000	-1.156456	-0.053007
0.931111	0.741523	0.332561	1.359500	0.250000	-1.156456	-0.053007
0.940999	0.741523	0.332561	1.359500	0.250000	-1.156456	-0.053007
0.950876	0.741523	0.332561	1.359500	0.250000	-1.156456	-0.053007
0.961440	0.741523	0.332561	1.359500	0.250000	-1.156456	-0.053007
0.971205	0.741523	0.332561	1.359500	0.250000	-1.156456	-0.053007
0.980961	0.741523	0.332561	1.359500	0.250000	-1.156456	-0.053007
0.990836	0.741523	0.332561	1.359500	0.250000	-1.156456	-0.053007
1.001000	0.741523	0.332561	1.359500	0.250000	-1.156456	-0.053007
1.011210	0.741523	0.332561	1.359500	0.250000	-1.156456	-0.053007
1.020932	0.741523	0.332561	1.359500	0.250000	-1.156456	-0.053007
1.030796	0.741523	0.332561	1.359500	0.250000	-1.156456	-0.053007
1.041696	0.741523	0.332561	1.359500	0.250000	-1.156456	-0.053007
1.051215	0.741523	0.332561	1.359500	0.250000	-1.156456	-0.053007
1.060983	0.741523	0.332561	1.359500	0.250000	-1.156456	-0.053007
1.070930	0.741523	0.332561	1.359500	0.250000	-1.156456	-0.053007
1.080820	0.741523	0.332561	1.359500	0.250000	-1.156456	-0.053007
1.090808	0.741523	0.332561	1.359500	0.250000	-1.156456	-0.053007
1.100975	0.743308	0.347226	1.309090	0.250000	-1.176772	-0.057996
1.110830	0.743308	0.347226	1.309090	0.250000	-1.176772	-0.057996
1.121521	0.743308	0.347226	1.309090	0.250000	-1.176772	-0.057996
1.131287	0.743308	0.347226	1.309090	0.250000	-1.176772	-0.057996
1.141011	0.743308	0.347226	1.309090	0.250000	-1.176772	-0.057996
1.150807	0.743308	0.347226	1.309090	0.250000	-1.176772	-0.057996
1.161542	0.743308	0.347226	1.309090	0.250000	-1.176772	-0.057996
1.170938	0.750025	0.364077	1.276500	0.250000	-1.192175	-0.061169
1.181083	0.750025	0.364077	1.276500	0.250000	-1.192175	-0.061169
1.190809	0.750025	0.364077	1.276500	0.250000	-1.192175	-0.061169
1.202828	0.750025	0.364077	1.276500	0.250000	-1.192175	-0.061169
1.211293	0.750025	0.364077	1.276500	0.250000	-1.192175	-0.061169
1.221037	0.750025	0.364077	1.276500	0.250000	-1.192175	-0.061169
1.231230	0.759032	0.386149	1.210268	0.250000	-1.196821	-0.067221
1.240874	0.759032	0.386149	1.210268	0.250000	-1.196821	-0.067221
1.251540	0.759032	0.386149	1.210268	0.250000	-1.196821	-0.067221
1.261115	0.759032	0.386149	1.210268	0.250000	-1.196821	-0.067221
1.270791	0.759032	0.386149	1.210268	0.250000	-1.196821	-0.067221
1.281949	0.768759	0.409577	1.136774	0.250000	-1.157629	-0.070961
1.291333	0.768759	0.409577	1.136774	0.250000	-1.157629	-0.070961
1.301058	0.768759	0.409577	1.136774	0.250000	-1.157629	-0.070961
1.310855	0.768759	0.409577	1.136774	0.250000	-1.157629	-0.070961
1.321599	0.768759	0.409577	1.136774	0.250000	-1.157629	-0.070961
1.331346	0.768759	0.409577	1.136774	0.250000	-1.157629	-0.070961
1.341200	0.775261	0.424162	1.072055	0.250000	-1.104011	-0.073019
1.350847	0.775261	0.424162	1.072055	0.250000	-1.104011	-0.073019
1.360808	0.775261	0.424162	1.072055	0.250000	-1.104011	-0.073019
1.370842	0.775261	0.424162	1.072055	0.250000	-1.104011	-0.073019
1.381114	0.775261	0.424162	1.072055	0.250000	-1.104011	-0.073019
1.390832	0.775261	0.424162	1.072055	0.250000	-1.104011	-0.073019
1.400900	0.780179	0.432592	1.044729	0.250000	-1.071523	-0.072789
1.411140	0.780179	0.432592	1.044729	0.250000	-1.071523	-0.072789
1.420954	0.780179	0.432592	1.044729	0.250000	-1.071523	-0.072789
1.431186	0.780179	0.432592	1.044729	0.250000	-1.071523	-0.072789
1.441028	0.780179	0.432592	1.044729	0.250000	-1.071523	-0.072789
1.450844	0.780179	0.432592	1.044729	0.250000	-1.071523	-0.072789
1.461195	0.780179	0.432592	1.044729	0.250000	-1.071523	-0.072789
1.470929	0.780179	0.432592	1.044729	0.250000	-1.071523	-0.072789
1.480962	0.780179	0.432592	1.044729	0.250000	-1.071523	-0.072789
1.491437	0.780179	0.432592	1.044729	0.250000	-1.071523	-0.072789
1.501526	0.780179	0.432592	1.044729	0.250000	-1.071523	-0.072789
1.510943	0.780179	0.432592	1.044729	0.250000	-1.071523	-0.072789
1.521709	0.780179	0.432592	1.044729	0.250000	-1.071523	-0.072789
1.531459	0.780179	0.432592	1.044729	0.250000	-1.071523	-0.072789
1.541287	0.780179	0.432592	1.044729	0.250000	-1.071523	-0.072789
1.550955	0.780179	0.432592	1.044729	0.250000	-1.071523	-0.072789
1.561006	0.780179	0.432592	1.044729	0.250000	-1.071523	-0.072789
1.571084	0.791869	0.445724	1.008528	0.250000	-1.019439	-0.073236
1.581220	0.791869	0.445724	1.008528	0.250000	-1.019439	-0.073236
1.590993	0.791869	0.445724	1.008528	0.250000	-1.019439	-0.073236
1.600952	0.805753	0.461365	0.963967	0.250000	-0.929539	-0.071186
1.611111	0.805753	0.461365	0.963967	0.250000	-0.929539	-0.071186
1.621011	0.805753	0.461365	0.963967	0.250000	-0.929539	-0.071186
1.631047	0.805753	0.461365	0.963967	0.250000	-0.929539	-0.071186
1.641052	0.805753	0.461365	0.963967	0.250000	-0.929539	-0.071186
1.651517	0.805753	0.461365	0.963967	0.250000	-0.929539	-0.071186
1.661327	0.805753	0.461365	0.963967	0.250000	-0.929539	-0.071186
1.671031	0.805753	0.461365	0.963967	0.250000	-0.929539	-0.071186
1.681776	0.805753	0.461365	0.963967	0.250000	-0.929539	-0.071186
1.691367	0.817797	0.476401	0.912631	0.250000	-0.812299	-0.068087
1.700887	0.817797	0.476401	0.912631	0.250000	-0.812299	-0.068087
1.711028	0.817797	0.476401	0.912631	0.250000	-0.812299	-0.068087
1.720885	0.817797	0.476401	0.912631	0.250000	-0.812299	-0.068087
1.730991	0.824089	0.485231	0.883232	0.250000	-0.740922	-0.065991
1.741430	0.824089	0.485231	0.883232	0.250000	-0.740922	-0.065991
1.751141	0.824089	0.485231	0.883232	0.250000	-0.740922	-0.065991
1.761368	0.824089	0.485231	0.883232	0.250000	-0.740922	-0.065991
1.771532	0.824089	0.485231	0.883232	0.250000	-0.740922	-0.065991
1.781383	0.824089	0.485231	0.883232	0.250000	-0.740922	-0.065991
1.792054	0.824089	0.485231	0.883232	0.250000	-0.740922	-0.065991
1.800755	0.832895	0.493913	0.855974	0.250000	-0.644814	-0.061789
1.811518	0.832895	0.493913	0.855974	0.250000	-0.644814	-0.061789
1.821251	0.832895	0.493913	0.855974	0.250000	-0.644814	-0.061789
1.830862	0.832895	0.493913	0.855974	0.250000	-0.644814	-0.061789
1.840881	0.832895	0.493913	0.855974	0.250000	-0.644814	-0.061789
1.851549	0.832895	0.493913	0.855974	0.250000	-0.644814	-0.061789
1.861383	0.832895	0.493913	0.855974	0.250000	-0.644814	-0.061789
1.871117	0.832895	0.493913	0.855974	0.250000	-0.644814	-0.061789
1.880972	0.832895	0.493913	0.855974	0.250000	-0.644814	-0.061789
1.891585	0.832895	0.493913	0.855974	0.250000	-0.644814	-0.061789
1.901304	0.846479	0.504447	0.826174	0.250000	-0.515087	-0.054134
1.910864	0.846479	0.504447	0.826174	0.250000	-0.515087	-0.054134
1.920852	0.846479	0.504447	0.826174	0.250000	-0.515087	-0.054134
1.931595	0.846479	0.504447	0.826174	0.250000	-0.515087	-0.054134
1.941348	0.846479	0.504447	0.826174	0.250000	-0.515087	-0.054134
1.952158	0.846479	0.504447	0.826174	0.250000	-0.515087	-0.054134
1.961730	0.846479	0.504447	0.826174	0.250000	-0.515087	-0.054134
1.970931	0.846479	0.504447	0.826174	0.250000	-0.515087	-0.054134
1.981394	0.846479	0.504447	0.826174	0.250000	-0.515087	-0.054134
1.990904	0.846479	0.504447	0.826174	0.250000	-0.515087	-0.054134
2.000882	0.846479	0.504447	0.826174	0.250000	-0.515087	-0.054134
2.011629	0.846479	0.504447	0.826174	0.250000	-0.515087	-0.054134
2.021427	0.846479	0.504447	0.826174	0.250000	-0.515087	-0.054134
2.031066	0.846479	0.504447	0.826174	0.250000	-0.515087	-0.054134
2.040859	0.846479	0.504447	0.826174	0.250000	-0.515087	-0.054134
2.051641	0.846479	0.504447	0.826174	0.250000	-0.515087	-0.054134
2.061375	0.846479	0.504447	0.826174	0.250000	-0.515087	-0.054134
2.071376	0.846479	0.504447	0.826174	0.250000	-0.515087	-0.054134
2.080946	0.846479	0.504447	0.826174	0.250000	-0.515087	-0.054134
2.090855	0.846479	0.504447	0.826174	0.250000	-0.515087	-0.054134
2.101421	0.846479	0.504447	0.826174	0.250000	-0.515087	-0.054134
2.111184	0.846479	0.504447	0.826174	0.250000	-0.515087	-0.054134
2.120948	0.846479	0.504447	0.826174	0.250000	-0.515087	-0.054134
2.130851	0.846479	0.504447	0.826174	0.250000	-0.515087	-0.054134
2.140830	0.846479	0.504447	0.826174	0.250000	-0.515087	-0.054134
2.151047	0.846479	0.504447	0.826174	0.250000	-0.515087	-0.054134
2.160871	0.846479	0.504447	0.826174	0.250000	-0.515087	-0.054134
2.170845	0.846479	0.504447	0.826174	0.250000	-0.515087	-0.054134
2.181539	0.846479	0.504447	0.826174	0.250000	-0.515087	-0.054134
2.191223	0.846479	0.504447	0.826174	0.250000	-0.515087	-0.054134
2.200972	0.846479	0.504447	0.826174	0.250000	-0.515087	-0.054134
2.210886	0.863223	0.520440	0.761368	0.250000	-0.259238	-0.040684
2.220922	0.863223	0.520440	0.761368	0.250000	-0.259238	-0.040684
2.230765	0.863223	0.520440	0.761368	0.250000	-0.259238	-0.040684
2.248828	0.886636	0.541071	0.673749	0.250000	0.111528	-0.020746
2.251148	0.886636	0.541071	0.673749	0.250000	0.111528	-0.020746
2.261506	0.886636	0.541071	0.673749	0.250000	0.111528	-0.020746
2.270766	0.886636	0.541071	0.673749	0.250000	0.111528	-0.020746
2.281000	0.886636	0.541071	0.673749	0.250000	0.111528	-0.020746
2.290957	0.886636	0.541071	0.673749	0.250000	0.111528	-0.020746
2.301420	0.886636	0.541071	0.673749	0.250000	0.111528	-0.020746
2.310768	0.886636	0.541071	0.673749	0.250000	0.111528	-0.020746
2.320822	0.910355	0.559550	0.593449	0.250000	0.492660	-0.000772
2.331810	0.910355	0.559550	0.593449	0.250000	0.492660	-0.000772
2.341526	0.910355	0.559550	0.593449	0.250000	0.492660	-0.000772
2.351301	0.910355	0.559550	0.593449	0.250000	0.492660	-0.000772
2.361040	0.910355	0.559550	0.593449	0.250000	0.492660	-0.000772
2.370823	0.910355	0.559550	0.593449	0.250000	0.492660	-0.000772
2.381578	0.910355	0.559550	0.593449	0.250000	0.492660	-0.000772
2.391249	0.910355	0.559550	0.593449	0.250000	0.492660	-0.000772
2.401003	0.910355	0.559550	0.593449	0.250000	0.492660	-0.000772
2.410813	0.934914	0.573749	0.533836	0.250000	0.834615	0.018220
2.421554	0.934914	0.573749	0.533836	0.250000	0.834615	0.018220
2.431363	0.934914	0.573749	0.533836	0.250000	0.834615	0.018220
2.441053	0.934914	0.573749	0.533836	0.250000	0.834615	0.018220
2.450797	0.934914	0.573749	0.533836	0.250000	0.834615	0.018220
2.461505	0.934914	0.573749	0.533836	0.250000	0.834615	0.018220
2.471300	0.934914	0.573749	0.533836	0.250000	0.834615	0.018220
2.481077	0.934914	0.573749	0.533836	0.250000	0.834615	0.018220
2.490891	0.934914	0.573749	0.533836	0.250000	0.834615	0.018220
2.500922	0.934914	0.573749	0.533836	0.250000	0.834615	0.018220
2.510826	0.934914	0.573749	0.533836	0.250000	0.834615	0.018220
2.521123	0.934914	0.573749	0.533836	0.250000	0.834615	0.018220
2.530885	0.934914	0.573749	0.533836	0.250000	0.834615	0.018220
2.540866	0.934914	0.573749	0.533836	0.250000	0.834615	0.018220
2.550879	0.950817	0.582402	0.499400	0.250000	1.030700	0.029565
2.561336	0.950817	0.582402	0.499400	0.250000	1.030700	0.029565
2.570963	0.950817	0.582402	0.499400	0.250000	1.030700	0.029565
2.581024	0.950817	0.582402	0.499400	0.250000	1.030700	0.029565
2.591595	0.969786	0.592111	0.496236	0.250000	1.193764	0.040391
2.601184	0.969786	0.592111	0.496236	0.250000	1.193764	0.040391
2.610881	0.969786	0.592111	0.496236	0.250000	1.193764	0.040391
2.621002	0.969786	0.592111	0.496236	0.250000	1.193764	0.040391
2.630910	0.969786	0.592111	0.496236	0.250000	1.193764	0.040391
2.641215	0.986005	0.600577	0.515218	0.250000	1.272739	0.046721
2.650922	0.986005	0.600577	0.515218	0.250000	1.272739	0.046721
2.660875	0.986005	0.600577	0.515218	0.250000	1.272739	0.046721
2.670807	0.986005	0.600577	0.515218	0.250000	1.272739	0.046721
2.680923	0.999067	0.608513	0.543630	0.250000	1.328264	0.051740
2.690904	0.999067	0.608513	0.543630	0.250000	1.328264	0.051740
2.701110	0.999067	0.608513	0.543630	0.250000	1.328264	0.051740
2.711390	1.006774	0.614316	0.565078	0.250000	1.355265	0.054279
2.720923	1.006774	0.614316	0.565078	0.250000	1.355265	0.054279
2.730878	1.006774	0.614316	0.565078	0.250000	1.355265	0.054279
2.740898	1.006774	0.614316	0.565078	0.250000	1.355265	0.054279
2.750873	1.006774	0.614316	0.565078	0.250000	1.355265	0.054279
2.760949	1.006774	0.614316	0.565078	0.250000	1.355265	0.054279
2.770899	1.006774	0.614316	0.565078	0.250000	1.355265	0.054279
2.780859	1.006774	0.614316	0.565078	0.250000	1.355265	0.054279
2.790767	1.006774	0.614316	0.565078	0.250000	1.355265	0.054279
2.801529	1.018363	0.622414	0.618186	0.250000	1.369473	0.057465
2.810952	1.018363	0.622414	0.618186	0.250000	1.369473	0.057465
2.821709	1.018363	0.622414	0.618186	0.250000	1.369473	0.057465
2.831426	1.018363	0.622414	0.618186	0.250000	1.369473	0.057465
2.842126	1.018363	0.622414	0.618186	0.250000	1.369473	0.057465
2.850953	1.018363	0.622414	0.618186	0.250000	1.369473	0.057465
2.861685	1.029600	0.631723	0.655143	0.250000	1.406905	0.061554
2.871419	1.029600	0.631723	0.655143	0.250000	1.406905	0.061554
2.880987	1.029600	0.631723	0.655143	0.250000	1.406905	0.061554
2.890972	1.040140	0.640736	0.691358	0.250000	1.448775	0.066224
2.901741	1.040140	0.640736	0.691358	0.250000	1.448775	0.066224
2.911547	1.040140	0.640736	0.691358	0.250000	1.448775	0.066224
2.921326	1.040140	0.640736	0.691358	0.250000	1.448775	0.066224
2.931003	1.040140	0.640736	0.691358	0.250000	1.448775	0.066224
2.941713	1.045035	0.646627	0.752229	0.250000	1.412786	0.065666
2.951394	1.045035	0.646627	0.752229	0.250000	1.412786	0.065666
2.961210	1.045035	0.646627	0.752229	0.250000	1.412786	0.065666
2.970925	1.045035	0.646627	0.752229	0.250000	1.412786	0.065666
2.980865	1.045035	0.646627	0.752229	0.250000	1.412786	0.065666
2.990889	1.045035	0.646627	0.752229	0.250000	1.412786	0.065666
3.000847	1.045035	0.646627	0.752229	0.250000	1.412786	0.065666
3.010988	1.045035	0.646627	0.752229	0.250000	1.412786	0.065666
3.021725	1.045035	0.646627	0.752229	0.250000	1.412786	0.065666
3.031500	1.045035	0.646627	0.752229	0.250000	1.412786	0.065666
3.041407	1.045035	0.646627	0.752229	0.250000	1.412786	0.065666
3.050969	1.045035	0.646627	0.752229	0.250000	1.412786	0.065666
3.060914	1.045035	0.646627	0.752229	0.250000	1.412786	0.065666
3.071601	1.045035	0.646627	0.752229	0.250000	1.412786	0.065666
3.080855	1.045035	0.646627	0.752229	0.250000	1.412786	0.065666
3.090897	1.045035	0.646627	0.752229	0.250000	1.412786	0.065666
3.100774	1.045035	0.646627	0.752229	0.250000	1.412786	0.065666
3.111490	1.045035	0.646627	0.752229	0.250000	1.412786	0.065666
3.123328	1.045035	0.646627	0.752229	0.250000	1.412786	0.065666
3.131104	1.045035	0.646627	0.752229	0.250000	1.412786	0.065666
3.144766	1.045035	0.646627	0.752229	0.250000	1.412786	0.065666
3.151477	1.045035	0.646627	0.752229	0.250000	1.412786	0.065666
3.161513	1.045035	0.646627	0.752229	0.250000	1.412786	0.065666
3.171083	1.045035	0.646627	0.752229	0.250000	1.412786	0.065666
3.180847	1.045035	0.646627	0.752229	0.250000	1.412786	0.065666
3.190799	1.045035	0.646627	0.752229	0.250000	1.412786	0.065666
3.201316	1.045035	0.646627	0.752229	0.250000	1.412786	0.065666
3.211101	1.045035	0.646627	0.752229	0.250000	1.412786	0.065666
3.220844	1.045035	0.646627	0.752229	0.250000	1.412786	0.065666
3.231584	1.051063	0.653252	0.795312	0.250000	1.408524	0.066957
3.241399	1.051063	0.653252	0.795312	0.250000	1.408524	0.066957
3.251268	1.051063	0.653252	0.795312	0.250000	1.408524	0.066957
3.260901	1.051063	0.653252	0.795312	0.250000	1.408524	0.066957
3.271624	1.051063	0.653252	0.795312	0.250000	1.408524	0.066957
3.281396	1.051063	0.653252	0.795312	0.250000	1.408524	0.066957
3.291159	1.065445	0.669750	0.872897	0.250000	1.440664	0.073350
3.300897	1.065445	0.669750	0.872897	0.250000	1.440664	0.073350
3.310890	1.065445	0.669750	0.872897	0.250000	1.440664	0.073350
3.321372	1.065445	0.669750	0.872897	0.250000	1.440664	0.073350
3.331149	1.079951	0.691106	0.904872	0.250000	1.510911	0.081672
3.340890	1.079951	0.691106	0.904872	0.250000	1.510911	0.081672
3.350830	1.079951	0.691106	0.904872	0.250000	1.510911	0.081672
3.360804	1.079951	0.691106	0.904872	0.250000	1.510911	0.081672
3.370728	1.079951	0.691106	0.904872	0.250000	1.510911	0.081672
3.380926	1.079951	0.691106	0.904872	0.250000	1.510911	0.081672
3.390784	1.079951	0.691106	0.904872	0.250000	1.510911	0.081672
3.401084	1.079951	0.691106	0.904872	0.250000	1.510911	0.081672
3.411115	1.096903	0.713042	0.984884	0.250000	1.532066	0.092738
3.420970	1.096903	0.713042	0.984884	0.250000	1.532066	0.092738
3.430796	1.096903	0.713042	0.984884	0.250000	1.532066	0.092738
3.441465	1.101355	0.725624	1.022255	0.250000	1.516162	0.094773
3.451197	1.101355	0.725624	1.022255	0.250000	1.516162	0.094773
3.460972	1.101355	0.725624	1.022255	0.250000	1.516162	0.094773
3.470766	1.107892	0.734645	1.059361	0.250000	1.514031	0.100635
3.481492	1.107892	0.734645	1.059361	0.250000	1.514031	0.100635
3.491190	1.107892	0.734645	1.059361	0.250000	1.514031	0.100635
3.501343	1.107892	0.734645	1.059361	0.250000	1.514031	0.100635
3.511015	1.107892	0.734645	1.059361	0.250000	1.514031	0.100635
3.521524	1.107892	0.734645	1.059361	0.250000	1.514031	0.100635
3.531237	1.107892	0.734645	1.059361	0.250000	1.514031	0.100635
3.540967	1.107892	0.734645	1.059361	0.250000	1.514031	0.100635
3.550813	1.107892	0.734645	1.059361	0.250000	1.514031	0.100635
3.561517	1.107892	0.734645	1.059361	0.250000	1.514031	0.100635
3.571260	1.107892	0.734645	1.059361	0.250000	1.514031	0.100635
3.581150	1.107892	0.734645	1.059361	0.250000	1.514031	0.100635
3.590793	1.107892	0.734645	1.059361	0.250000	1.514031	0.100635
3.601774	1.107892	0.734645	1.059361	0.250000	1.514031	0.100635
3.611279	1.107892	0.734645	1.059361	0.250000	1.514031	0.100635
3.621051	1.107892	0.734645	1.059361	0.250000	1.514031	0.100635
3.630848	1.110893	0.744427	1.090295	0.250000	1.496540	0.103423
3.642659	1.110893	0.744427	1.090295	0.250000	1.496540	0.103423
3.650867	1.110893	0.744427	1.090295	0.250000	1.496540	0.103423
3.660868	1.110893	0.744427	1.090295	0.250000	1.496540	0.103423
3.670849	1.110893	0.744427	1.090295	0.250000	1.496540	0.103423
3.681659	1.110893	0.744427	1.090295	0.250000	1.496540	0.103423
3.691290	1.110893	0.744427	1.090295	0.250000	1.496540	0.103423
3.700814	1.110893	0.744427	1.090295	0.250000	1.496540	0.103423
3.710804	1.118262	0.757204	1.142639	0.250000	1.468403	0.111378
3.720823	1.118262	0.757204	1.142639	0.250000	1.468403	0.111378
3.731037	1.118262	0.757204	1.142639	0.250000	1.468403	0.111378
3.741123	1.118262	0.757204	1.142639	0.250000	1.468403	0.111378
3.750935	1.118262	0.757204	1.142639	0.250000	1.468403	0.111378
3.761555	1.118262	0.757204	1.142639	0.250000	1.468403	0.111378
3.770878	1.121581	0.769276	1.181967	0.250000	1.421176	0.114253
3.780884	1.121581	0.769276	1.181967	0.250000	1.421176	0.114253
3.790871	1.121581	0.769276	1.181967	0.250000	1.421176	0.114253
3.800850	1.121581	0.769276	1.181967	0.250000	1.421176	0.114253
3.810908	1.128248	0.778770	1.219502	0.250000	1.379527	0.120656
3.820916	1.128248	0.778770	1.219502	0.250000	1.379527	0.120656
3.830869	1.128248	0.778770	1.219502	0.250000	1.379527	0.120656
3.841655	1.128248	0.778770	1.219502	0.250000	1.379527	0.120656
3.851395	1.128248	0.778770	1.219502	0.250000	1.379527	0.120656
3.860978	1.128248	0.778770	1.219502	0.250000	1.379527	0.120656
3.870912	1.128248	0.778770	1.219502	0.250000	1.379527	0.120656
3.881603	1.128248	0.778770	1.219502	0.250000	1.379527	0.120656
3.890867	1.129754	0.784768	1.231671	0.250000	1.354506	0.121972
3.901156	1.129754	0.784768	1.231671	0.250000	1.354506	0.121972
3.912205	1.129754	0.784768	1.231671	0.250000	1.354506	0.121972
3.921701	1.129754	0.784768	1.231671	0.250000	1.354506	0.121972
3.931416	1.131735	0.793152	1.263506	0.250000	1.290577	0.123472
3.941156	1.131735	0.793152	1.263506	0.250000	1.290577	0.123472
3.950911	1.131735	0.793152	1.263506	0.250000	1.290577	0.123472
3.960761	1.129312	0.800135	1.284503	0.250000	1.227054	0.120232
3.970830	1.129312	0.800135	1.284503	0.250000	1.227054	0.120232
3.981163	1.129312	0.800135	1.284503	0.250000	1.227054	0.120232
3.991010	1.129312	0.800135	1.284503	0.250000	1.227054	0.120232
4.001684	1.129312	0.800135	1.284503	0.250000	1.227054	0.120232
4.011459	1.129312	0.800135	1.284503	0.250000	1.227054	0.120232
4.020963	1.129312	0.800135	1.284503	0.250000	1.227054	0.120232
4.030935	1.129564	0.808055	1.316454	0.250000	1.144402	0.118219
4.040819	1.129564	0.808055	1.316454	0.250000	1.144402	0.118219
4.050782	1.129564	0.808055	1.316454	0.250000	1.144402	0.118219
4.061140	1.129564	0.808055	1.316454	0.250000	1.144402	0.118219
4.070902	1.129564	0.808055	1.316454	0.250000	1.144402	0.118219
4.081712	1.129564	0.808055	1.316454	0.250000	1.144402	0.118219
4.091471	1.129564	0.808055	1.316454	0.250000	1.144402	0.118219
4.101238	1.129564	0.808055	1.316454	0.250000	1.144402	0.118219
4.110830	1.129564	0.808055	1.316454	0.250000	1.144402	0.118219
4.121691	1.129564	0.808055	1.316454	0.250000	1.144402	0.118219
4.131476	1.129564	0.808055	1.316454	0.250000	1.144402	0.118219
4.141228	1.129564	0.808055	1.316454	0.250000	1.144402	0.118219
4.150979	1.129564	0.808055	1.316454	0.250000	1.144402	0.118219
4.161718	1.129564	0.808055	1.316454	0.250000	1.144402	0.118219
4.172415	1.129564	0.808055	1.316454	0.250000	1.144402	0.118219
4.181179	1.129564	0.808055	1.316454	0.250000	1.144402	0.118219
4.190952	1.129564	0.808055	1.316454	0.250000	1.144402	0.118219
4.200929	1.129564	0.808055	1.316454	0.250000	1.144402	0.118219
4.210899	1.129564	0.808055	1.316454	0.250000	1.144402	0.118219
4.220938	1.129564	0.808055	1.316454	0.250000	1.144402	0.118219
4.231122	1.129564	0.808055	1.316454	0.250000	1.144402	0.118219
4.240853	1.129564	0.808055	1.316454	0.250000	1.144402	0.118219
4.250962	1.129564	0.808055	1.316454	0.250000	1.144402	0.118219
4.261289	1.129564	0.808055	1.316454	0.250000	1.144402	0.118219
4.271018	1.130027	0.816025	1.338564	0.250000	1.078880	0.115922
4.280992	1.130027	0.816025	1.338564	0.250000	1.078880	0.115922
4.290823	1.130027	0.816025	1.338564	0.250000	1.078880	0.115922
4.301318	1.130027	0.816025	1.338564	0.250000	1.078880	0.115922
4.311072	1.130027	0.816025	1.338564	0.250000	1.078880	0.115922
4.320875	1.130027	0.816025	1.338564	0.250000	1.078880	0.115922
4.331702	1.130027	0.816025	1.338564	0.250000	1.078880	0.115922
4.341320	1.130027	0.816025	1.338564	0.250000	1.078880	0.115922
4.351069	1.130027	0.816025	1.338564	0.250000	1.078880	0.115922
4.360962	1.130051	0.830191	1.391522	0.250000	0.903995	0.107791
4.371428	1.130051	0.830191	1.391522	0.250000	0.903995	0.107791
4.380911	1.130051	0.830191	1.391522	0.250000	0.903995	0.107791
4.391065	1.130051	0.830191	1.391522	0.250000	0.903995	0.107791
4.400904	1.132786	0.856168	1.477456	0.250000	0.564293	0.088999
4.410886	1.132786	0.856168	1.477456	0.250000	0.564293	0.088999
4.421889	1.132786	0.856168	1.477456	0.250000	0.564293	0.088999
4.430910	1.132786	0.856168	1.477456	0.250000	0.564293	0.088999
4.440835	1.132786	0.856168	1.477456	0.250000	0.564293	0.088999
4.450900	1.132786	0.856168	1.477456	0.250000	0.564293	0.088999
4.460921	1.136372	0.882365	1.561141	0.250000	0.148980	0.064027
4.471908	1.136372	0.882365	1.561141	0.250000	0.148980	0.064027
4.480909	1.136372	0.882365	1.561141	0.250000	0.148980	0.064027
4.491559	1.136372	0.882365	1.561141	0.250000	0.148980	0.064027
4.504284	1.136372	0.882365	1.561141	0.250000	0.148980	0.064027
4.510870	1.136372	0.882365	1.561141	0.250000	0.148980	0.064027
4.520830	1.136372	0.882365	1.561141	0.250000	0.148980	0.064027
4.531635	1.136372	0.882365	1.561141	0.250000	0.148980	0.064027
4.541395	1.136372	0.882365	1.561141	0.250000	0.148980	0.064027
4.550997	1.136372	0.882365	1.561141	0.250000	0.148980	0.064027
4.560943	1.136372	0.882365	1.561141	0.250000	0.148980	0.064027
4.570870	1.136372	0.882365	1.561141	0.250000	0.148980	0.064027
4.582257	1.136372	0.882365	1.561141	0.250000	0.148980	0.064027
4.591164	1.136372	0.882365	1.561141	0.250000	0.148980	0.064027
4.600941	1.136372	0.882365	1.561141	0.250000	0.148980	0.064027
4.610876	1.136372	0.882365	1.561141	0.250000	0.148980	0.064027
4.621186	1.136372	0.882365	1.561141	0.250000	0.148980	0.064027
4.630898	1.136372	0.882365	1.561141	0.250000	0.148980	0.064027
4.640972	1.136372	0.882365	1.561141	0.250000	0.148980	0.064027
4.650946	1.136372	0.882365	1.561141	0.250000	0.148980	0.064027
4.661462	1.136372	0.882365	1.561141	0.250000	0.148980	0.064027
4.671241	1.136372	0.882365	1.561141	0.250000	0.148980	0.064027
4.680937	1.136372	0.882365	1.561141	0.250000	0.148980	0.064027
4.690876	1.136372	0.882365	1.561141	0.250000	0.148980	0.064027
4.701221	1.136372	0.882365	1.561141	0.250000	0.148980	0.064027
4.710881	1.139594	0.911782	1.645180	0.250000	-0.321197	0.036889
4.721071	1.139594	0.911782	1.645180	0.250000	-0.321197	0.036889
4.731181	1.139594	0.911782	1.645180	0.250000	-0.321197	0.036889
4.740899	1.139594	0.911782	1.645180	0.250000	-0.321197	0.036889
4.751032	1.138666	0.934205	1.688075	0.250000	-0.616288	0.020489
4.761207	1.138666	0.934205	1.688075	0.250000	-0.616288	0.020489
4.770855	1.138666	0.934205	1.688075	0.250000	-0.616288	0.020489
4.780903	1.138666	0.934205	1.688075	0.250000	-0.616288	0.020489
4.790832	1.138666	0.934205	1.688075	0.250000	-0.616288	0.020489
4.801104	1.138666	0.934205	1.688075	0.250000	-0.616288	0.020489
4.810889	1.138666	0.934205	1.688075	0.250000	-0.616288	0.020489
4.821492	1.135280	0.956848	1.727025	0.250000	-0.885642	0.005486
4.831259	1.135280	0.956848	1.727025	0.250000	-0.885642	0.005486
4.840960	1.135280	0.956848	1.727025	0.250000	-0.885642	0.005486
4.850833	1.135280	0.956848	1.727025	0.250000	-0.885642	0.005486
4.861491	1.135280	0.956848	1.727025	0.250000	-0.885642	0.005486
4.870957	1.128469	0.967342	1.735909	0.250000	-0.969885	-0.000802
4.881295	1.128469	0.967342	1.735909	0.250000	-0.969885	-0.000802
4.890781	1.128469	0.967342	1.735909	0.250000	-0.969885	-0.000802
4.901532	1.128469	0.967342	1.735909	0.250000	-0.969885	-0.000802
4.911427	1.128469	0.967342	1.735909	0.250000	-0.969885	-0.000802
4.921153	1.128469	0.967342	1.735909	0.250000	-0.969885	-0.000802
4.930895	1.128469	0.967342	1.735909	0.250000	-0.969885	-0.000802
4.941568	1.125801	0.981367	1.846924	0.250000	-1.204255	-0.011147
4.951327	1.125801	0.981367	1.846924	0.250000	-1.204255	-0.011147
4.961091	1.125801	0.981367	1.846924	0.250000	-1.204255	-0.011147
4.970869	1.125801	0.981367	1.846924	0.250000	-1.204255	-0.011147
4.981565	1.125801	0.981367	1.846924	0.250000	-1.204255	-0.011147
4.990817	1.125801	0.981367	1.846924	0.250000	-1.204255	-0.011147
5.001055	1.125801	0.981367	1.846924	0.250000	-1.204255	-0.011147
5.010846	1.125801	0.981367	1.846924	0.250000	-1.204255	-0.011147
5.020831	1.121835	0.991874	1.944020	0.250000	-1.353578	-0.015612
5.031343	1.121835	0.991874	1.944020	0.250000	-1.353578	-0.015612
5.041044	1.121835	0.991874	1.944020	0.250000	-1.353578	-0.015612
5.050823	1.121835	0.991874	1.944020	0.250000	-1.353578	-0.015612
5.061651	1.124896	1.011478	1.913763	0.250000	-1.404201	-0.019918
5.071563	1.124896	1.011478	1.913763	0.250000	-1.404201	-0.019918
5.081174	1.124896	1.011478	1.913763	0.250000	-1.404201	-0.019918
5.090868	1.124896	1.011478	1.913763	0.250000	-1.404201	-0.019918
5.101592	1.124896	1.011478	1.913763	0.250000	-1.404201	-0.019918
5.111365	1.124896	1.011478	1.913763	0.250000	-1.404201	-0.019918
5.121418	1.124896	1.011478	1.913763	0.250000	-1.404201	-0.019918
5.130852	1.124896	1.011478	1.913763	0.250000	-1.404201	-0.019918
5.141669	1.124896	1.011478	1.913763	0.250000	-1.404201	-0.019918
5.151409	1.124896	1.011478	1.913763	0.250000	-1.404201	-0.019918
5.161140	1.124896	1.011478	1.913763	0.250000	-1.404201	-0.019918
5.170876	1.124896	1.011478	1.913763	0.250000	-1.404201	-0.019918
5.181617	1.124896	1.011478	1.913763	0.250000	-1.404201	-0.019918
5.191328	1.124896	1.011478	1.913763	0.250000	-1.404201	-0.019918
5.201221	1.124896	1.011478	1.913763	0.250000	-1.404201	-0.019918
5.210957	1.124896	1.011478	1.913763	0.250000	-1.404201	-0.019918
5.221127	1.124896	1.011478	1.913763	0.250000	-1.404201	-0.019918
5.231421	1.124896	1.011478	1.913763	0.250000	-1.404201	-0.019918
5.241200	1.124896	1.011478	1.913763	0.250000	-1.404201	-0.019918
5.250892	1.124896	1.011478	1.913763	0.250000	-1.404201	-0.019918
5.260874	1.124896	1.011478	1.913763	0.250000	-1.404201	-0.019918
5.270908	1.124896	1.011478	1.913763	0.250000	-1.404201	-0.019918
5.281192	1.124896	1.011478	1.913763	0.250000	-1.404201	-0.019918
5.290892	1.124896	1.011478	1.913763	0.250000	-1.404201	-0.019918
5.300836	1.124896	1.011478	1.913763	0.250000	-1.404201	-0.019918
5.310880	1.124896	1.011478	1.913763	0.250000	-1.404201	-0.019918
5.321564	1.124896	1.011478	1.913763	0.250000	-1.404201	-0.019918
5.330916	1.119816	1.018640	1.778960	0.250000	-1.367077	-0.024115
5.340933	1.119816	1.018640	1.778960	0.250000	-1.367077	-0.024115
5.351534	1.119816	1.018640	1.778960	0.250000	-1.367077	-0.024115
5.361249	1.119816	1.018640	1.778960	0.250000	-1.367077	-0.024115
5.370957	1.119816	1.018640	1.778960	0.250000	-1.367077	-0.024115
5.380874	1.119816	1.018640	1.778960	0.250000	-1.367077	-0.024115
5.391502	1.116651	1.041972	1.600550	0.250000	-1.320028	-0.031424
5.401228	1.116651	1.041972	1.600550	0.250000	-1.320028	-0.031424
5.410960	1.112735	1.065872	1.526116	0.250000	-1.390198	-0.044848
5.421836	1.112735	1.065872	1.526116	0.250000	-1.390198	-0.044848
5.431533	1.112735	1.065872	1.526116	0.250000	-1.390198	-0.044848
5.441280	1.112735	1.065872	1.526116	0.250000	-1.390198	-0.044848
5.451059	1.112735	1.065872	1.526116	0.250000	-1.390198	-0.044848
5.460920	1.112735	1.065872	1.526116	0.250000	-1.390198	-0.044848
5.471550	1.112735	1.065872	1.526116	0.250000	-1.390198	-0.044848
5.481323	1.112735	1.065872	1.526116	0.250000	-1.390198	-0.044848
5.491029	1.112735	1.065872	1.526116	0.250000	-1.390198	-0.044848
5.502078	1.112525	1.093262	1.440261	0.250000	-1.423083	-0.061043
5.510928	1.112525	1.093262	1.440261	0.250000	-1.423083	-0.061043
5.520786	1.112525	1.093262	1.440261	0.250000	-1.423083	-0.061043
5.530882	1.112525	1.093262	1.440261	0.250000	-1.423083	-0.061043
5.541799	1.116598	1.110889	1.402701	0.250000	-1.413282	-0.072081
5.551576	1.116598	1.110889	1.402701	0.250000	-1.413282	-0.072081
5.561329	1.116598	1.110889	1.402701	0.250000	-1.413282	-0.072081
5.571086	1.116598	1.110889	1.402701	0.250000	-1.413282	-0.072081
5.580839	1.116598	1.110889	1.402701	0.250000	-1.413282	-0.072081
5.590813	1.116598	1.110889	1.402701	0.250000	-1.413282	-0.072081
5.600784	1.116598	1.110889	1.402701	0.250000	-1.413282	-0.072081
5.610816	1.120239	1.123253	1.376958	0.250000	-1.348419	-0.083517
5.621012	1.120239	1.123253	1.376958	0.250000	-1.348419	-0.083517
5.631618	1.120239	1.123253	1.376958	0.250000	-1.348419	-0.083517
5.640963	1.120239	1.123253	1.376958	0.250000	-1.348419	-0.083517
5.650949	1.120239	1.123253	1.376958	0.250000	-1.348419	-0.083517
5.660929	1.120239	1.123253	1.376958	0.250000	-1.348419	-0.083517
5.670879	1.120239	1.123253	1.376958	0.250000	-1.348419	-0.083517
5.680857	1.120239	1.123253	1.376958	0.250000	-1.348419	-0.083517
5.691509	1.120239	1.123253	1.376958	0.250000	-1.348419	-0.083517
5.701089	1.120239	1.123253	1.376958	0.250000	-1.348419	-0.083517
5.710983	1.120239	1.123253	1.376958	0.250000	-1.348419	-0.083517
5.720878	1.128525	1.141951	1.336810	0.250000	-0.702777	-0.091099
5.731207	1.128525	1.141951	1.336810	0.250000	-0.702777	-0.091099
5.740918	1.131206	1.153729	1.286173	0.250000	-0.519951	-0.080518
5.750848	1.131206	1.153729	1.286173	0.250000	-0.519951	-0.080518
5.760869	1.131206	1.153729	1.286173	0.250000	-0.519951	-0.080518
5.771148	1.131206	1.153729	1.286173	0.250000	-0.519951	-0.080518
5.780929	1.138294	1.170814	1.239589	0.250000	-0.330883	-0.066319
5.791649	1.138294	1.170814	1.239589	0.250000	-0.330883	-0.066319
5.801378	1.138294	1.170814	1.239589	0.250000	-0.330883	-0.066319
5.811014	1.138294	1.170814	1.239589	0.250000	-0.330883	-0.066319
5.820913	1.138294	1.170814	1.239589	0.250000	-0.330883	-0.066319
5.831821	1.140072	1.178477	1.217212	0.250000	-0.256357	-0.061076
5.841035	1.140072	1.178477	1.217212	0.250000	-0.256357	-0.061076
5.851218	1.140072	1.178477	1.217212	0.250000	-0.256357	-0.061076
5.860949	1.140072	1.178477	1.217212	0.250000	-0.256357	-0.061076
5.871621	1.144679	1.186963	1.198016	0.250000	-0.153954	-0.052453
5.881390	1.144679	1.186963	1.198016	0.250000	-0.153954	-0.052453
5.891170	1.144679	1.186963	1.198016	0.250000	-0.153954	-0.052453
5.901284	1.144679	1.186963	1.198016	0.250000	-0.153954	-0.052453
5.911965	1.144679	1.186963	1.198016	0.250000	-0.153954	-0.052453
5.921440	1.144679	1.186963	1.198016	0.250000	-0.153954	-0.052453
5.932197	1.146009	1.193236	1.162913	0.250000	-0.062659	-0.046414
5.940796	1.146009	1.193236	1.162913	0.250000	-0.062659	-0.046414
5.950818	1.146009	1.193236	1.162913	0.250000	-0.062659	-0.046414
5.960823	1.146009	1.193236	1.162913	0.250000	-0.062659	-0.046414
5.970812	1.146009	1.193236	1.162913	0.250000	-0.062659	-0.046414
5.981103	1.146009	1.193236	1.162913	0.250000	-0.062659	-0.046414
5.991867	1.146009	1.193236	1.162913	0.250000	-0.062659	-0.046414
6.001478	1.146009	1.193236	1.162913	0.250000	-0.062659	-0.046414
6.011230	1.146009	1.193236	1.162913	0.250000	-0.062659	-0.046414
6.020844	1.152264	1.205795	1.123852	0.250000	0.075651	-0.036397
6.030830	1.152264	1.205795	1.123852	0.250000	0.075651	-0.036397
6.040816	1.152264	1.205795	1.123852	0.250000	0.075651	-0.036397
6.050830	1.152264	1.205795	1.123852	0.250000	0.075651	-0.036397
6.061020	1.161969	1.221564	1.091164	0.250000	0.253429	-0.022474
6.070861	1.161969	1.221564	1.091164	0.250000	0.253429	-0.022474
6.080835	1.161969	1.221564	1.091164	0.250000	0.253429	-0.022474
6.090951	1.161969	1.221564	1.091164	0.250000	0.253429	-0.022474
6.101019	1.161969	1.221564	1.091164	0.250000	0.253429	-0.022474
6.110819	1.169226	1.233538	1.076644	0.250000	0.356749	-0.013828
6.120863	1.169226	1.233538	1.076644	0.250000	0.356749	-0.013828
6.131298	1.169226	1.233538	1.076644	0.250000	0.356749	-0.013828
6.141033	1.169226	1.233538	1.076644	0.250000	0.356749	-0.013828
6.150831	1.169226	1.233538	1.076644	0.250000	0.356749	-0.013828
6.161536	1.169226	1.233538	1.076644	0.250000	0.356749	-0.013828
6.171298	1.169226	1.233538	1.076644	0.250000	0.356749	-0.013828
6.181042	1.169226	1.233538	1.076644	0.250000	0.356749	-0.013828
6.190770	1.169226	1.233538	1.076644	0.250000	0.356749	-0.013828
6.200911	1.169226	1.233538	1.076644	0.250000	0.356749	-0.013828
6.211263	1.169226	1.233538	1.076644	0.250000	0.356749	-0.013828
6.221108	1.169226	1.233538	1.076644	0.250000	0.356749	-0.013828
6.231056	1.169226	1.233538	1.076644	0.250000	0.356749	-0.013828
6.241568	1.169226	1.233538	1.076644	0.250000	0.356749	-0.013828
6.251344	1.169226	1.233538	1.076644	0.250000	0.356749	-0.013828
6.261041	1.169226	1.233538	1.076644	0.250000	0.356749	-0.013828
6.270835	1.169226	1.233538	1.076644	0.250000	0.356749	-0.013828
6.281702	1.169226	1.233538	1.076644	0.250000	0.356749	-0.013828
6.291350	1.169226	1.233538	1.076644	0.250000	0.356749	-0.013828
6.301092	1.169226	1.233538	1.076644	0.250000	0.356749	-0.013828
6.310820	1.169226	1.233538	1.076644	0.250000	0.356749	-0.013828
6.320774	1.169226	1.233538	1.076644	0.250000	0.356749	-0.013828
6.331282	1.169226	1.233538	1.076644	0.250000	0.356749	-0.013828
6.341194	1.169226	1.233538	1.076644	0.250000	0.356749	-0.013828
6.350908	1.169226	1.233538	1.076644	0.250000	0.356749	-0.013828
6.361648	1.169226	1.233538	1.076644	0.250000	0.356749	-0.013828
6.370831	1.169226	1.233538	1.076644	0.250000	0.356749	-0.013828
6.381172	1.169226	1.233538	1.076644	0.250000	0.356749	-0.013828
6.390893	1.169226	1.233538	1.076644	0.250000	0.356749	-0.013828
6.401638	1.169226	1.233538	1.076644	0.250000	0.356749	-0.013828
6.411401	1.169226	1.233538	1.076644	0.250000	0.356749	-0.013828
6.421176	1.169226	1.233538	1.076644	0.250000	0.356749	-0.013828
6.430855	1.169226	1.233538	1.076644	0.250000	0.356749	-0.013828
6.440914	1.169226	1.233538	1.076644	0.250000	0.356749	-0.013828
6.450849	1.169226	1.233538	1.076644	0.250000	0.356749	-0.013828
6.460834	1.169226	1.233538	1.076644	0.250000	0.356749	-0.013828
6.470919	1.176121	1.244681	1.066034	0.250000	0.428286	-0.007777
6.480881	1.176121	1.244681	1.066034	0.250000	0.428286	-0.007777
6.490828	1.176121	1.244681	1.066034	0.250000	0.428286	-0.007777
6.500987	1.176121	1.244681	1.066034	0.250000	0.428286	-0.007777
6.511032	1.176121	1.244681	1.066034	0.250000	0.428286	-0.007777
6.520908	1.176121	1.244681	1.066034	0.250000	0.428286	-0.007777
6.531134	1.176121	1.244681	1.066034	0.250000	0.428286	-0.007777
6.541017	1.188190	1.266719	1.071708	0.250000	0.495025	0.002369
6.551099	1.188190	1.266719	1.071708	0.250000	0.495025	0.002369
6.561766	1.188190	1.266719	1.071708	0.250000	0.495025	0.002369
6.571198	1.188190	1.266719	1.071708	0.250000	0.495025	0.002369
6.580934	1.188190	1.266719	1.071708	0.250000	0.495025	0.002369
6.591000	1.188190	1.266719	1.071708	0.250000	0.495025	0.002369
6.601540	1.203814	1.297349	1.107342	0.250000	0.430297	0.010406
6.611592	1.203814	1.297349	1.107342	0.250000	0.430297	0.010406
6.621280	1.203814	1.297349	1.107342	0.250000	0.430297	0.010406
6.630961	1.203814	1.297349	1.107342	0.250000	0.430297	0.010406
6.640935	1.203814	1.297349	1.107342	0.250000	0.430297	0.010406
6.651515	1.203814	1.297349	1.107342	0.250000	0.430297	0.010406
6.661329	1.203814	1.297349	1.107342	0.250000	0.430297	0.010406
6.671256	1.203814	1.297349	1.107342	0.250000	0.430297	0.010406
6.681061	1.203814	1.297349	1.107342	0.250000	0.430297	0.010406
6.691554	1.203814	1.297349	1.107342	0.250000	0.430297	0.010406
6.700878	1.203814	1.297349	1.107342	0.250000	0.430297	0.010406
6.710965	1.203814	1.297349	1.107342	0.250000	0.430297	0.010406
6.720868	1.203814	1.297349	1.107342	0.250000	0.430297	0.010406
6.731163	1.203814	1.297349	1.107342	0.250000	0.430297	0.010406
6.740843	1.203814	1.297349	1.107342	0.250000	0.430297	0.010406
6.750839	1.203814	1.297349	1.107342	0.250000	0.430297	0.010406
6.760822	1.203814	1.297349	1.107342	0.250000	0.430297	0.010406
6.772583	1.203814	1.297349	1.107342	0.250000	0.430297	0.010406
6.780950	1.203814	1.297349	1.107342	0.250000	0.430297	0.010406
6.790858	1.216461	1.333624	1.173614	0.250000	0.060505	0.004636
6.800836	1.216461	1.333624	1.173614	0.250000	0.060505	0.004636
6.811556	1.216461	1.333624	1.173614	0.250000	0.060505	0.004636
6.820826	1.216461	1.333624	1.173614	0.250000	0.060505	0.004636
6.830853	1.216461	1.333624	1.173614	0.250000	0.060505	0.004636
6.840855	1.216461	1.333624	1.173614	0.250000	0.060505	0.004636
6.850837	1.216461	1.333624	1.173614	0.250000	0.060505	0.004636
6.860873	1.222528	1.360662	1.237464	0.250000	-0.341275	-0.010496
6.870836	1.222528	1.360662	1.237464	0.250000	-0.341275	-0.010496
6.880953	1.225685	1.379833	1.278835	0.250000	-0.643036	-0.023613
6.891633	1.225685	1.379833	1.278835	0.250000	-0.643036	-0.023613
6.901384	1.225685	1.379833	1.278835	0.250000	-0.643036	-0.023613
6.911182	1.225685	1.379833	1.278835	0.250000	-0.643036	-0.023613
6.921003	1.225685	1.379833	1.278835	0.250000	-0.643036	-0.023613
6.931340	1.230819	1.392415	1.480614	0.250000	-1.064427	-0.045064
6.941423	1.230819	1.392415	1.480614	0.250000	-1.064427	-0.045064
6.951247	1.230819	1.392415	1.480614	0.250000	-1.064427	-0.045064
6.960897	1.233503	1.401488	1.508240	0.250000	-1.149983	-0.048403
6.973302	1.233503	1.401488	1.508240	0.250000	-1.149983	-0.048403
6.980899	1.233503	1.401488	1.508240	0.250000	-1.149983	-0.048403
6.990820	1.233503	1.401488	1.508240	0.250000	-1.149983	-0.048403
7.001213	1.233503	1.401488	1.508240	0.250000	-1.149983	-0.048403
7.010824	1.233503	1.401488	1.508240	0.250000	-1.149983	-0.048403
7.020854	1.233503	1.401488	1.508240	0.250000	-1.149983	-0.048403
7.031024	1.233503	1.401488	1.508240	0.250000	-1.149983	-0.048403
7.040854	1.233503	1.401488	1.508240	0.250000	-1.149983	-0.048403
7.050777	1.232758	1.409063	1.540656	0.250000	-1.219705	-0.052655
7.061481	1.232758	1.409063	1.540656	0.250000	-1.219705	-0.052655
7.072205	1.232758	1.409063	1.540656	0.250000	-1.219705	-0.052655
7.080961	1.232758	1.409063	1.540656	0.250000	-1.219705	-0.052655
7.091702	1.232758	1.409063	1.540656	0.250000	-1.219705	-0.052655
7.101546	1.232758	1.409063	1.540656	0.250000	-1.219705	-0.052655
7.110859	1.232758	1.409063	1.540656	0.250000	-1.219705	-0.052655
7.121019	1.232758	1.409063	1.540656	0.250000	-1.219705	-0.052655
7.130744	1.232758	1.409063	1.540656	0.250000	-1.219705	-0.052655
7.140765	1.232758	1.409063	1.540656	0.250000	-1.219705	-0.052655
7.150853	1.236703	1.426713	1.408610	0.250000	-1.060069	-0.043531
