t	x(t)	y(t)	theta(t)	v(t)	gamma(t)	efa
0.010507	0.311325	0.222382	0.070126	0.250000	0.434754	0.025735
0.015031	0.311325	0.222382	0.070126	0.250000	0.434754	0.025735
0.021151	0.311325	0.222382	0.070126	0.250000	0.434754	0.025735
0.031042	0.311325	0.222382	0.070126	0.250000	0.434754	0.025735
0.041076	0.311325	0.222382	0.070126	0.250000	0.434754	0.025735
0.051064	0.311325	0.222382	0.070126	0.250000	0.434754	0.025735
0.061024	0.311325	0.222382	0.070126	0.250000	0.434754	0.025735
0.071001	0.311325	0.222382	0.070126	0.250000	0.434754	0.025735
0.081111	0.311325	0.222382	0.070126	0.250000	0.434754	0.025735
0.091177	0.311376	0.223984	0.091008	0.250000	0.365386	0.021371
0.101495	0.311376	0.223984	0.091008	0.250000	0.365386	0.021371
0.111065	0.311376	0.223984	0.091008	0.250000	0.365386	0.021371
0.121650	0.311376	0.223984	0.091008	0.250000	0.365386	0.021371
0.131336	0.311426	0.225585	0.111891	0.250000	0.307178	0.017361
0.141070	0.311426	0.225585	0.111891	0.250000	0.307178	0.017361
0.151146	0.311426	0.225585	0.111891	0.250000	0.307178	0.017361
0.161675	0.311426	0.225585	0.111891	0.250000	0.307178	0.017361
0.171429	0.311426	0.225585	0.111891	0.250000	0.307178	0.017361
0.181204	0.311426	0.225585	0.111891	0.250000	0.307178	0.017361
0.191875	0.311426	0.225585	0.111891	0.250000	0.307178	0.017361
0.201628	0.311426	0.225585	0.111891	0.250000	0.307178	0.017361
0.211108	0.311426	0.225585	0.111891	0.250000	0.307178	0.017361
0.221054	0.314081	0.226412	0.130739	0.250000	0.252979	0.014308
0.231174	0.314081	0.226412	0.130739	0.250000	0.252979	0.014308
0.241736	0.314081	0.226412	0.130739	0.250000	0.252979	0.014308
0.251520	0.319383	0.227858	0.130713	0.250000	0.268690	0.014231
0.261225	0.319383	0.227858	0.130713	0.250000	0.268690	0.014231
0.270984	0.319383	0.227858	0.130713	0.250000	0.268690	0.014231
0.283734	0.319383	0.227858	0.130713	0.250000	0.268690	0.014231
0.291500	0.319383	0.227858	0.130713	0.250000	0.268690	0.014231
0.301849	0.319383	0.227858	0.130713	0.250000	0.268690	0.014231
0.311109	0.319383	0.227858	0.130713	0.250000	0.268690	0.014231
0.321771	0.319383	0.227858	0.130713	0.250000	0.268690	0.014231
0.332533	0.319383	0.227858	0.130713	0.250000	0.268690	0.014231
0.342042	0.319383	0.227858	0.130713	0.250000	0.268690	0.014231
0.352057	0.331307	0.230070	0.150938	0.250000	0.247950	0.012075
0.361818	0.331307	0.230070	0.150938	0.250000	0.247950	0.012075
0.371552	0.331307	0.230070	0.150938	0.250000	0.247950	0.012075
0.381084	0.342359	0.232082	0.175631	0.250000	0.219429	0.009676
0.391206	0.342359	0.232082	0.175631	0.250000	0.219429	0.009676
0.402675	0.342359	0.232082	0.175631	0.250000	0.219429	0.009676
0.411412	0.342359	0.232082	0.175631	0.250000	0.219429	0.009676
0.421302	0.342359	0.232082	0.175631	0.250000	0.219429	0.009676
0.431101	0.342359	0.232082	0.175631	0.250000	0.219429	0.009676
0.441794	0.342359	0.232082	0.175631	0.250000	0.219429	0.009676
0.451535	0.342359	0.232082	0.175631	0.250000	0.219429	0.009676
0.461318	0.356324	0.233552	0.209691	0.250000	0.195046	0.007779
0.471198	0.356324	0.233552	0.209691	0.250000	0.195046	0.007779
0.481864	0.356324	0.233552	0.209691	0.250000	0.195046	0.007779
0.491054	0.356324	0.233552	0.209691	0.250000	0.195046	0.007779
0.501273	0.356324	0.233552	0.209691	0.250000	0.195046	0.007779
0.511097	0.356324	0.233552	0.209691	0.250000	0.195046	0.007779
0.521782	0.356324	0.233552	0.209691	0.250000	0.195046	0.007779
0.531039	0.356324	0.233552	0.209691	0.250000	0.195046	0.007779
0.541128	0.356324	0.233552	0.209691	0.250000	0.195046	0.007779
0.551126	0.356324	0.233552	0.209691	0.250000	0.195046	0.007779
0.561056	0.356324	0.233552	0.209691	0.250000	0.195046	0.007779
0.571621	0.356324	0.233552	0.209691	0.250000	0.195046	0.007779
0.581346	0.356324	0.233552	0.209691	0.250000	0.195046	0.007779
0.591148	0.356324	0.233552	0.209691	0.250000	0.195046	0.007779
0.601037	0.356324	0.233552	0.209691	0.250000	0.195046	0.007779
0.611134	0.356324	0.233552	0.209691	0.250000	0.195046	0.007779
0.621360	0.356324	0.233552	0.209691	0.250000	0.195046	0.007779
0.631121	0.356324	0.233552	0.209691	0.250000	0.195046	0.007779
0.641836	0.356324	0.233552	0.209691	0.250000	0.195046	0.007779
0.651615	0.356324	0.233552	0.209691	0.250000	0.195046	0.007779
0.661368	0.356324	0.233552	0.209691	0.250000	0.195046	0.007779
0.671660	0.356324	0.233552	0.209691	0.250000	0.195046	0.007779
0.681556	0.356324	0.233552	0.209691	0.250000	0.195046	0.007779
0.691637	0.356324	0.233552	0.209691	0.250000	0.195046	0.007779
0.704269	0.356324	0.233552	0.209691	0.250000	0.195046	0.007779
0.711159	0.356324	0.233552	0.209691	0.250000	0.195046	0.007779
0.721140	0.356324	0.233552	0.209691	0.250000	0.195046	0.007779
0.731658	0.356324	0.233552	0.209691	0.250000	0.195046	0.007779
0.741042	0.356324	0.233552	0.209691	0.250000	0.195046	0.007779
0.751122	0.356324	0.233552	0.209691	0.250000	0.195046	0.007779
0.761972	0.356324	0.233552	0.209691	0.250000	0.195046	0.007779
0.771111	0.356324	0.233552	0.209691	0.250000	0.195046	0.007779
0.781191	0.356324	0.233552	0.209691	0.250000	0.195046	0.007779
0.791071	0.356324	0.233552	0.209691	0.250000	0.195046	0.007779
0.801000	0.388060	0.241676	0.248110	0.250000	0.201304	0.005649
0.811780	0.388060	0.241676	0.248110	0.250000	0.201304	0.005649
0.821148	0.388060	0.241676	0.248110	0.250000	0.201304	0.005649
0.831903	0.388060	0.241676	0.248110	0.250000	0.201304	0.005649
0.841097	0.388060	0.241676	0.248110	0.250000	0.201304	0.005649
0.851054	0.388060	0.241676	0.248110	0.250000	0.201304	0.005649
0.861041	0.423184	0.252584	0.292351	0.250000	0.222280	0.004408
0.871145	0.423184	0.252584	0.292351	0.250000	0.222280	0.004408
0.882014	0.423184	0.252584	0.292351	0.250000	0.222280	0.004408
0.891750	0.423184	0.252584	0.292351	0.250000	0.222280	0.004408
0.902788	0.423184	0.252584	0.292351	0.250000	0.222280	0.004408
0.911319	0.423184	0.252584	0.292351	0.250000	0.222280	0.004408
0.921082	0.423184	0.252584	0.292351	0.250000	0.222280	0.004408
0.931748	0.423184	0.252584	0.292351	0.250000	0.222280	0.004408
0.941506	0.423184	0.252584	0.292351	0.250000	0.222280	0.004408
0.951253	0.423184	0.252584	0.292351	0.250000	0.222280	0.004408
0.962860	0.423184	0.252584	0.292351	0.250000	0.222280	0.004408
0.971098	0.423184	0.252584	0.292351	0.250000	0.222280	0.004408
0.983524	0.462819	0.266612	0.332889	0.250000	0.276266	0.005720
0.991509	0.462819	0.266612	0.332889	0.250000	0.276266	0.005720
1.001172	0.462819	0.266612	0.332889	0.250000	0.276266	0.005720
1.011149	0.462819	0.266612	0.332889	0.250000	0.276266	0.005720
1.021098	0.462819	0.266612	0.332889	0.250000	0.276266	0.005720
1.032681	0.462819	0.266612	0.332889	0.250000	0.276266	0.005720
1.041081	0.462819	0.266612	0.332889	0.250000	0.276266	0.005720
1.051050	0.462819	0.266612	0.332889	0.250000	0.276266	0.005720
1.061041	0.483157	0.273675	0.356220	0.250000	0.307675	0.007310
1.071130	0.483157	0.273675	0.356220	0.250000	0.307675	0.007310
1.081104	0.483157	0.273675	0.356220	0.250000	0.307675	0.007310
1.091192	0.483157	0.273675	0.356220	0.250000	0.307675	0.007310
1.101581	0.483157	0.273675	0.356220	0.250000	0.307675	0.007310
1.111126	0.503631	0.282263	0.378165	0.250000	0.333038	0.008492
1.121056	0.503631	0.282263	0.378165	0.250000	0.333038	0.008492
1.131834	0.503631	0.282263	0.378165	0.250000	0.333038	0.008492
1.141632	0.503631	0.282263	0.378165	0.250000	0.333038	0.008492
1.151392	0.516397	0.286856	0.391937	0.250000	0.364113	0.010526
1.161248	0.516397	0.286856	0.391937	0.250000	0.364113	0.010526
1.171917	0.516397	0.286856	0.391937	0.250000	0.364113	0.010526
1.181596	0.516397	0.286856	0.391937	0.250000	0.364113	0.010526
1.191131	0.516397	0.286856	0.391937	0.250000	0.364113	0.010526
1.201094	0.516397	0.286856	0.391937	0.250000	0.364113	0.010526
1.211125	0.529415	0.292443	0.410442	0.250000	0.375421	0.011391
1.221678	0.529415	0.292443	0.410442	0.250000	0.375421	0.011391
1.231409	0.529415	0.292443	0.410442	0.250000	0.375421	0.011391
1.241056	0.529415	0.292443	0.410442	0.250000	0.375421	0.011391
1.251018	0.529415	0.292443	0.410442	0.250000	0.375421	0.011391
1.261024	0.539976	0.295567	0.428912	0.250000	0.388692	0.012907
1.271042	0.539976	0.295567	0.428912	0.250000	0.388692	0.012907
1.281049	0.539976	0.295567	0.428912	0.250000	0.388692	0.012907
1.290955	0.539976	0.295567	0.428912	0.250000	0.388692	0.012907
1.301623	0.539976	0.295567	0.428912	0.250000	0.388692	0.012907
1.311103	0.539976	0.295567	0.428912	0.250000	0.388692	0.012907
1.321062	0.552572	0.301506	0.451532	0.250000	0.387034	0.013202
1.330966	0.552572	0.301506	0.451532	0.250000	0.387034	0.013202
1.341036	0.552572	0.301506	0.451532	0.250000	0.387034	0.013202
1.351502	0.552572	0.301506	0.451532	0.250000	0.387034	0.013202
1.361051	0.552572	0.301506	0.451532	0.250000	0.387034	0.013202
1.371039	0.552572	0.301506	0.451532	0.250000	0.387034	0.013202
1.381716	0.552572	0.301506	0.451532	0.250000	0.387034	0.013202
1.391433	0.564741	0.307880	0.470769	0.250000	0.375368	0.012795
1.401247	0.564741	0.307880	0.470769	0.250000	0.375368	0.012795
1.411864	0.564741	0.307880	0.470769	0.250000	0.375368	0.012795
1.421723	0.564741	0.307880	0.470769	0.250000	0.375368	0.012795
1.431075	0.564741	0.307880	0.470769	0.250000	0.375368	0.012795
1.441248	0.564741	0.307880	0.470769	0.250000	0.375368	0.012795
1.450992	0.564741	0.307880	0.470769	0.250000	0.375368	0.012795
1.462276	0.578501	0.315732	0.495740	0.250000	0.370839	0.012912
1.471496	0.578501	0.315732	0.495740	0.250000	0.370839	0.012912
1.481304	0.578501	0.315732	0.495740	0.250000	0.370839	0.012912
1.491035	0.578501	0.315732	0.495740	0.250000	0.370839	0.012912
1.501792	0.578501	0.315732	0.495740	0.250000	0.370839	0.012912
1.511138	0.578501	0.315732	0.495740	0.250000	0.370839	0.012912
1.521179	0.578501	0.315732	0.495740	0.250000	0.370839	0.012912
1.531028	0.591398	0.323433	0.524563	0.250000	0.341449	0.011676
1.541803	0.591398	0.323433	0.524563	0.250000	0.341449	0.011676
1.551543	0.591398	0.323433	0.524563	0.250000	0.341449	0.011676
1.561089	0.591398	0.323433	0.524563	0.250000	0.341449	0.011676
1.570999	0.591398	0.323433	0.524563	0.250000	0.341449	0.011676
1.580993	0.591398	0.323433	0.524563	0.250000	0.341449	0.011676
1.591545	0.591398	0.323433	0.524563	0.250000	0.341449	0.011676
1.601035	0.591398	0.323433	0.524563	0.250000	0.341449	0.011676
1.611068	0.603667	0.330998	0.552003	0.250000	0.314606	0.010641
1.621115	0.603667	0.330998	0.552003	0.250000	0.314606	0.010641
1.631099	0.615590	0.338829	0.577416	0.250000	0.289058	0.009642
1.641377	0.615590	0.338829	0.577416	0.250000	0.289058	0.009642
1.651123	0.615590	0.338829	0.577416	0.250000	0.289058	0.009642
1.661064	0.615590	0.338829	0.577416	0.250000	0.289058	0.009642
1.671047	0.615590	0.338829	0.577416	0.250000	0.289058	0.009642
1.681401	0.615590	0.338829	0.577416	0.250000	0.289058	0.009642
1.691104	0.615590	0.338829	0.577416	0.250000	0.289058	0.009642
1.701860	0.615590	0.338829	0.577416	0.250000	0.289058	0.009642
1.711666	0.615590	0.338829	0.577416	0.250000	0.289058	0.009642
1.721437	0.626789	0.344947	0.595715	0.250000	0.284883	0.010156
1.731244	0.626789	0.344947	0.595715	0.250000	0.284883	0.010156
1.741816	0.626789	0.344947	0.595715	0.250000	0.284883	0.010156
1.751073	0.626789	0.344947	0.595715	0.250000	0.284883	0.010156
1.761204	0.636513	0.353185	0.615974	0.250000	0.246150	0.007972
1.771134	0.636513	0.353185	0.615974	0.250000	0.246150	0.007972
1.781041	0.636513	0.353185	0.615974	0.250000	0.246150	0.007972
1.791154	0.643614	0.360365	0.634121	0.250000	0.205451	0.005507
1.801064	0.643614	0.360365	0.634121	0.250000	0.205451	0.005507
1.811178	0.643614	0.360365	0.634121	0.250000	0.205451	0.005507
1.821010	0.643614	0.360365	0.634121	0.250000	0.205451	0.005507
1.831048	0.650922	0.367435	0.653953	0.250000	0.162509	0.003054
1.841160	0.650922	0.367435	0.653953	0.250000	0.162509	0.003054
1.851180	0.650922	0.367435	0.653953	0.250000	0.162509	0.003054
1.861952	0.650922	0.367435	0.653953	0.250000	0.162509	0.003054
1.871505	0.650922	0.367435	0.653953	0.250000	0.162509	0.003054
1.881452	0.650922	0.367435	0.653953	0.250000	0.162509	0.003054
1.891132	0.650922	0.367435	0.653953	0.250000	0.162509	0.003054
1.901014	0.659476	0.373725	0.677582	0.250000	0.125761	0.001488
1.911691	0.659476	0.373725	0.677582	0.250000	0.125761	0.001488
1.921443	0.659476	0.373725	0.677582	0.250000	0.125761	0.001488
1.931246	0.659476	0.373725	0.677582	0.250000	0.125761	0.001488
1.943936	0.670411	0.382212	0.698111	0.250000	0.095150	0.000224
1.951747	0.670411	0.382212	0.698111	0.250000	0.095150	0.000224
1.961488	0.670411	0.382212	0.698111	0.250000	0.095150	0.000224
1.971119	0.670411	0.382212	0.698111	0.250000	0.095150	0.000224
1.981068	0.670411	0.382212	0.698111	0.250000	0.095150	0.000224
1.991830	0.670411	0.382212	0.698111	0.250000	0.095150	0.000224
2.001172	0.670411	0.382212	0.698111	0.250000	0.095150	0.000224
2.011080	0.670411	0.382212	0.698111	0.250000	0.095150	0.000224
2.021024	0.681818	0.392920	0.718908	0.250000	0.058694	-0.001682
2.031774	0.681818	0.392920	0.718908	0.250000	0.058694	-0.001682
2.041039	0.681818	0.392920	0.718908	0.250000	0.058694	-0.001682
2.051105	0.681818	0.392920	0.718908	0.250000	0.058694	-0.001682
2.061052	0.692735	0.401469	0.747697	0.250000	0.006668	-0.003921
2.071061	0.692735	0.401469	0.747697	0.250000	0.006668	-0.003921
2.081558	0.692735	0.401469	0.747697	0.250000	0.006668	-0.003921
2.091362	0.692735	0.401469	0.747697	0.250000	0.006668	-0.003921
2.101061	0.692735	0.401469	0.747697	0.250000	0.006668	-0.003921
2.110987	0.692735	0.401469	0.747697	0.250000	0.006668	-0.003921
2.121651	0.692735	0.401469	0.747697	0.250000	0.006668	-0.003921
2.131318	0.703225	0.411099	0.763267	0.250000	-0.019424	-0.005129
2.142081	0.703225	0.411099	0.763267	0.250000	-0.019424	-0.005129
2.151058	0.703225	0.411099	0.763267	0.250000	-0.019424	-0.005129
2.161119	0.703225	0.411099	0.763267	0.250000	-0.019424	-0.005129
2.171156	0.710605	0.419054	0.779042	0.250000	-0.060631	-0.007456
2.181114	0.710605	0.419054	0.779042	0.250000	-0.060631	-0.007456
2.191013	0.710605	0.419054	0.779042	0.250000	-0.060631	-0.007456
2.201040	0.710605	0.419054	0.779042	0.250000	-0.060631	-0.007456
2.211339	0.710605	0.419054	0.779042	0.250000	-0.060631	-0.007456
2.221449	0.710605	0.419054	0.779042	0.250000	-0.060631	-0.007456
2.231827	0.710605	0.419054	0.779042	0.250000	-0.060631	-0.007456
2.241633	0.721769	0.431449	0.785427	0.250000	-0.081246	-0.008844
2.251141	0.721769	0.431449	0.785427	0.250000	-0.081246	-0.008844
2.261088	0.721769	0.431449	0.785427	0.250000	-0.081246	-0.008844
2.271834	0.730516	0.441049	0.799021	0.250000	-0.119301	-0.011003
2.281642	0.730516	0.441049	0.799021	0.250000	-0.119301	-0.011003
2.291409	0.730516	0.441049	0.799021	0.250000	-0.119301	-0.011003
2.301127	0.730516	0.441049	0.799021	0.250000	-0.119301	-0.011003
2.311884	0.741616	0.450496	0.811409	0.250000	-0.132691	-0.011141
2.322115	0.741616	0.450496	0.811409	0.250000	-0.132691	-0.011141
2.331432	0.741616	0.450496	0.811409	0.250000	-0.132691	-0.011141
2.341162	0.741616	0.450496	0.811409	0.250000	-0.132691	-0.011141
2.351902	0.741616	0.450496	0.811409	0.250000	-0.132691	-0.011141
2.361628	0.741616	0.450496	0.811409	0.250000	-0.132691	-0.011141
2.371396	0.746401	0.456287	0.807264	0.250000	-0.127922	-0.011085
2.381161	0.746401	0.456287	0.807264	0.250000	-0.127922	-0.011085
2.391931	0.746401	0.456287	0.807264	0.250000	-0.127922	-0.011085
2.401657	0.746401	0.456287	0.807264	0.250000	-0.127922	-0.011085
2.411230	0.746401	0.456287	0.807264	0.250000	-0.127922	-0.011085
2.421106	0.746401	0.456287	0.807264	0.250000	-0.127922	-0.011085
2.431933	0.754187	0.463773	0.809492	0.250000	-0.128414	-0.010897
2.441679	0.754187	0.463773	0.809492	0.250000	-0.128414	-0.010897
2.451040	0.754187	0.463773	0.809492	0.250000	-0.128414	-0.010897
2.461108	0.754187	0.463773	0.809492	0.250000	-0.128414	-0.010897
2.471037	0.754187	0.463773	0.809492	0.250000	-0.128414	-0.010897
2.481059	0.754187	0.463773	0.809492	0.250000	-0.128414	-0.010897
2.491497	0.754187	0.463773	0.809492	0.250000	-0.128414	-0.010897
2.501103	0.754187	0.463773	0.809492	0.250000	-0.128414	-0.010897
2.511048	0.762437	0.473018	0.807760	0.250000	-0.129478	-0.011050
2.521664	0.762437	0.473018	0.807760	0.250000	-0.129478	-0.011050
2.531008	0.762437	0.473018	0.807760	0.250000	-0.129478	-0.011050
2.542117	0.773980	0.484346	0.805748	0.250000	-0.120000	-0.010238
2.551035	0.773980	0.484346	0.805748	0.250000	-0.120000	-0.010238
2.561743	0.773980	0.484346	0.805748	0.250000	-0.120000	-0.010238
2.571210	0.782388	0.493610	0.791941	0.250000	-0.089924	-0.008680
2.581492	0.782388	0.493610	0.791941	0.250000	-0.089924	-0.008680
2.591127	0.782388	0.493610	0.791941	0.250000	-0.089924	-0.008680
2.601756	0.782388	0.493610	0.791941	0.250000	-0.089924	-0.008680
2.611513	0.782388	0.493610	0.791941	0.250000	-0.089924	-0.008680
2.621127	0.782388	0.493610	0.791941	0.250000	-0.089924	-0.008680
2.631121	0.782388	0.493610	0.791941	0.250000	-0.089924	-0.008680
2.641798	0.793724	0.503328	0.774262	0.250000	-0.029735	-0.004802
2.651089	0.793724	0.503328	0.774262	0.250000	-0.029735	-0.004802
2.661258	0.793724	0.503328	0.774262	0.250000	-0.029735	-0.004802
2.670983	0.793724	0.503328	0.774262	0.250000	-0.029735	-0.004802
2.681058	0.793724	0.503328	0.774262	0.250000	-0.029735	-0.004802
2.691533	0.800821	0.509951	0.786410	0.250000	-0.058653	-0.006021
2.701847	0.800821	0.509951	0.786410	0.250000	-0.058653	-0.006021
2.711192	0.800821	0.509951	0.786410	0.250000	-0.058653	-0.006021
2.721093	0.800821	0.509951	0.786410	0.250000	-0.058653	-0.006021
2.731095	0.800821	0.509951	0.786410	0.250000	-0.058653	-0.006021
2.741116	0.800821	0.509951	0.786410	0.250000	-0.058653	-0.006021
2.751080	0.800821	0.509951	0.786410	0.250000	-0.058653	-0.006021
2.761857	0.812731	0.519567	0.765193	0.250000	0.014067	-0.001296
2.771543	0.812731	0.519567	0.765193	0.250000	0.014067	-0.001296
2.781113	0.812731	0.519567	0.765193	0.250000	0.014067	-0.001296
2.791334	0.812731	0.519567	0.765193	0.250000	0.014067	-0.001296
2.801875	0.812731	0.519567	0.765193	0.250000	0.014067	-0.001296
2.811681	0.812731	0.519567	0.765193	0.250000	0.014067	-0.001296
2.821327	0.812731	0.519567	0.765193	0.250000	0.014067	-0.001296
2.831042	0.812731	0.519567	0.765193	0.250000	0.014067	-0.001296
2.841013	0.822233	0.528750	0.756229	0.250000	0.036694	0.000209
2.851029	0.822233	0.528750	0.756229	0.250000	0.036694	0.000209
2.861397	0.822233	0.528750	0.756229	0.250000	0.036694	0.000209
2.871155	0.822233	0.528750	0.756229	0.250000	0.036694	0.000209
2.881888	0.822233	0.528750	0.756229	0.250000	0.036694	0.000209
2.891620	0.822233	0.528750	0.756229	0.250000	0.036694	0.000209
2.901413	0.835953	0.541568	0.711599	0.250000	0.154324	0.007015
2.911161	0.835953	0.541568	0.711599	0.250000	0.154324	0.007015
2.921939	0.835953	0.541568	0.711599	0.250000	0.154324	0.007015
2.931673	0.835953	0.541568	0.711599	0.250000	0.154324	0.007015
2.941448	0.835953	0.541568	0.711599	0.250000	0.154324	0.007015
2.951267	0.835953	0.541568	0.711599	0.250000	0.154324	0.007015
2.961945	0.835953	0.541568	0.711599	0.250000	0.154324	0.007015
2.971012	0.835953	0.541568	0.711599	0.250000	0.154324	0.007015
2.981016	0.848163	0.552968	0.711668	0.250000	0.151097	0.007405
2.991082	0.848163	0.552968	0.711668	0.250000	0.151097	0.007405
3.001005	0.848163	0.552968	0.711668	0.250000	0.151097	0.007405
3.011103	0.848163	0.552968	0.711668	0.250000	0.151097	0.007405
3.021130	0.848163	0.552968	0.711668	0.250000	0.151097	0.007405
3.031269	0.860483	0.564141	0.697450	0.250000	0.186066	0.009843
3.041001	0.860483	0.564141	0.697450	0.250000	0.186066	0.009843
3.051748	0.860483	0.564141	0.697450	0.250000	0.186066	0.009843
3.061517	0.860483	0.564141	0.697450	0.250000	0.186066	0.009843
3.071226	0.860483	0.564141	0.697450	0.250000	0.186066	0.009843
3.083583	0.860483	0.564141	0.697450	0.250000	0.186066	0.009843
3.090999	0.872283	0.574307	0.722390	0.250000	0.123783	0.007278
3.101552	0.872283	0.574307	0.722390	0.250000	0.123783	0.007278
3.111203	0.872283	0.574307	0.722390	0.250000	0.123783	0.007278
3.121094	0.872283	0.574307	0.722390	0.250000	0.123783	0.007278
3.131123	0.872283	0.574307	0.722390	0.250000	0.123783	0.007278
3.141536	0.879720	0.583088	0.721570	0.250000	0.106705	0.006132
3.151349	0.879720	0.583088	0.721570	0.250000	0.106705	0.006132
3.161110	0.879720	0.583088	0.721570	0.250000	0.106705	0.006132
3.171845	0.879720	0.583088	0.721570	0.250000	0.106705	0.006132
3.181606	0.879720	0.583088	0.721570	0.250000	0.106705	0.006132
3.191356	0.879720	0.583088	0.721570	0.250000	0.106705	0.006132
3.201099	0.879720	0.583088	0.721570	0.250000	0.106705	0.006132
3.211865	0.891509	0.594296	0.728896	0.250000	0.081452	0.005000
3.221568	0.891509	0.594296	0.728896	0.250000	0.081452	0.005000
3.231165	0.891509	0.594296	0.728896	0.250000	0.081452	0.005000
3.241113	0.891509	0.594296	0.728896	0.250000	0.081452	0.005000
3.251839	0.891509	0.594296	0.728896	0.250000	0.081452	0.005000
3.261611	0.901113	0.603273	0.717879	0.250000	0.107172	0.006429
3.271113	0.901113	0.603273	0.717879	0.250000	0.107172	0.006429
3.281192	0.901113	0.603273	0.717879	0.250000	0.107172	0.006429
3.291283	0.901113	0.603273	0.717879	0.250000	0.107172	0.006429
3.301071	0.915713	0.613020	0.735643	0.250000	0.091961	0.006824
3.311255	0.915713	0.613020	0.735643	0.250000	0.091961	0.006824
3.321144	0.915713	0.613020	0.735643	0.250000	0.091961	0.006824
3.331118	0.915713	0.613020	0.735643	0.250000	0.091961	0.006824
3.342117	0.915713	0.613020	0.735643	0.250000	0.091961	0.006824
3.351179	0.915713	0.613020	0.735643	0.250000	0.091961	0.006824
3.361360	0.915713	0.613020	0.735643	0.250000	0.091961	0.006824
3.371150	0.915713	0.613020	0.735643	0.250000	0.091961	0.006824
3.381114	0.927728	0.621306	0.784763	0.250000	-0.012308	0.002233
3.391281	0.927728	0.621306	0.784763	0.250000	-0.012308	0.002233
3.401175	0.927728	0.621306	0.784763	0.250000	-0.012308	0.002233
3.411068	0.927728	0.621306	0.784763	0.250000	-0.012308	0.002233
3.421113	0.927728	0.621306	0.784763	0.250000	-0.012308	0.002233
3.431114	0.939799	0.631000	0.800391	0.250000	-0.039679	0.001174
3.443120	0.939799	0.631000	0.800391	0.250000	-0.039679	0.001174
3.451122	0.939799	0.631000	0.800391	0.250000	-0.039679	0.001174
3.461116	0.939799	0.631000	0.800391	0.250000	-0.039679	0.001174
3.471403	0.939799	0.631000	0.800391	0.250000	-0.039679	0.001174
3.481132	0.939799	0.631000	0.800391	0.250000	-0.039679	0.001174
3.491106	0.939799	0.631000	0.800391	0.250000	-0.039679	0.001174
3.501098	0.939799	0.631000	0.800391	0.250000	-0.039679	0.001174
3.511152	0.946263	0.640042	0.801041	0.250000	-0.067128	-0.001199
3.521170	0.946263	0.640042	0.801041	0.250000	-0.067128	-0.001199
3.531128	0.946263	0.640042	0.801041	0.250000	-0.067128	-0.001199
3.541707	0.946263	0.640042	0.801041	0.250000	-0.067128	-0.001199
3.551490	0.946263	0.640042	0.801041	0.250000	-0.067128	-0.001199
3.561137	0.946263	0.640042	0.801041	0.250000	-0.067128	-0.001199
3.570977	0.956367	0.650607	0.782030	0.250000	-0.024048	0.000514
3.581793	0.956367	0.650607	0.782030	0.250000	-0.024048	0.000514
3.591534	0.956367	0.650607	0.782030	0.250000	-0.024048	0.000514
3.601256	0.956367	0.650607	0.782030	0.250000	-0.024048	0.000514
3.611059	0.956367	0.650607	0.782030	0.250000	-0.024048	0.000514
3.621751	0.956367	0.650607	0.782030	0.250000	-0.024048	0.000514
3.631434	0.967424	0.661058	0.783096	0.250000	-0.022567	0.000309
3.641245	0.967424	0.661058	0.783096	0.250000	-0.022567	0.000309
3.650986	0.967424	0.661058	0.783096	0.250000	-0.022567	0.000309
3.661009	0.967424	0.661058	0.783096	0.250000	-0.022567	0.000309
3.671314	0.967424	0.661058	0.783096	0.250000	-0.022567	0.000309
3.681093	0.967424	0.661058	0.783096	0.250000	-0.022567	0.000309
3.690988	0.967424	0.661058	0.783096	0.250000	-0.022567	0.000309
3.701758	0.982686	0.672160	0.820768	0.250000	-0.084928	-0.002449
3.711574	0.982686	0.672160	0.820768	0.250000	-0.084928	-0.002449
3.721317	0.982686	0.672160	0.820768	0.250000	-0.084928	-0.002449
3.731041	0.982686	0.672160	0.820768	0.250000	-0.084928	-0.002449
3.741912	0.982686	0.672160	0.820768	0.250000	-0.084928	-0.002449
3.751526	0.982686	0.672160	0.820768	0.250000	-0.084928	-0.002449
3.761065	0.982686	0.672160	0.820768	0.250000	-0.084928	-0.002449
3.771050	0.990049	0.681558	0.808067	0.250000	-0.064472	-0.002320
3.781045	0.990049	0.681558	0.808067	0.250000	-0.064472	-0.002320
3.791071	0.990049	0.681558	0.808067	0.250000	-0.064472	-0.002320
3.801034	0.999969	0.690424	0.832772	0.250000	-0.114566	-0.005033
3.811082	0.999969	0.690424	0.832772	0.250000	-0.114566	-0.005033
3.821830	0.999969	0.690424	0.832772	0.250000	-0.114566	-0.005033
3.831581	0.999969	0.690424	0.832772	0.250000	-0.114566	-0.005033
3.841343	1.008795	0.700064	0.796567	0.250000	-0.018165	-0.000677
3.851101	1.008795	0.700064	0.796567	0.250000	-0.018165	-0.000677
3.861827	1.008795	0.700064	0.796567	0.250000	-0.018165	-0.000677
3.871573	1.017795	0.706628	0.831969	0.250000	-0.080819	-0.003696
3.881367	1.017795	0.706628	0.831969	0.250000	-0.080819	-0.003696
3.891062	1.017795	0.706628	0.831969	0.250000	-0.080819	-0.003696
3.901848	1.017795	0.706628	0.831969	0.250000	-0.080819	-0.003696
3.911088	1.017795	0.706628	0.831969	0.250000	-0.080819	-0.003696
3.921339	1.023939	0.714422	0.795125	0.250000	0.013680	0.000287
3.931168	1.023939	0.714422	0.795125	0.250000	0.013680	0.000287
3.941852	1.023939	0.714422	0.795125	0.250000	0.013680	0.000287
3.951081	1.023939	0.714422	0.795125	0.250000	0.013680	0.000287
3.961075	1.029365	0.719770	0.784943	0.250000	0.050531	0.001916
3.971230	1.029365	0.719770	0.784943	0.250000	0.050531	0.001916
3.981037	1.029365	0.719770	0.784943	0.250000	0.050531	0.001916
3.991116	1.029365	0.719770	0.784943	0.250000	0.050531	0.001916
4.001115	1.029365	0.719770	0.784943	0.250000	0.050531	0.001916
4.011183	1.029365	0.719770	0.784943	0.250000	0.050531	0.001916
4.021046	1.029365	0.719770	0.784943	0.250000	0.050531	0.001916
4.031702	1.029365	0.719770	0.784943	0.250000	0.050531	0.001916
4.041465	1.029365	0.719770	0.784943	0.250000	0.050531	0.001916
4.051183	1.029365	0.719770	0.784943	0.250000	0.050531	0.001916
4.061917	1.029365	0.719770	0.784943	0.250000	0.050531	0.001916
4.071741	1.042399	0.731182	0.746195	0.250000	0.187097	0.008801
4.081125	1.042399	0.731182	0.746195	0.250000	0.187097	0.008801
4.091179	1.042399	0.731182	0.746195	0.250000	0.187097	0.008801
4.102003	1.042399	0.731182	0.746195	0.250000	0.187097	0.008801
4.111744	1.051510	0.739297	0.737956	0.250000	0.244687	0.011505
4.121474	1.051510	0.739297	0.737956	0.250000	0.244687	0.011505
4.131113	1.051510	0.739297	0.737956	0.250000	0.244687	0.011505
4.141103	1.051510	0.739297	0.737956	0.250000	0.244687	0.011505
4.151079	1.051510	0.739297	0.737956	0.250000	0.244687	0.011505
4.161068	1.059599	0.746833	0.731497	0.250000	0.289128	0.013528
4.171155	1.059599	0.746833	0.731497	0.250000	0.289128	0.013528
4.181071	1.059599	0.746833	0.731497	0.250000	0.289128	0.013528
4.191176	1.059599	0.746833	0.731497	0.250000	0.289128	0.013528
4.201514	1.059599	0.746833	0.731497	0.250000	0.289128	0.013528
4.211208	1.059599	0.746833	0.731497	0.250000	0.289128	0.013528
4.222337	1.059599	0.746833	0.731497	0.250000	0.289128	0.013528
4.231117	1.065321	0.753388	0.719621	0.250000	0.328983	0.015062
4.241070	1.065321	0.753388	0.719621	0.250000	0.328983	0.015062
4.251166	1.065321	0.753388	0.719621	0.250000	0.328983	0.015062
4.261008	1.065321	0.753388	0.719621	0.250000	0.328983	0.015062
4.271705	1.065321	0.753388	0.719621	0.250000	0.328983	0.015062
4.281033	1.075234	0.762656	0.717506	0.250000	0.365421	0.016642
4.291332	1.075234	0.762656	0.717506	0.250000	0.365421	0.016642
4.301026	1.075234	0.762656	0.717506	0.250000	0.365421	0.016642
4.311919	1.091609	0.775291	0.732606	0.250000	0.422998	0.019899
4.321115	1.091609	0.775291	0.732606	0.250000	0.422998	0.019899
4.333227	1.091609	0.775291	0.732606	0.250000	0.422998	0.019899
4.340998	1.103578	0.783882	0.753776	0.250000	0.446865	0.021575
4.351836	1.103578	0.783882	0.753776	0.250000	0.446865	0.021575
4.361570	1.103578	0.783882	0.753776	0.250000	0.446865	0.021575
4.371321	1.103578	0.783882	0.753776	0.250000	0.446865	0.021575
4.381166	1.103578	0.783882	0.753776	0.250000	0.446865	0.021575
4.391814	1.103578	0.783882	0.753776	0.250000	0.446865	0.021575
4.401585	1.103578	0.783882	0.753776	0.250000	0.446865	0.021575
4.411135	1.103578	0.783882	0.753776	0.250000	0.446865	0.021575
4.421096	1.103578	0.783882	0.753776	0.250000	0.446865	0.021575
4.431873	1.116334	0.793284	0.775483	0.250000	0.475107	0.023524
4.441628	1.116334	0.793284	0.775483	0.250000	0.475107	0.023524
4.451383	1.116334	0.793284	0.775483	0.250000	0.475107	0.023524
4.461121	1.116334	0.793284	0.775483	0.250000	0.475107	0.023524
4.471058	1.122765	0.800615	0.788997	0.250000	0.480722	0.023225
4.481093	1.122765	0.800615	0.788997	0.250000	0.480722	0.023225
4.491077	1.122765	0.800615	0.788997	0.250000	0.480722	0.023225
4.501142	1.122765	0.800615	0.788997	0.250000	0.480722	0.023225
4.511866	1.122765	0.800615	0.788997	0.250000	0.480722	0.023225
4.521622	1.122765	0.800615	0.788997	0.250000	0.480722	0.023225
4.531402	1.130531	0.810392	0.809434	0.250000	0.464355	0.021478
4.541251	1.130531	0.810392	0.809434	0.250000	0.464355	0.021478
4.551922	1.130531	0.810392	0.809434	0.250000	0.464355	0.021478
4.561630	1.130531	0.810392	0.809434	0.250000	0.464355	0.021478
4.571433	1.130531	0.810392	0.809434	0.250000	0.464355	0.021478
4.581150	1.130531	0.810392	0.809434	0.250000	0.464355	0.021478
4.591898	1.130531	0.810392	0.809434	0.250000	0.464355	0.021478
4.601399	1.138856	0.821561	0.842508	0.250000	0.432103	0.018615
4.611442	1.138856	0.821561	0.842508	0.250000	0.432103	0.018615
4.621195	1.138856	0.821561	0.842508	0.250000	0.432103	0.018615
4.631232	1.138856	0.821561	0.842508	0.250000	0.432103	0.018615
4.641656	1.145781	0.831570	0.869516	0.250000	0.418244	0.016685
4.651427	1.145781	0.831570	0.869516	0.250000	0.418244	0.016685
4.661078	1.145781	0.831570	0.869516	0.250000	0.418244	0.016685
4.671507	1.145781	0.831570	0.869516	0.250000	0.418244	0.016685
4.681711	1.145781	0.831570	0.869516	0.250000	0.418244	0.016685
4.691463	1.145781	0.831570	0.869516	0.250000	0.418244	0.016685
4.701168	1.155557	0.842781	0.909452	0.250000	0.394735	0.014886
4.711610	1.155557	0.842781	0.909452	0.250000	0.394735	0.014886
4.721911	1.155557	0.842781	0.909452	0.250000	0.394735	0.014886
4.731499	1.155557	0.842781	0.909452	0.250000	0.394735	0.014886
4.742724	1.155557	0.842781	0.909452	0.250000	0.394735	0.014886
4.750996	1.155557	0.842781	0.909452	0.250000	0.394735	0.014886
4.761024	1.155557	0.842781	0.909452	0.250000	0.394735	0.014886
4.771069	1.166792	0.850642	0.942282	0.250000	0.415483	0.017012
4.781693	1.166792	0.850642	0.942282	0.250000	0.415483	0.017012
4.790993	1.166792	0.850642	0.942282	0.250000	0.415483	0.017012
4.801744	1.166792	0.850642	0.942282	0.250000	0.415483	0.017012
4.811521	1.166792	0.850642	0.942282	0.250000	0.415483	0.017012
4.821264	1.166792	0.850642	0.942282	0.250000	0.415483	0.017012
4.830997	1.176646	0.865375	0.989776	0.250000	0.384523	0.014192
4.841801	1.176646	0.865375	0.989776	0.250000	0.384523	0.014192
4.851555	1.176646	0.865375	0.989776	0.250000	0.384523	0.014192
4.861269	1.176646	0.865375	0.989776	0.250000	0.384523	0.014192
4.871051	1.176646	0.865375	0.989776	0.250000	0.384523	0.014192
4.881800	1.176646	0.865375	0.989776	0.250000	0.384523	0.014192
4.891474	1.176646	0.865375	0.989776	0.250000	0.384523	0.014192
4.901297	1.176646	0.865375	0.989776	0.250000	0.384523	0.014192
4.911071	1.176646	0.865375	0.989776	0.250000	0.384523	0.014192
4.921052	1.182080	0.878099	1.022868	0.250000	0.369221	0.011436
4.931595	1.182080	0.878099	1.022868	0.250000	0.369221	0.011436
4.941553	1.187443	0.898012	1.058377	0.250000	0.333402	0.006292
4.951061	1.187443	0.898012	1.058377	0.250000	0.333402	0.006292
4.961803	1.187443	0.898012	1.058377	0.250000	0.333402	0.006292
4.971031	1.187443	0.898012	1.058377	0.250000	0.333402	0.006292
4.981113	1.197264	0.909800	1.090180	0.250000	0.370421	0.008671
4.991121	1.197264	0.909800	1.090180	0.250000	0.370421	0.008671
5.001866	1.197264	0.909800	1.090180	0.250000	0.370421	0.008671
5.011611	1.197264	0.909800	1.090180	0.250000	0.370421	0.008671
5.021119	1.197264	0.909800	1.090180	0.250000	0.370421	0.008671
5.031083	1.197264	0.909800	1.090180	0.250000	0.370421	0.008671
5.042399	1.203302	0.922061	1.111432	0.250000	0.377828	0.008537
5.051614	1.203302	0.922061	1.111432	0.250000	0.377828	0.008537
5.061311	1.203302	0.922061	1.111432	0.250000	0.377828	0.008537
5.071078	1.203302	0.922061	1.111432	0.250000	0.377828	0.008537
5.083784	1.203302	0.922061	1.111432	0.250000	0.377828	0.008537
5.091107	1.203302	0.922061	1.111432	0.250000	0.377828	0.008537
5.101372	1.202933	0.924828	1.138704	0.250000	0.310322	0.004321
5.111306	1.202933	0.924828	1.138704	0.250000	0.310322	0.004321
5.121325	1.202933	0.924828	1.138704	0.250000	0.310322	0.004321
5.131661	1.202933	0.924828	1.138704	0.250000	0.310322	0.004321
5.141402	1.206313	0.935842	1.169757	0.250000	0.297799	0.002539
5.151247	1.206313	0.935842	1.169757	0.250000	0.297799	0.002539
5.161914	1.206313	0.935842	1.169757	0.250000	0.297799	0.002539
5.172678	1.206313	0.935842	1.169757	0.250000	0.297799	0.002539
5.181391	1.206313	0.935842	1.169757	0.250000	0.297799	0.002539
5.191102	1.206313	0.935842	1.169757	0.250000	0.297799	0.002539
5.201055	1.206313	0.935842	1.169757	0.250000	0.297799	0.002539
5.211060	1.206313	0.935842	1.169757	0.250000	0.297799	0.002539
5.221436	1.210400	0.943922	1.212137	0.250000	0.258732	0.000354
5.231184	1.210400	0.943922	1.212137	0.250000	0.258732	0.000354
5.241918	1.210400	0.943922	1.212137	0.250000	0.258732	0.000354
5.251719	1.218774	0.958849	1.243922	0.250000	0.293533	0.002678
5.261790	1.218774	0.958849	1.243922	0.250000	0.293533	0.002678
5.275159	1.218774	0.958849	1.243922	0.250000	0.293533	0.002678
5.280978	1.218774	0.958849	1.243922	0.250000	0.293533	0.002678
5.291752	1.218774	0.958849	1.243922	0.250000	0.293533	0.002678
5.301484	1.218774	0.958849	1.243922	0.250000	0.293533	0.002678
5.312530	1.218774	0.958849	1.243922	0.250000	0.293533	0.002678
5.321059	1.218774	0.958849	1.243922	0.250000	0.293533	0.002678
5.331748	1.218621	0.968874	1.275447	0.250000	0.235228	-0.001927
5.341513	1.218621	0.968874	1.275447	0.250000	0.235228	-0.001927
5.351129	1.218621	0.968874	1.275447	0.250000	0.235228	-0.001927
5.361076	1.218621	0.968874	1.275447	0.250000	0.235228	-0.001927
5.375657	1.218621	0.968874	1.275447	0.250000	0.235228	-0.001927
5.381484	1.218621	0.968874	1.275447	0.250000	0.235228	-0.001927
5.391399	1.218621	0.968874	1.275447	0.250000	0.235228	-0.001927
5.401024	1.218621	0.968874	1.275447	0.250000	0.235228	-0.001927
5.411123	1.222980	0.988541	1.307054	0.250000	0.244142	-0.002400
5.421100	1.222980	0.988541	1.307054	0.250000	0.244142	-0.002400
5.431130	1.222980	0.988541	1.307054	0.250000	0.244142	-0.002400
5.441048	1.222980	0.988541	1.307054	0.250000	0.244142	-0.002400
5.451800	1.222980	0.988541	1.307054	0.250000	0.244142	-0.002400
5.461524	1.226266	1.003783	1.343152	0.250000	0.229888	-0.003555
5.471940	1.226266	1.003783	1.343152	0.250000	0.229888	-0.003555
5.481050	1.226266	1.003783	1.343152	0.250000	0.229888	-0.003555
5.491012	1.226266	1.003783	1.343152	0.250000	0.229888	-0.003555
5.501105	1.226266	1.003783	1.343152	0.250000	0.229888	-0.003555
5.511107	1.226266	1.003783	1.343152	0.250000	0.229888	-0.003555
5.521070	1.226266	1.003783	1.343152	0.250000	0.229888	-0.003555
5.531791	1.226266	1.003783	1.343152	0.250000	0.229888	-0.003555
5.541601	1.229559	1.020014	1.373220	0.250000	0.258058	-0.002275
5.551366	1.229559	1.020014	1.373220	0.250000	0.258058	-0.002275
5.561131	1.229559	1.020014	1.373220	0.250000	0.258058	-0.002275
5.571748	1.229559	1.020014	1.373220	0.250000	0.258058	-0.002275
5.581073	1.229559	1.020014	1.373220	0.250000	0.258058	-0.002275
5.591287	1.229559	1.020014	1.373220	0.250000	0.258058	-0.002275
5.601161	1.229559	1.020014	1.373220	0.250000	0.258058	-0.002275
5.611758	1.229559	1.020014	1.373220	0.250000	0.258058	-0.002275
5.621056	1.229559	1.020014	1.373220	0.250000	0.258058	-0.002275
5.631375	1.230240	1.032224	1.402683	0.250000	0.227693	-0.004419
5.641448	1.230240	1.032224	1.402683	0.250000	0.227693	-0.004419
5.651930	1.230240	1.032224	1.402683	0.250000	0.227693	-0.004419
5.661655	1.230240	1.032224	1.402683	0.250000	0.227693	-0.004419
5.671372	1.230240	1.032224	1.402683	0.250000	0.227693	-0.004419
5.681154	1.230240	1.032224	1.402683	0.250000	0.227693	-0.004419
5.691910	1.230240	1.032224	1.402683	0.250000	0.227693	-0.004419
5.701392	1.230240	1.032224	1.402683	0.250000	0.227693	-0.004419
5.711136	1.227356	1.047427	1.428602	0.250000	0.185559	-0.008450
5.721170	1.227356	1.047427	1.428602	0.250000	0.185559	-0.008450
5.731945	1.227356	1.047427	1.428602	0.250000	0.185559	-0.008450
5.741658	1.226457	1.063315	1.446144	0.250000	0.193781	-0.008851
5.751432	1.226457	1.063315	1.446144	0.250000	0.193781	-0.008851
5.761066	1.226457	1.063315	1.446144	0.250000	0.193781	-0.008851
5.771082	1.228552	1.077720	1.461628	0.250000	0.227025	-0.006604
5.781076	1.228552	1.077720	1.461628	0.250000	0.227025	-0.006604
5.791113	1.228552	1.077720	1.461628	0.250000	0.227025	-0.006604
5.801121	1.228552	1.077720	1.461628	0.250000	0.227025	-0.006604
5.811117	1.228552	1.077720	1.461628	0.250000	0.227025	-0.006604
5.821067	1.228552	1.077720	1.461628	0.250000	0.227025	-0.006604
5.831076	1.228552	1.077720	1.461628	0.250000	0.227025	-0.006604
5.841151	1.228552	1.077720	1.461628	0.250000	0.227025	-0.006604
5.851052	1.228552	1.077720	1.461628	0.250000	0.227025	-0.006604
5.861668	1.233354	1.097041	1.640827	0.250000	-0.095984	-0.021978
5.871422	1.233354	1.097041	1.640827	0.250000	-0.095984	-0.021978
5.881090	1.233354	1.097041	1.640827	0.250000	-0.095984	-0.021978
5.891025	1.233354	1.097041	1.640827	0.250000	-0.095984	-0.021978
5.901094	1.241030	1.118070	1.666842	0.250000	0.006104	-0.013125
