t	x(t)	y(t)	theta(t)	v(t)	gamma(t)	efa
0.002684	1.264091	0.895475	1.049656	0.250000	0.098946	0.017799
0.003159	1.264091	0.895475	1.049656	0.250000	0.098946	0.017799
0.014008	1.264091	0.895475	1.049656	0.250000	0.098946	0.017799
0.024004	1.264091	0.895475	1.049656	0.250000	0.098946	0.017799
0.033782	1.264091	0.895475	1.049656	0.250000	0.098946	0.017799
0.043679	1.264091	0.895475	1.049656	0.250000	0.098946	0.017799
0.053981	1.264091	0.895475	1.049656	0.250000	0.098946	0.017799
0.064158	1.264091	0.895475	1.049656	0.250000	0.098946	0.017799
0.073742	1.264091	0.895475	1.049656	0.250000	0.098946	0.017799
0.084224	1.264091	0.895475	1.049656	0.250000	0.098946	0.017799
0.093794	1.264091	0.895475	1.049656	0.250000	0.098946	0.017799
0.104070	1.264091	0.895475	1.049656	0.250000	0.098946	0.017799
0.113991	1.264091	0.895475	1.049656	0.250000	0.098946	0.017799
0.124790	1.264091	0.895475	1.049656	0.250000	0.098946	0.017799
0.133846	1.264091	0.895475	1.049656	0.250000	0.098946	0.017799
0.143573	1.264091	0.895475	1.049656	0.250000	0.098946	0.017799
0.153888	1.264091	0.895475	1.049656	0.250000	0.098946	0.017799
0.163603	1.264091	0.895475	1.049656	0.250000	0.098946	0.017799
0.173771	1.264091	0.895475	1.049656	0.250000	0.098946	0.017799
0.183199	1.264091	0.895475	1.049656	0.250000	0.098946	0.017799
0.193866	1.264091	0.895475	1.049656	0.250000	0.098946	0.017799
0.203677	1.264091	0.895475	1.049656	0.250000	0.098946	0.017799
0.213935	1.264091	0.895475	1.049656	0.250000	0.098946	0.017799
0.223775	1.264091	0.895475	1.049656	0.250000	0.098946	0.017799
0.234034	1.263152	0.894649	1.050772	0.250000	0.091410	0.017241
0.243221	1.263152	0.894649	1.050772	0.250000	0.091410	0.017241
0.253859	1.263152	0.894649	1.050772	0.250000	0.091410	0.017241
0.263373	1.263152	0.894649	1.050772	0.250000	0.091410	0.017241
0.274307	1.263152	0.894649	1.050772	0.250000	0.091410	0.017241
0.283875	1.263152	0.894649	1.050772	0.250000	0.091410	0.017241
0.294093	1.263152	0.894649	1.050772	0.250000	0.091410	0.017241
0.303386	1.263152	0.894649	1.050772	0.250000	0.091410	0.017241
0.313335	1.265440	0.898651	1.050427	0.250000	0.071418	0.016619
0.324147	1.265440	0.898651	1.050427	0.250000	0.071418	0.016619
0.334020	1.265440	0.898651	1.050427	0.250000	0.071418	0.016619
0.343806	1.265440	0.898651	1.050427	0.250000	0.071418	0.016619
0.353726	1.265440	0.898651	1.050427	0.250000	0.071418	0.016619
0.363939	1.265440	0.898651	1.050427	0.250000	0.071418	0.016619
0.373609	1.269497	0.904764	1.051209	0.250000	0.056048	0.016258
0.383246	1.269497	0.904764	1.051209	0.250000	0.056048	0.016258
0.393644	1.269497	0.904764	1.051209	0.250000	0.056048	0.016258
0.403424	1.269497	0.904764	1.051209	0.250000	0.056048	0.016258
0.413335	1.269497	0.904764	1.051209	0.250000	0.056048	0.016258
0.423231	1.269497	0.904764	1.051209	0.250000	0.056048	0.016258
0.433434	1.269497	0.904764	1.051209	0.250000	0.056048	0.016258
0.443280	1.278960	0.919733	1.047622	0.250000	0.025619	0.014666
0.453200	1.278960	0.919733	1.047622	0.250000	0.025619	0.014666
0.463227	1.278960	0.919733	1.047622	0.250000	0.025619	0.014666
0.473619	1.278960	0.919733	1.047622	0.250000	0.025619	0.014666
0.483263	1.278960	0.919733	1.047622	0.250000	0.025619	0.014666
0.493623	1.278960	0.919733	1.047622	0.250000	0.025619	0.014666
0.503248	1.278960	0.919733	1.047622	0.250000	0.025619	0.014666
0.513438	1.288357	0.934364	1.049247	0.250000	0.016092	0.012895
0.523746	1.288357	0.934364	1.049247	0.250000	0.016092	0.012895
0.533790	1.288357	0.934364	1.049247	0.250000	0.016092	0.012895
0.544557	1.288357	0.934364	1.049247	0.250000	0.016092	0.012895
0.553263	1.288357	0.934364	1.049247	0.250000	0.016092	0.012895
0.563383	1.288357	0.934364	1.049247	0.250000	0.016092	0.012895
0.573408	1.288357	0.934364	1.049247	0.250000	0.016092	0.012895
0.583647	1.301058	0.954758	1.054082	0.250000	0.055106	0.010539
0.593294	1.301058	0.954758	1.054082	0.250000	0.055106	0.010539
0.604071	1.301058	0.954758	1.054082	0.250000	0.055106	0.010539
0.613439	1.301058	0.954758	1.054082	0.250000	0.055106	0.010539
0.623295	1.301058	0.954758	1.054082	0.250000	0.055106	0.010539
0.633549	1.301058	0.954758	1.054082	0.250000	0.055106	0.010539
0.643722	1.301058	0.954758	1.054082	0.250000	0.055106	0.010539
0.653245	1.301058	0.954758	1.054082	0.250000	0.055106	0.010539
0.663278	1.313393	0.971513	1.063113	0.250000	0.192816	0.011535
0.673276	1.313393	0.971513	1.063113	0.250000	0.192816	0.011535
0.683249	1.313393	0.971513	1.063113	0.250000	0.192816	0.011535
0.693948	1.313393	0.971513	1.063113	0.250000	0.192816	0.011535
0.703939	1.313393	0.971513	1.063113	0.250000	0.192816	0.011535
0.713412	1.313393	0.971513	1.063113	0.250000	0.192816	0.011535
0.723262	1.320668	0.980940	1.068105	0.250000	0.305726	0.013537
0.734357	1.320668	0.980940	1.068105	0.250000	0.305726	0.013537
0.743692	1.320668	0.980940	1.068105	0.250000	0.305726	0.013537
0.753445	1.320668	0.980940	1.068105	0.250000	0.305726	0.013537
0.763242	1.320668	0.980940	1.068105	0.250000	0.305726	0.013537
0.773451	1.320668	0.980940	1.068105	0.250000	0.305726	0.013537
0.783381	1.320668	0.980940	1.068105	0.250000	0.305726	0.013537
0.793460	1.320668	0.980940	1.068105	0.250000	0.305726	0.013537
0.803301	1.330750	0.995766	1.072277	0.250000	0.530223	0.018018
0.813969	1.330750	0.995766	1.072277	0.250000	0.530223	0.018018
0.823720	1.330750	0.995766	1.072277	0.250000	0.530223	0.018018
0.833535	1.330750	0.995766	1.072277	0.250000	0.530223	0.018018
0.843226	1.330750	0.995766	1.072277	0.250000	0.530223	0.018018
0.854013	1.330750	0.995766	1.072277	0.250000	0.530223	0.018018
0.863228	1.330750	0.995766	1.072277	0.250000	0.530223	0.018018
0.873961	1.330750	0.995766	1.072277	0.250000	0.530223	0.018018
0.883236	1.330750	0.995766	1.072277	0.250000	0.530223	0.018018
0.894085	1.330750	0.995766	1.072277	0.250000	0.530223	0.018018
0.903728	1.330750	0.995766	1.072277	0.250000	0.530223	0.018018
0.913670	1.330750	0.995766	1.072277	0.250000	0.530223	0.018018
0.923400	1.341292	1.013183	1.078139	0.250000	0.769968	0.023709
0.934203	1.341292	1.013183	1.078139	0.250000	0.769968	0.023709
0.944129	1.341292	1.013183	1.078139	0.250000	0.769968	0.023709
0.953521	1.341292	1.013183	1.078139	0.250000	0.769968	0.023709
0.963300	1.341292	1.013183	1.078139	0.250000	0.769968	0.023709
0.973763	1.341292	1.013183	1.078139	0.250000	0.769968	0.023709
0.983406	1.341292	1.013183	1.078139	0.250000	0.769968	0.023709
0.993469	1.341292	1.013183	1.078139	0.250000	0.769968	0.023709
1.003486	1.341292	1.013183	1.078139	0.250000	0.769968	0.023709
1.013964	1.356621	1.039292	1.083533	0.250000	1.096604	0.034216
1.023548	1.356621	1.039292	1.083533	0.250000	1.096604	0.034216
1.033299	1.356621	1.039292	1.083533	0.250000	1.096604	0.034216
1.043714	1.356621	1.039292	1.083533	0.250000	1.096604	0.034216
1.053511	1.356621	1.039292	1.083533	0.250000	1.096604	0.034216
1.063278	1.356621	1.039292	1.083533	0.250000	1.096604	0.034216
1.075000	1.356621	1.039292	1.083533	0.250000	1.096604	0.034216
1.083275	1.356621	1.039292	1.083533	0.250000	1.096604	0.034216
1.094142	1.356621	1.039292	1.083533	0.250000	1.096604	0.034216
1.103238	1.356621	1.039292	1.083533	0.250000	1.096604	0.034216
1.114251	1.356621	1.039292	1.083533	0.250000	1.096604	0.034216
1.123348	1.356621	1.039292	1.083533	0.250000	1.096604	0.034216
1.133479	1.356621	1.039292	1.083533	0.250000	1.096604	0.034216
1.143195	1.356621	1.039292	1.083533	0.250000	1.096604	0.034216
1.153663	1.367986	1.060203	1.093634	0.250000	1.290705	0.041805
1.164052	1.367986	1.060203	1.093634	0.250000	1.290705	0.041805
1.173242	1.367986	1.060203	1.093634	0.250000	1.290705	0.041805
1.183711	1.367986	1.060203	1.093634	0.250000	1.290705	0.041805
1.193264	1.367986	1.060203	1.093634	0.250000	1.290705	0.041805
1.203203	1.367986	1.060203	1.093634	0.250000	1.290705	0.041805
1.213277	1.367986	1.060203	1.093634	0.250000	1.290705	0.041805
1.223417	1.383768	1.086656	1.123603	0.250000	1.456613	0.050996
1.233229	1.383768	1.086656	1.123603	0.250000	1.456613	0.050996
1.243901	1.383768	1.086656	1.123603	0.250000	1.456613	0.050996
1.253953	1.383768	1.086656	1.123603	0.250000	1.456613	0.050996
1.263912	1.383768	1.086656	1.123603	0.250000	1.456613	0.050996
1.274574	1.383768	1.086656	1.123603	0.250000	1.456613	0.050996
1.284895	1.383768	1.086656	1.123603	0.250000	1.456613	0.050996
1.293747	1.399026	1.112485	1.168653	0.250000	1.594217	0.061686
1.303498	1.399026	1.112485	1.168653	0.250000	1.594217	0.061686
1.313332	1.399026	1.112485	1.168653	0.250000	1.594217	0.061686
1.323915	1.399026	1.112485	1.168653	0.250000	1.594217	0.061686
1.333412	1.399026	1.112485	1.168653	0.250000	1.594217	0.061686
1.343236	1.399026	1.112485	1.168653	0.250000	1.594217	0.061686
1.353513	1.410736	1.134167	1.220908	0.250000	1.654153	0.069505
1.363320	1.410736	1.134167	1.220908	0.250000	1.654153	0.069505
1.374142	1.410736	1.134167	1.220908	0.250000	1.654153	0.069505
1.383985	1.410736	1.134167	1.220908	0.250000	1.654153	0.069505
1.394038	1.410736	1.134167	1.220908	0.250000	1.654153	0.069505
1.403544	1.410736	1.134167	1.220908	0.250000	1.654153	0.069505
1.413839	1.410736	1.134167	1.220908	0.250000	1.654153	0.069505
1.423716	1.410736	1.134167	1.220908	0.250000	1.654153	0.069505
1.434031	1.409814	1.139166	1.266182	0.250000	1.654740	0.070846
1.443657	1.409814	1.139166	1.266182	0.250000	1.654740	0.070846
1.454182	1.409814	1.139166	1.266182	0.250000	1.654740	0.070846
1.463898	1.409814	1.139166	1.266182	0.250000	1.654740	0.070846
1.473543	1.409814	1.139166	1.266182	0.250000	1.654740	0.070846
1.483238	1.411356	1.149509	1.314956	0.250000	1.655416	0.073227
1.493872	1.411356	1.149509	1.314956	0.250000	1.655416	0.073227
1.503249	1.411356	1.149509	1.314956	0.250000	1.655416	0.073227
1.513239	1.411356	1.149509	1.314956	0.250000	1.655416	0.073227
1.523453	1.411356	1.149509	1.314956	0.250000	1.655416	0.073227
1.534001	1.411356	1.149509	1.314956	0.250000	1.655416	0.073227
1.543731	1.411356	1.149509	1.314956	0.250000	1.655416	0.073227
1.553201	1.411356	1.149509	1.314956	0.250000	1.655416	0.073227
1.563522	1.413750	1.161527	1.603724	0.250000	1.506240	0.079836
1.573343	1.413750	1.161527	1.603724	0.250000	1.506240	0.079836
1.583223	1.413750	1.161527	1.603724	0.250000	1.506240	0.079836
1.594128	1.413750	1.161527	1.603724	0.250000	1.506240	0.079836
1.603556	1.413750	1.161527	1.603724	0.250000	1.506240	0.079836
1.613598	1.413750	1.161527	1.603724	0.250000	1.506240	0.079836
1.623295	1.421449	1.183644	1.641577	0.250000	1.572505	0.093196
1.633456	1.421449	1.183644	1.641577	0.250000	1.572505	0.093196
1.643256	1.421449	1.183644	1.641577	0.250000	1.572505	0.093196
1.653224	1.421449	1.183644	1.641577	0.250000	1.572505	0.093196
1.663767	1.421449	1.183644	1.641577	0.250000	1.572505	0.093196
1.673279	1.421449	1.183644	1.641577	0.250000	1.572505	0.093196
1.683267	1.421449	1.183644	1.641577	0.250000	1.572505	0.093196
1.694097	1.421449	1.183644	1.641577	0.250000	1.572505	0.093196
1.703745	1.426732	1.203801	1.686934	0.250000	1.621312	0.106529
1.714053	1.426732	1.203801	1.686934	0.250000	1.621312	0.106529
1.723843	1.426732	1.203801	1.686934	0.250000	1.621312	0.106529
1.734188	1.426732	1.203801	1.686934	0.250000	1.621312	0.106529
1.743755	1.426732	1.203801	1.686934	0.250000	1.621312	0.106529
1.753554	1.426732	1.203801	1.686934	0.250000	1.621312	0.106529
1.763820	1.426732	1.203801	1.686934	0.250000	1.621312	0.106529
1.773323	1.427251	1.217330	1.493094	0.250000	1.816743	0.106879
1.783646	1.427251	1.217330	1.493094	0.250000	1.816743	0.106879
1.793661	1.427251	1.217330	1.493094	0.250000	1.816743	0.106879
1.803467	1.427251	1.217330	1.493094	0.250000	1.816743	0.106879
1.813288	1.427251	1.217330	1.493094	0.250000	1.816743	0.106879
1.823785	1.427251	1.217330	1.493094	0.250000	1.816743	0.106879
1.833710	1.427251	1.217330	1.493094	0.250000	1.816743	0.106879
1.843290	1.429595	1.236503	1.553861	0.250000	1.812763	0.117887
1.854056	1.429595	1.236503	1.553861	0.250000	1.812763	0.117887
1.863820	1.429595	1.236503	1.553861	0.250000	1.812763	0.117887
1.873560	1.429595	1.236503	1.553861	0.250000	1.812763	0.117887
1.883322	1.429595	1.236503	1.553861	0.250000	1.812763	0.117887
1.894236	1.429595	1.236503	1.553861	0.250000	1.812763	0.117887
1.904235	1.429595	1.236503	1.553861	0.250000	1.812763	0.117887
1.913650	1.429595	1.236503	1.553861	0.250000	1.812763	0.117887
1.923305	1.429595	1.236503	1.553861	0.250000	1.812763	0.117887
1.933792	1.429595	1.236503	1.553861	0.250000	1.812763	0.117887
1.943380	1.429595	1.236503	1.553861	0.250000	1.812763	0.117887
1.953429	1.429595	1.236503	1.553861	0.250000	1.812763	0.117887
1.963334	1.429595	1.236503	1.553861	0.250000	1.812763	0.117887
1.973473	1.429595	1.236503	1.553861	0.250000	1.812763	0.117887
1.983279	1.430209	1.259478	1.845573	0.250000	1.632694	0.136696
1.993420	1.430209	1.259478	1.845573	0.250000	1.632694	0.136696
2.003563	1.430209	1.259478	1.845573	0.250000	1.632694	0.136696
2.015070	1.430209	1.259478	1.845573	0.250000	1.632694	0.136696
2.023298	1.430209	1.259478	1.845573	0.250000	1.632694	0.136696
2.033419	1.430209	1.259478	1.845573	0.250000	1.632694	0.136696
2.043200	1.432187	1.292019	1.911565	0.250000	1.644310	0.157773
2.053941	1.432187	1.292019	1.911565	0.250000	1.644310	0.157773
2.063672	1.432187	1.292019	1.911565	0.250000	1.644310	0.157773
2.075415	1.432187	1.292019	1.911565	0.250000	1.644310	0.157773
2.085278	1.432187	1.292019	1.911565	0.250000	1.644310	0.157773
2.094356	1.432187	1.292019	1.911565	0.250000	1.644310	0.157773
2.103370	1.432187	1.292019	1.911565	0.250000	1.644310	0.157773
2.113677	1.432187	1.292019	1.911565	0.250000	1.644310	0.157773
2.123261	1.426090	1.312295	2.203032	0.250000	1.355252	0.156129
2.133959	1.426090	1.312295	2.203032	0.250000	1.355252	0.156129
2.143437	1.426090	1.312295	2.203032	0.250000	1.355252	0.156129
2.153508	1.426090	1.312295	2.203032	0.250000	1.355252	0.156129
2.163193	1.426090	1.312295	2.203032	0.250000	1.355252	0.156129
2.173470	1.426090	1.312295	2.203032	0.250000	1.355252	0.156129
2.183892	1.420465	1.328870	2.020035	0.250000	1.583713	0.174874
2.193495	1.420465	1.328870	2.020035	0.250000	1.583713	0.174874
2.203234	1.420465	1.328870	2.020035	0.250000	1.583713	0.174874
2.214399	1.420465	1.328870	2.020035	0.250000	1.583713	0.174874
2.223236	1.420465	1.328870	2.020035	0.250000	1.583713	0.174874
2.233510	1.420465	1.328870	2.020035	0.250000	1.583713	0.174874
2.243232	1.420465	1.328870	2.020035	0.250000	1.583713	0.174874
2.254021	1.412440	1.332496	2.255849	0.250000	1.309314	0.159121
2.263806	1.412440	1.332496	2.255849	0.250000	1.309314	0.159121
2.273492	1.412440	1.332496	2.255849	0.250000	1.309314	0.159121
2.284184	1.412440	1.332496	2.255849	0.250000	1.309314	0.159121
2.293395	1.412440	1.332496	2.255849	0.250000	1.309314	0.159121
2.303297	1.412440	1.332496	2.255849	0.250000	1.309314	0.159121
2.313711	1.414674	1.350753	2.233860	0.250000	1.371607	0.176254
2.323283	1.414674	1.350753	2.233860	0.250000	1.371607	0.176254
2.334048	1.414674	1.350753	2.233860	0.250000	1.371607	0.176254
2.343238	1.414674	1.350753	2.233860	0.250000	1.371607	0.176254
2.353776	1.414674	1.350753	2.233860	0.250000	1.371607	0.176254
2.363733	1.414674	1.350753	2.233860	0.250000	1.371607	0.176254
2.374019	1.414674	1.350753	2.233860	0.250000	1.371607	0.176254
2.383487	1.414674	1.350753	2.233860	0.250000	1.371607	0.176254
2.393523	1.410231	1.354501	2.209411	0.250000	1.400692	0.178561
2.403306	1.410231	1.354501	2.209411	0.250000	1.400692	0.178561
2.413205	1.410231	1.354501	2.209411	0.250000	1.400692	0.178561
2.423218	1.410231	1.354501	2.209411	0.250000	1.400692	0.178561
2.433576	1.410231	1.354501	2.209411	0.250000	1.400692	0.178561
2.445240	1.410231	1.354501	2.209411	0.250000	1.400692	0.178561
2.453261	1.410231	1.354501	2.209411	0.250000	1.400692	0.178561
2.463227	1.414860	1.372807	2.212032	0.250000	1.430347	0.195060
2.473543	1.414860	1.372807	2.212032	0.250000	1.430347	0.195060
2.483320	1.414860	1.372807	2.212032	0.250000	1.430347	0.195060
2.494175	1.414860	1.372807	2.212032	0.250000	1.430347	0.195060
2.503915	1.414860	1.372807	2.212032	0.250000	1.430347	0.195060
2.513607	1.414860	1.372807	2.212032	0.250000	1.430347	0.195060
2.523557	1.410806	1.375958	2.007205	0.250000	1.650357	0.203560
2.533674	1.410806	1.375958	2.007205	0.250000	1.650357	0.203560
2.544032	1.410806	1.375958	2.007205	0.250000	1.650357	0.203560
2.554025	1.410806	1.375958	2.007205	0.250000	1.650357	0.203560
2.564037	1.410806	1.375958	2.007205	0.250000	1.650357	0.203560
2.573728	1.410806	1.375958	2.007205	0.250000	1.650357	0.203560
2.583237	1.410806	1.375958	2.007205	0.250000	1.650357	0.203560
2.594114	1.412641	1.389860	2.007236	0.250000	1.668401	0.214685
2.603556	1.412641	1.389860	2.007236	0.250000	1.668401	0.214685
2.614867	1.412641	1.389860	2.007236	0.250000	1.668401	0.214685
2.623235	1.412641	1.389860	2.007236	0.250000	1.668401	0.214685
2.633214	1.412641	1.389860	2.007236	0.250000	1.668401	0.214685
2.643259	1.412641	1.389860	2.007236	0.250000	1.668401	0.214685
2.653702	1.412641	1.389860	2.007236	0.250000	1.668401	0.214685
2.663899	1.409880	1.394942	1.771025	0.250000	1.889417	0.205378
2.673667	1.409880	1.394942	1.771025	0.250000	1.889417	0.205378
2.683234	1.409880	1.394942	1.771025	0.250000	1.889417	0.205378
2.693309	1.409880	1.394942	1.771025	0.250000	1.889417	0.205378
2.703336	1.409880	1.394942	1.771025	0.250000	1.889417	0.205378
2.713883	1.409880	1.394942	1.771025	0.250000	1.889417	0.205378
2.723172	1.409880	1.394942	1.771025	0.250000	1.889417	0.205378
2.733918	1.408189	1.401865	2.010571	0.250000	1.672826	0.220397
2.743713	1.408189	1.401865	2.010571	0.250000	1.672826	0.220397
2.753795	1.408189	1.401865	2.010571	0.250000	1.672826	0.220397
2.764398	1.408189	1.401865	2.010571	0.250000	1.672826	0.220397
2.773274	1.408189	1.401865	2.010571	0.250000	1.672826	0.220397
2.783242	1.408189	1.401865	2.010571	0.250000	1.672826	0.220397
2.794033	1.408189	1.401865	2.010571	0.250000	1.672826	0.220397
2.803372	1.408189	1.401865	2.010571	0.250000	1.672826	0.220397
2.821837	1.408189	1.401865	2.010571	0.250000	1.672826	0.220397
2.824748	1.408189	1.401865	2.010571	0.250000	1.672826	0.220397
2.834027	1.408189	1.401865	2.010571	0.250000	1.672826	0.220397
2.843282	1.408189	1.401865	2.010571	0.250000	1.672826	0.220397
2.853260	1.408189	1.401865	2.010571	0.250000	1.672826	0.220397
2.863400	1.408189	1.401865	2.010571	0.250000	1.672826	0.220397
2.873647	1.407059	1.410081	2.006963	0.250000	1.683106	0.225313
2.883343	1.407059	1.410081	2.006963	0.250000	1.683106	0.225313
2.893776	1.407059	1.410081	2.006963	0.250000	1.683106	0.225313
2.972430	1.404200	1.419031	2.250048	0.250000	1.683106	0.225313
2.974300	1.404200	1.419031	2.250048	0.250000	1.431280	0.221172
2.983093	1.404200	1.419031	2.250048	0.250000	1.431280	0.221172
2.993639	1.404200	1.419031	2.250048	0.250000	1.431280	0.221172
3.003040	1.404200	1.419031	2.250048	0.250000	1.431280	0.221172
3.013601	1.404200	1.419031	2.250048	0.250000	1.431280	0.221172
3.023111	1.404200	1.419031	2.250048	0.250000	1.431280	0.221172
3.033321	1.406298	1.437551	1.986321	0.250000	1.727135	0.244725
3.043235	1.406298	1.437551	1.986321	0.250000	1.727135	0.244725
3.053809	1.406298	1.437551	1.986321	0.250000	1.727135	0.244725
3.063047	1.406298	1.437551	1.986321	0.250000	1.727135	0.244725
3.073409	1.406298	1.437551	1.986321	0.250000	1.727135	0.244725
3.083165	1.406298	1.437551	1.986321	0.250000	1.727135	0.244725
3.093013	1.406298	1.437551	1.986321	0.250000	1.727135	0.244725
3.103645	1.406298	1.437551	1.986321	0.250000	1.727135	0.244725
3.113488	1.407981	1.453273	1.986335	0.250000	1.740163	0.256268
3.123063	1.407981	1.453273	1.986335	0.250000	1.740163	0.256268
3.133978	1.407981	1.453273	1.986335	0.250000	1.740163	0.256268
3.143899	1.407981	1.453273	1.986335	0.250000	1.740163	0.256268
3.153444	1.407981	1.453273	1.986335	0.250000	1.740163	0.256268
3.163205	1.407981	1.453273	1.986335	0.250000	1.740163	0.256268
3.172894	1.409403	1.469516	1.724553	0.250000	1.986185	0.243168
3.183150	1.409403	1.469516	1.724553	0.250000	1.986185	0.243168
3.193139	1.409403	1.469516	1.724553	0.250000	1.986185	0.243168
3.203304	1.409403	1.469516	1.724553	0.250000	1.986185	0.243168
3.216017	1.409403	1.469516	1.724553	0.250000	1.986185	0.243168
3.223921	1.409403	1.469516	1.724553	0.250000	1.986185	0.243168
3.233478	1.409403	1.469516	1.724553	0.250000	1.986185	0.243168
3.243041	1.409403	1.469516	1.724553	0.250000	1.986185	0.243168
3.253417	1.409403	1.469516	1.724553	0.250000	1.986185	0.243168
3.263457	1.411478	1.484407	1.714649	0.250000	2.006709	0.251859
3.273833	1.411478	1.484407	1.714649	0.250000	2.006709	0.251859
3.288463	1.411478	1.484407	1.714649	0.250000	2.006709	0.251859
3.293141	1.411478	1.484407	1.714649	0.250000	2.006709	0.251859
3.303013	1.411478	1.484407	1.714649	0.250000	2.006709	0.251859
3.313524	1.411478	1.484407	1.714649	0.250000	2.006709	0.251859
3.323297	1.411478	1.484407	1.714649	0.250000	2.006709	0.251859
3.333079	1.411478	1.484407	1.714649	0.250000	2.006709	0.251859
3.342926	1.411478	1.484407	1.714649	0.250000	2.006709	0.251859
3.353554	1.411478	1.484407	1.714649	0.250000	2.006709	0.251859
3.363345	1.411478	1.484407	1.714649	0.250000	2.006709	0.251859
3.373023	1.410101	1.496195	1.995093	0.250000	1.759440	0.287716
3.383890	1.410101	1.496195	1.995093	0.250000	1.759440	0.287716
3.394055	1.410101	1.496195	1.995093	0.250000	1.759440	0.287716
3.403382	1.410101	1.496195	1.995093	0.250000	1.759440	0.287716
3.413108	1.410101	1.496195	1.995093	0.250000	1.759440	0.287716
3.422958	1.410101	1.496195	1.995093	0.250000	1.759440	0.287716
3.433610	1.407537	1.500976	1.986782	0.250000	1.768482	0.289601
3.443005	1.407537	1.500976	1.986782	0.250000	1.768482	0.289601
3.453709	1.407537	1.500976	1.986782	0.250000	1.768482	0.289601
3.462971	1.407537	1.500976	1.986782	0.250000	1.768482	0.289601
3.473209	1.407537	1.500976	1.986782	0.250000	1.768482	0.289601
3.483480	1.407537	1.500976	1.986782	0.250000	1.768482	0.289601
3.493346	1.407537	1.500976	1.986782	0.250000	1.768482	0.289601
3.503062	1.407537	1.500976	1.986782	0.250000	1.768482	0.289601
3.513351	1.405268	1.509832	1.977156	0.250000	1.780959	0.294516
3.523072	1.405268	1.509832	1.977156	0.250000	1.780959	0.294516
3.533928	1.405268	1.509832	1.977156	0.250000	1.780959	0.294516
3.543012	1.405268	1.509832	1.977156	0.250000	1.780959	0.294516
3.554065	1.405268	1.509832	1.977156	0.250000	1.780959	0.294516
3.563106	1.405268	1.509832	1.977156	0.250000	1.780959	0.294516
3.573026	1.405268	1.509832	1.977156	0.250000	1.780959	0.294516
3.583049	1.403340	1.517687	1.674101	0.250000	2.049245	0.259693
3.594467	1.403340	1.517687	1.674101	0.250000	2.049245	0.259693
3.603195	1.403340	1.517687	1.674101	0.250000	2.049245	0.259693
3.613078	1.403340	1.517687	1.674101	0.250000	2.049245	0.259693
3.623038	1.403340	1.517687	1.674101	0.250000	2.049245	0.259693
3.633481	1.403340	1.517687	1.674101	0.250000	2.049245	0.259693
3.643069	1.403340	1.517687	1.674101	0.250000	2.049245	0.259693
3.653006	1.403340	1.517687	1.674101	0.250000	2.049245	0.259693
3.663750	1.408391	1.541428	1.669982	0.250000	2.070480	0.275834
3.673458	1.408391	1.541428	1.669982	0.250000	2.070480	0.275834
3.683186	1.408391	1.541428	1.669982	0.250000	2.070480	0.275834
3.693045	1.408391	1.541428	1.669982	0.250000	2.070480	0.275834
3.703723	1.408391	1.541428	1.669982	0.250000	2.070480	0.275834
3.713446	1.408391	1.541428	1.669982	0.250000	2.070480	0.275834
3.723174	1.408391	1.541428	1.669982	0.250000	2.070480	0.275834
3.733033	1.404977	1.549077	1.964282	0.250000	1.809887	0.321347
3.743766	1.404977	1.549077	1.964282	0.250000	1.809887	0.321347
3.754027	1.404977	1.549077	1.964282	0.250000	1.809887	0.321347
3.763438	1.404977	1.549077	1.964282	0.250000	1.809887	0.321347
3.773077	1.404977	1.549077	1.964282	0.250000	1.809887	0.321347
3.783023	1.404977	1.549077	1.964282	0.250000	1.809887	0.321347
3.793493	1.404977	1.549077	1.964282	0.250000	1.809887	0.321347
3.803214	1.402353	1.554980	2.278076	0.250000	1.490837	0.322622
3.813122	1.402353	1.554980	2.278076	0.250000	1.490837	0.322622
3.823050	1.402353	1.554980	2.278076	0.250000	1.490837	0.322622
3.833512	1.402353	1.554980	2.278076	0.250000	1.490837	0.322622
3.843460	1.402353	1.554980	2.278076	0.250000	1.490837	0.322622
3.853032	1.402353	1.554980	2.278076	0.250000	1.490837	0.322622
3.863924	1.402353	1.554980	2.278076	0.250000	1.490837	0.322622
3.877440	1.402353	1.554980	2.278076	0.250000	1.490837	0.322622
3.883049	1.402353	1.554980	2.278076	0.250000	1.490837	0.322622
3.893028	1.402353	1.554980	2.278076	0.250000	1.490837	0.322622
3.903183	1.402353	1.554980	2.278076	0.250000	1.490837	0.322622
3.913088	1.402353	1.554980	2.278076	0.250000	1.490837	0.322622
3.923084	1.402353	1.554980	2.278076	0.250000	1.490837	0.322622
3.933139	1.401441	1.566504	2.584091	0.250000	1.156680	0.291262
3.943830	1.401441	1.566504	2.584091	0.250000	1.156680	0.291262
3.953570	1.401441	1.566504	2.584091	0.250000	1.156680	0.291262
3.963054	1.401441	1.566504	2.584091	0.250000	1.156680	0.291262
3.974130	1.401441	1.566504	2.584091	0.250000	1.156680	0.291262
3.983430	1.401441	1.566504	2.584091	0.250000	1.156680	0.291262
3.993742	1.401441	1.566504	2.584091	0.250000	1.156680	0.291262
4.003123	1.401441	1.566504	2.584091	0.250000	1.156680	0.291262
4.013333	1.401441	1.566504	2.584091	0.250000	1.156680	0.291262
4.023030	1.401441	1.566504	2.584091	0.250000	1.156680	0.291262
4.033012	1.401441	1.566504	2.584091	0.250000	1.156680	0.291262
4.043139	1.401441	1.566504	2.584091	0.250000	1.156680	0.291262
4.053519	1.401441	1.566504	2.584091	0.250000	1.156680	0.291262
4.063105	1.401441	1.566504	2.584091	0.250000	1.156680	0.291262
4.073220	1.401273	1.584107	2.599481	0.250000	1.146392	0.301555
4.083837	1.401273	1.584107	2.599481	0.250000	1.146392	0.301555
4.093647	1.401273	1.584107	2.599481	0.250000	1.146392	0.301555
4.103398	1.401273	1.584107	2.599481	0.250000	1.146392	0.301555
4.113225	1.401273	1.584107	2.599481	0.250000	1.146392	0.301555
4.122941	1.401273	1.584107	2.599481	0.250000	1.146392	0.301555
4.133758	1.401273	1.584107	2.599481	0.250000	1.146392	0.301555
4.143754	1.401838	1.605791	2.286313	0.250000	1.496998	0.360586
4.153413	1.401838	1.605791	2.286313	0.250000	1.496998	0.360586
4.163222	1.401838	1.605791	2.286313	0.250000	1.496998	0.360586
4.174080	1.401838	1.605791	2.286313	0.250000	1.496998	0.360586
4.183396	1.401838	1.605791	2.286313	0.250000	1.496998	0.360586
4.193608	1.401838	1.605791	2.286313	0.250000	1.496998	0.360586
4.203744	1.401838	1.605791	2.286313	0.250000	1.496998	0.360586
4.213618	1.401838	1.605791	2.286313	0.250000	1.496998	0.360586
4.223112	1.401838	1.605791	2.286313	0.250000	1.496998	0.360586
4.233901	1.401838	1.605791	2.286313	0.250000	1.496998	0.360586
4.243685	1.401838	1.605791	2.286313	0.250000	1.496998	0.360586
4.253451	1.401838	1.605791	2.286313	0.250000	1.496998	0.360586
4.263152	1.401838	1.605791	2.286313	0.250000	1.496998	0.360586
4.273888	1.397561	1.616570	2.297797	0.250000	1.483917	0.365384
4.283058	1.397561	1.616570	2.297797	0.250000	1.483917	0.365384
4.293403	1.397561	1.616570	2.297797	0.250000	1.483917	0.365384
4.303035	1.397561	1.616570	2.297797	0.250000	1.483917	0.365384
4.312951	1.397561	1.616570	2.297797	0.250000	1.483917	0.365384
4.322988	1.397561	1.616570	2.297797	0.250000	1.483917	0.365384
4.334038	1.397561	1.616570	2.297797	0.250000	1.483917	0.365384
4.343040	1.397561	1.616570	2.297797	0.250000	1.483917	0.365384
4.353042	1.397561	1.616570	2.297797	0.250000	1.483917	0.365384
4.363225	1.397561	1.616570	2.297797	0.250000	1.483917	0.365384
4.373472	1.397561	1.616570	2.297797	0.250000	1.483917	0.365384
4.383244	1.397561	1.616570	2.297797	0.250000	1.483917	0.365384
4.393086	1.397561	1.616570	2.297797	0.250000	1.483917	0.365384
4.403737	1.401012	1.637739	1.981776	0.250000	1.810958	0.384900
4.413604	1.401012	1.637739	1.981776	0.250000	1.810958	0.384900
4.423249	1.401012	1.637739	1.981776	0.250000	1.810958	0.384900
4.432981	1.401012	1.637739	1.981776	0.250000	1.810958	0.384900
4.442974	1.401012	1.637739	1.981776	0.250000	1.810958	0.384900
4.453480	1.401012	1.637739	1.981776	0.250000	1.810958	0.384900
4.463226	1.404880	1.657913	1.969817	0.250000	1.828067	0.400265
4.473063	1.404880	1.657913	1.969817	0.250000	1.828067	0.400265
4.483201	1.404880	1.657913	1.969817	0.250000	1.828067	0.400265
4.493504	1.404880	1.657913	1.969817	0.250000	1.828067	0.400265
4.503278	1.404880	1.657913	1.969817	0.250000	1.828067	0.400265
4.513045	1.404880	1.657913	1.969817	0.250000	1.828067	0.400265
4.523891	1.404880	1.657913	1.969817	0.250000	1.828067	0.400265
4.533534	1.404880	1.657913	1.969817	0.250000	1.828067	0.400265
4.543249	1.404880	1.657913	1.969817	0.250000	1.828067	0.400265
4.555782	1.404880	1.657913	1.969817	0.250000	1.828067	0.400265
4.563117	1.404880	1.657913	1.969817	0.250000	1.828067	0.400265
4.573563	1.404880	1.657913	1.969817	0.250000	1.828067	0.400265
4.583020	1.405303	1.673595	2.003563	0.250000	1.795795	0.415506
4.593273	1.405303	1.673595	2.003563	0.250000	1.795795	0.415506
4.603041	1.405303	1.673595	2.003563	0.250000	1.795795	0.415506
4.613579	1.405303	1.673595	2.003563	0.250000	1.795795	0.415506
4.623080	1.405303	1.673595	2.003563	0.250000	1.795795	0.415506
4.633055	1.405303	1.673595	2.003563	0.250000	1.795795	0.415506
4.643001	1.405303	1.673595	2.003563	0.250000	1.795795	0.415506
4.653623	1.408305	1.692868	2.011024	0.250000	1.790553	0.431951
4.665448	1.408305	1.692868	2.011024	0.250000	1.790553	0.431951
4.673192	1.408305	1.692868	2.011024	0.250000	1.790553	0.431951
4.683151	1.408305	1.692868	2.011024	0.250000	1.790553	0.431951
4.694588	1.408305	1.692868	2.011024	0.250000	1.790553	0.431951
4.703374	1.408305	1.692868	2.011024	0.250000	1.790553	0.431951
4.714937	1.408305	1.692868	2.011024	0.250000	1.790553	0.431951
4.723853	1.408305	1.692868	2.011024	0.250000	1.790553	0.431951
4.733562	1.402730	1.700349	2.040764	0.250000	1.757374	0.436444
4.743438	1.402730	1.700349	2.040764	0.250000	1.757374	0.436444
4.753137	1.402730	1.700349	2.040764	0.250000	1.757374	0.436444
4.764182	1.402730	1.700349	2.040764	0.250000	1.757374	0.436444
4.773614	1.402730	1.700349	2.040764	0.250000	1.757374	0.436444
4.783030	1.402730	1.700349	2.040764	0.250000	1.757374	0.436444
4.793160	1.402850	1.718592	1.719905	0.250000	2.060246	0.397494
4.803217	1.402850	1.718592	1.719905	0.250000	2.060246	0.397494
4.813103	1.402850	1.718592	1.719905	0.250000	2.060246	0.397494
4.823405	1.402850	1.718592	1.719905	0.250000	2.060246	0.397494
4.833194	1.402850	1.718592	1.719905	0.250000	2.060246	0.397494
4.842969	1.402850	1.718592	1.719905	0.250000	2.060246	0.397494
4.853676	1.402850	1.718592	1.719905	0.250000	2.060246	0.397494
4.863427	1.402850	1.718592	1.719905	0.250000	2.060246	0.397494
4.873262	1.402850	1.718592	1.719905	0.250000	2.060246	0.397494
4.883195	1.402850	1.718592	1.719905	0.250000	2.060246	0.397494
4.893674	1.402850	1.718592	1.719905	0.250000	2.060246	0.397494
4.903455	1.402850	1.718592	1.719905	0.250000	2.060246	0.397494
4.913196	1.402850	1.718592	1.719905	0.250000	2.060246	0.397494
4.923006	1.402850	1.718592	1.719905	0.250000	2.060246	0.397494
4.933642	1.394378	1.735870	1.784163	0.250000	2.000290	0.423057
4.943756	1.394378	1.735870	1.784163	0.250000	2.000290	0.423057
4.953299	1.394378	1.735870	1.784163	0.250000	2.000290	0.423057
4.963008	1.394378	1.735870	1.784163	0.250000	2.000290	0.423057
4.973932	1.394378	1.735870	1.784163	0.250000	2.000290	0.423057
4.983455	1.394378	1.735870	1.784163	0.250000	2.000290	0.423057
4.993222	1.394378	1.735870	1.784163	0.250000	2.000290	0.423057
5.003073	1.394378	1.735870	1.784163	0.250000	2.000290	0.423057
5.013039	1.394378	1.735870	1.784163	0.250000	2.000290	0.423057
5.023475	1.394378	1.735870	1.784163	0.250000	2.000290	0.423057
5.033440	1.394378	1.735870	1.784163	0.250000	2.000290	0.423057
5.043040	1.394378	1.735870	1.784163	0.250000	2.000290	0.423057
5.053787	1.394378	1.735870	1.784163	0.250000	2.000290	0.423057
5.063519	1.388451	1.769119	1.852564	0.250000	1.927102	0.458504
5.073391	1.388451	1.769119	1.852564	0.250000	1.927102	0.458504
5.083049	1.388451	1.769119	1.852564	0.250000	1.927102	0.458504
5.093762	1.388451	1.769119	1.852564	0.250000	1.927102	0.458504
5.103007	1.388451	1.769119	1.852564	0.250000	1.927102	0.458504
5.113301	1.388451	1.769119	1.852564	0.250000	1.927102	0.458504
5.123031	1.388451	1.769119	1.852564	0.250000	1.927102	0.458504
5.133766	1.374118	1.787543	2.216340	0.250000	1.544562	0.485189
5.143062	1.374118	1.787543	2.216340	0.250000	1.544562	0.485189
5.153580	1.374118	1.787543	2.216340	0.250000	1.544562	0.485189
5.163234	1.374118	1.787543	2.216340	0.250000	1.544562	0.485189
5.173820	1.374118	1.787543	2.216340	0.250000	1.544562	0.485189
5.183549	1.374118	1.787543	2.216340	0.250000	1.544562	0.485189
5.193259	1.374118	1.787543	2.216340	0.250000	1.544562	0.485189
5.203052	1.374118	1.787543	2.216340	0.250000	1.544562	0.485189
5.213169	1.374118	1.787543	2.216340	0.250000	1.544562	0.485189
5.224193	1.374118	1.787543	2.216340	0.250000	1.544562	0.485189
5.233334	1.374118	1.787543	2.216340	0.250000	1.544562	0.485189
5.243078	1.374118	1.787543	2.216340	0.250000	1.544562	0.485189
5.253021	1.374118	1.787543	2.216340	0.250000	1.544562	0.485189
5.263616	1.364336	1.816262	2.298790	0.250000	1.442345	0.491854
5.274231	1.364336	1.816262	2.298790	0.250000	1.442345	0.491854
5.283289	1.364336	1.816262	2.298790	0.250000	1.442345	0.491854
5.293845	1.364336	1.816262	2.298790	0.250000	1.442345	0.491854
5.303079	1.364336	1.816262	2.298790	0.250000	1.442345	0.491854
5.313587	1.364336	1.816262	2.298790	0.250000	1.442345	0.491854
5.323056	1.364336	1.816262	2.298790	0.250000	1.442345	0.491854
5.332951	1.364336	1.816262	2.298790	0.250000	1.442345	0.491854
5.342979	1.350469	1.822673	2.381829	0.250000	1.342620	0.474550
5.353335	1.350469	1.822673	2.381829	0.250000	1.342620	0.474550
5.363026	1.350469	1.822673	2.381829	0.250000	1.342620	0.474550
5.373515	1.350469	1.822673	2.381829	0.250000	1.342620	0.474550
5.382936	1.352270	1.867175	2.194806	0.250000	1.522049	0.529159
5.393755	1.352270	1.867175	2.194806	0.250000	1.522049	0.529159
5.403470	1.352270	1.867175	2.194806	0.250000	1.522049	0.529159
5.413297	1.352270	1.867175	2.194806	0.250000	1.522049	0.529159
5.423582	1.352270	1.867175	2.194806	0.250000	1.522049	0.529159
5.433925	1.352270	1.867175	2.194806	0.250000	1.522049	0.529159
5.443733	1.352270	1.867175	2.194806	0.250000	1.522049	0.529159
5.453448	1.352270	1.867175	2.194806	0.250000	1.522049	0.529159
5.463803	1.352270	1.867175	2.194806	0.250000	1.522049	0.529159
5.473563	1.352270	1.867175	2.194806	0.250000	1.522049	0.529159
5.483156	1.352270	1.867175	2.194806	0.250000	1.522049	0.529159
5.493579	1.341116	1.872146	2.269233	0.250000	1.434284	0.516905
5.503970	1.341116	1.872146	2.269233	0.250000	1.434284	0.516905
5.513420	1.341116	1.872146	2.269233	0.250000	1.434284	0.516905
5.523266	1.341116	1.872146	2.269233	0.250000	1.434284	0.516905
5.533210	1.341116	1.872146	2.269233	0.250000	1.434284	0.516905
5.543944	1.341116	1.872146	2.269233	0.250000	1.434284	0.516905
5.553749	1.341116	1.872146	2.269233	0.250000	1.434284	0.516905
5.563607	1.331684	1.891335	2.352595	0.250000	1.335750	0.510141
