t	x(t)	y(t)	theta(t)	v(t)	gamma(t)	efa
0.0005	0.2000	0.2000	0.0000	0.2500	0.9650	0.0249
0.0014	0.2000	0.2000	0.0000	0.2500	0.9650	0.0249
0.0119	0.2000	0.2000	0.0000	0.2500	0.9650	0.0249
0.0212	0.2000	0.2000	0.0000	0.2500	0.9650	0.0249
0.0310	0.2000	0.2000	0.0000	0.2500	0.9650	0.0249
0.0421	0.2100	0.2002	0.0421	0.2500	1.0472	0.0277
0.0517	0.2102	0.2002	0.0432	0.2500	1.0453	0.0276
0.0660	0.2102	0.2002	0.0432	0.2500	1.0453	0.0276
0.0711	0.2102	0.2002	0.0432	0.2500	1.0453	0.0276
0.0825	0.2102	0.2002	0.0432	0.2500	1.0453	0.0276
0.0913	0.2215	0.2010	0.0906	0.2500	1.0638	0.0277
0.1013	0.2215	0.2010	0.0906	0.2500	1.0638	0.0277
0.1111	0.2215	0.2010	0.0906	0.2500	1.0638	0.0277
0.1217	0.2215	0.2010	0.0906	0.2500	1.0638	0.0277
0.1322	0.2215	0.2010	0.0906	0.2500	1.0638	0.0277
0.1417	0.2319	0.2021	0.1349	0.2500	1.0873	0.0285
0.1516	0.2319	0.2021	0.1349	0.2500	1.0873	0.0285
0.1608	0.2319	0.2021	0.1349	0.2500	1.0873	0.0285
0.1722	0.2319	0.2021	0.1349	0.2500	1.0873	0.0285
0.1815	0.2319	0.2021	0.1349	0.2500	1.0873	0.0285
0.1922	0.2435	0.2040	0.1844	0.2500	1.1493	0.0320
0.2015	0.2435	0.2040	0.1844	0.2500	1.1493	0.0320
0.2115	0.2435	0.2040	0.1844	0.2500	1.1493	0.0320
0.2213	0.2435	0.2040	0.1844	0.2500	1.1493	0.0320
0.2312	0.2435	0.2040	0.1844	0.2500	1.1493	0.0320
0.2412	0.2545	0.2063	0.2318	0.2500	1.1638	0.0332
0.2516	0.2545	0.2063	0.2318	0.2500	1.1638	0.0332
0.2612	0.2545	0.2063	0.2318	0.2500	1.1638	0.0332
0.2712	0.2545	0.2063	0.2318	0.2500	1.1638	0.0332
0.2813	0.2545	0.2063	0.2318	0.2500	1.1638	0.0332
0.2913	0.2652	0.2091	0.2781	0.2500	1.2237	0.0379
0.3018	0.2652	0.2091	0.2781	0.2500	1.2237	0.0379
0.3115	0.2652	0.2091	0.2781	0.2500	1.2237	0.0379
0.3219	0.2652	0.2091	0.2781	0.2500	1.2237	0.0379
0.3313	0.2652	0.2091	0.2781	0.2500	1.2237	0.0379
0.3420	0.2745	0.2119	0.3192	0.2500	1.2442	0.0404
0.3521	0.2745	0.2119	0.3192	0.2500	1.2442	0.0404
0.3612	0.2745	0.2119	0.3192	0.2500	1.2442	0.0404
0.3720	0.2745	0.2119	0.3192	0.2500	1.2442	0.0404
0.3815	0.2745	0.2119	0.3192	0.2500	1.2442	0.0404
0.3912	0.2860	0.2161	0.3709	0.2500	1.2463	0.0424
0.4012	0.2860	0.2161	0.3709	0.2500	1.2463	0.0424
0.4113	0.2860	0.2161	0.3709	0.2500	1.2463	0.0424
0.4213	0.2860	0.2161	0.3709	0.2500	1.2463	0.0424
0.4312	0.2950	0.2198	0.4119	0.2500	1.2635	0.0454
0.4419	0.2950	0.2198	0.4119	0.2500	1.2635	0.0454
0.4512	0.2950	0.2198	0.4119	0.2500	1.2635	0.0454
0.4615	0.2950	0.2198	0.4119	0.2500	1.2635	0.0454
0.4712	0.2950	0.2198	0.4119	0.2500	1.2635	0.0454
0.4815	0.3059	0.2249	0.4625	0.2500	1.3022	0.0512
0.4918	0.3059	0.2249	0.4625	0.2500	1.3022	0.0512
0.5018	0.3059	0.2249	0.4625	0.2500	1.3022	0.0512
0.5112	0.3059	0.2249	0.4625	0.2500	1.3022	0.0512
0.5212	0.3145	0.2294	0.5036	0.2500	1.3141	0.0547
0.5317	0.3145	0.2294	0.5036	0.2500	1.3141	0.0547
0.5416	0.3145	0.2294	0.5036	0.2500	1.3141	0.0547
0.5512	0.3145	0.2294	0.5036	0.2500	1.3141	0.0547
0.5622	0.3230	0.2343	0.5447	0.2500	1.2730	0.0547
0.5718	0.3234	0.2345	0.5468	0.2500	1.3207	0.0583
0.5816	0.3234	0.2345	0.5468	0.2500	1.3207	0.0583
0.5912	0.3234	0.2345	0.5468	0.2500	1.3207	0.0583
0.6019	0.3234	0.2345	0.5468	0.2500	1.3207	0.0583
0.6113	0.3325	0.2403	0.5921	0.2500	1.3223	0.0617
0.6250	0.3325	0.2403	0.5921	0.2500	1.3223	0.0617
0.6314	0.3325	0.2403	0.5921	0.2500	1.3223	0.0617
0.6411	0.3325	0.2403	0.5921	0.2500	1.3223	0.0617
0.6513	0.3402	0.2458	0.6321	0.2500	1.3290	0.0656
0.6613	0.3404	0.2459	0.6332	0.2500	1.3275	0.0656
0.6724	0.3404	0.2459	0.6332	0.2500	1.3275	0.0656
0.6812	0.3404	0.2459	0.6332	0.2500	1.3275	0.0656
0.6915	0.3404	0.2459	0.6332	0.2500	1.3275	0.0656
0.7013	0.3484	0.2520	0.6753	0.2500	1.3289	0.0694
0.7114	0.3484	0.2520	0.6753	0.2500	1.3289	0.0694
0.7212	0.3484	0.2520	0.6753	0.2500	1.3289	0.0694
0.7313	0.3484	0.2520	0.6753	0.2500	1.3289	0.0694
0.7416	0.3570	0.2592	0.7227	0.2500	1.3204	0.0728
0.7515	0.3570	0.2592	0.7227	0.2500	1.3204	0.0728
0.7615	0.3570	0.2592	0.7227	0.2500	1.3204	0.0728
0.7718	0.3570	0.2592	0.7227	0.2500	1.3204	0.0728
0.7812	0.3570	0.2592	0.7227	0.2500	1.3204	0.0728
0.7911	0.3654	0.2670	0.7712	0.2500	1.3080	0.0762
0.8015	0.3654	0.2670	0.7712	0.2500	1.3080	0.0762
0.8112	0.3654	0.2670	0.7712	0.2500	1.3080	0.0762
0.8211	0.3654	0.2670	0.7712	0.2500	1.3080	0.0762
0.8313	0.3654	0.2670	0.7712	0.2500	1.3080	0.0762
0.8414	0.3726	0.2743	0.8144	0.2500	1.3241	0.0828
0.8519	0.3726	0.2743	0.8144	0.2500	1.3241	0.0828
0.8616	0.3726	0.2743	0.8144	0.2500	1.3241	0.0828
0.8714	0.3726	0.2743	0.8144	0.2500	1.3241	0.0828
0.8815	0.3790	0.2814	0.8544	0.2500	1.3159	0.0864
0.8914	0.3790	0.2814	0.8544	0.2500	1.3159	0.0864
0.9021	0.3790	0.2814	0.8544	0.2500	1.3159	0.0864
0.9111	0.3790	0.2814	0.8544	0.2500	1.3159	0.0864
0.9216	0.3857	0.2894	0.8987	0.2500	1.2991	0.0895
0.9312	0.3860	0.2898	0.9008	0.2500	1.2962	0.0894
0.9412	0.3860	0.2898	0.9008	0.2500	1.2962	0.0894
0.9513	0.3860	0.2898	0.9008	0.2500	1.2962	0.0894
0.9644	0.3860	0.2898	0.9008	0.2500	1.2962	0.0894
0.9714	0.3927	0.2986	0.9472	0.2500	1.2736	0.0921
0.9814	0.3927	0.2986	0.9472	0.2500	1.2736	0.0921
0.9923	0.3927	0.2986	0.9472	0.2500	1.2736	0.0921
1.0011	0.3927	0.2986	0.9472	0.2500	1.2736	0.0921
1.0118	0.3927	0.2986	0.9472	0.2500	1.2736	0.0921
1.0225	0.3988	0.3075	0.9925	0.2500	1.2665	0.0973
1.0312	0.3988	0.3075	0.9925	0.2500	1.2665	0.0973
1.0415	0.3988	0.3075	0.9925	0.2500	1.2665	0.0973
1.0517	0.3988	0.3075	0.9925	0.2500	1.2665	0.0973
1.0624	0.4044	0.3166	1.0378	0.2500	1.2375	0.0993
1.0717	0.4047	0.3170	1.0399	0.2500	1.2346	0.0991
1.0829	0.4047	0.3170	1.0399	0.2500	1.2346	0.0991
1.0912	0.4047	0.3170	1.0399	0.2500	1.2346	0.0991
1.1014	0.4047	0.3170	1.0399	0.2500	1.2346	0.0991
1.1114	0.4102	0.3269	1.0873	0.2500	1.2131	0.1030
1.1212	0.4102	0.3269	1.0873	0.2500	1.2131	0.1030
1.1315	0.4102	0.3269	1.0873	0.2500	1.2131	0.1030
1.1412	0.4102	0.3269	1.0873	0.2500	1.2131	0.1030
1.1515	0.4150	0.3367	1.1336	0.2500	1.1746	0.1039
1.1614	0.4150	0.3367	1.1336	0.2500	1.1746	0.1039
1.1716	0.4150	0.3367	1.1336	0.2500	1.1746	0.1039
1.1846	0.4150	0.3367	1.1336	0.2500	1.1746	0.1039
1.1911	0.4150	0.3367	1.1336	0.2500	1.1746	0.1039
1.2025	0.4192	0.3461	1.1768	0.2500	1.1473	0.1067
1.2118	0.4198	0.3475	1.1831	0.2500	1.1384	0.1061
1.2215	0.4198	0.3475	1.1831	0.2500	1.1384	0.1061
1.2315	0.4198	0.3475	1.1831	0.2500	1.1384	0.1061
1.2413	0.4198	0.3475	1.1831	0.2500	1.1384	0.1061
1.2518	0.4230	0.3559	1.2211	0.2500	1.1033	0.1066
1.2614	0.4230	0.3559	1.2211	0.2500	1.1033	0.1066
1.2712	0.4230	0.3559	1.2211	0.2500	1.1033	0.1066
1.2814	0.4230	0.3559	1.2211	0.2500	1.1033	0.1066
1.2918	0.4263	0.3656	1.2643	0.2500	1.0640	0.1077
1.3014	0.4263	0.3656	1.2643	0.2500	1.0640	0.1077
1.3113	0.4263	0.3656	1.2643	0.2500	1.0640	0.1077
1.3212	0.4263	0.3656	1.2643	0.2500	1.0640	0.1077
1.3312	0.4263	0.3656	1.2643	0.2500	1.0640	0.1077
1.3426	0.4294	0.3761	1.3106	0.2500	1.0129	0.1076
1.3512	0.4295	0.3764	1.3117	0.2500	1.0113	0.1074
1.3651	0.4295	0.3764	1.3117	0.2500	1.0113	0.1074
1.3715	0.4295	0.3764	1.3117	0.2500	1.0113	0.1074
1.3817	0.4295	0.3764	1.3117	0.2500	1.0113	0.1074
1.3919	0.4317	0.3854	1.3507	0.2500	0.9620	0.1058
1.4011	0.4317	0.3854	1.3507	0.2500	0.9620	0.1058
1.4116	0.4317	0.3854	1.3507	0.2500	0.9620	0.1058
1.4213	0.4317	0.3854	1.3507	0.2500	0.9620	0.1058
1.4313	0.4317	0.3854	1.3507	0.2500	0.9620	0.1058
1.4412	0.4340	0.3971	1.4012	0.2500	0.8953	0.1033
1.4525	0.4340	0.3971	1.4012	0.2500	0.8953	0.1033
1.4613	0.4340	0.3971	1.4012	0.2500	0.8953	0.1033
1.4711	0.4340	0.3971	1.4012	0.2500	0.8953	0.1033
1.4821	0.4356	0.4080	1.4476	0.2500	0.8300	0.1002
1.4922	0.4357	0.4085	1.4497	0.2500	0.8267	0.1000
1.5020	0.4357	0.4085	1.4497	0.2500	0.8267	0.1000
1.5119	0.4357	0.4085	1.4497	0.2500	0.8267	0.1000
1.5257	0.4366	0.4182	1.4908	0.2500	0.7635	0.0960
1.5312	0.4366	0.4182	1.4908	0.2500	0.7635	0.0960
1.5415	0.4366	0.4182	1.4908	0.2500	0.7635	0.0960
1.5517	0.4366	0.4182	1.4908	0.2500	0.7635	0.0960
1.5612	0.4366	0.4182	1.4908	0.2500	0.7635	0.0960
1.5718	0.4373	0.4287	1.5350	0.2500	0.6920	0.0914
1.5814	0.4373	0.4287	1.5350	0.2500	0.6920	0.0914
1.5919	0.4373	0.4287	1.5350	0.2500	0.6920	0.0914
1.6013	0.4373	0.4287	1.5350	0.2500	0.6920	0.0914
1.6112	0.4373	0.4287	1.5350	0.2500	0.6920	0.0914
1.6213	0.4374	0.4397	1.5814	0.2500	0.6118	0.0855
1.6317	0.4374	0.4397	1.5814	0.2500	0.6118	0.0855
1.6440	0.4374	0.4397	1.5814	0.2500	0.6118	0.0855
1.6513	0.4374	0.4397	1.5814	0.2500	0.6118	0.0855
1.6614	0.4370	0.4514	1.6309	0.2500	0.5197	0.0784
1.6712	0.4370	0.4514	1.6309	0.2500	0.5197	0.0784
1.6812	0.4370	0.4514	1.6309	0.2500	0.5197	0.0784
1.6917	0.4370	0.4514	1.6309	0.2500	0.5197	0.0784
1.7018	0.4370	0.4514	1.6309	0.2500	0.5197	0.0784
1.7120	0.4361	0.4619	1.6748	0.2500	0.4339	0.0717
1.7220	0.4361	0.4619	1.6748	0.2500	0.4339	0.0717
1.7318	0.4361	0.4619	1.6748	0.2500	0.4339	0.0717
1.7416	0.4361	0.4619	1.6748	0.2500	0.4339	0.0717
1.7513	0.4361	0.4619	1.6748	0.2500	0.4339	0.0717
1.7620	0.4349	0.4723	1.7111	0.2500	0.3580	0.0655
1.7712	0.4349	0.4723	1.7111	0.2500	0.3580	0.0655
1.7815	0.4349	0.4723	1.7111	0.2500	0.3580	0.0655
1.7913	0.4349	0.4723	1.7111	0.2500	0.3580	0.0655
1.8020	0.4332	0.4829	1.7416	0.2500	0.2846	0.0592
1.8116	0.4332	0.4829	1.7416	0.2500	0.2846	0.0592
1.8213	0.4332	0.4829	1.7416	0.2500	0.2846	0.0592
1.8313	0.4332	0.4829	1.7416	0.2500	0.2846	0.0592
1.8420	0.4332	0.4829	1.7416	0.2500	0.2846	0.0592
1.8515	0.4312	0.4940	1.7658	0.2500	0.2255	0.0542
1.8616	0.4312	0.4940	1.7658	0.2500	0.2255	0.0542
1.8713	0.4312	0.4940	1.7658	0.2500	0.2255	0.0542
1.8813	0.4312	0.4940	1.7658	0.2500	0.2255	0.0542
1.8919	0.4291	0.5038	1.7831	0.2500	0.1782	0.0500
1.9018	0.4291	0.5038	1.7831	0.2500	0.1782	0.0500
1.9116	0.4291	0.5038	1.7831	0.2500	0.1782	0.0500
1.9216	0.4291	0.5038	1.7831	0.2500	0.1782	0.0500
1.9319	0.4291	0.5038	1.7831	0.2500	0.1782	0.0500
1.9416	0.4270	0.5133	1.7960	0.2500	0.1384	0.0463
1.9515	0.4270	0.5133	1.7960	0.2500	0.1384	0.0463
1.9613	0.4270	0.5133	1.7960	0.2500	0.1384	0.0463
1.9714	0.4270	0.5133	1.7960	0.2500	0.1384	0.0463
1.9814	0.4244	0.5243	1.8081	0.2500	0.0917	0.0417
1.9914	0.4244	0.5243	1.8081	0.2500	0.0917	0.0417
2.0012	0.4244	0.5243	1.8081	0.2500	0.0917	0.0417
2.0123	0.4244	0.5243	1.8081	0.2500	0.0917	0.0417
2.0220	0.4222	0.5335	1.8148	0.2500	0.0624	0.0387
2.0314	0.4222	0.5335	1.8148	0.2500	0.0624	0.0387
2.0413	0.4222	0.5335	1.8148	0.2500	0.0624	0.0387
2.0516	0.4222	0.5335	1.8148	0.2500	0.0624	0.0387
2.0618	0.4222	0.5335	1.8148	0.2500	0.0624	0.0387
2.0715	0.4195	0.5441	1.8199	0.2500	0.0282	0.0349
2.0814	0.4195	0.5441	1.8199	0.2500	0.0282	0.0349
2.0919	0.4195	0.5441	1.8199	0.2500	0.0282	0.0349
2.1021	0.4195	0.5441	1.8199	0.2500	0.0282	0.0349
2.1114	0.4168	0.5548	1.8226	0.2500	0.0065	0.0324
2.1212	0.4168	0.5548	1.8226	0.2500	0.0065	0.0324
2.1319	0.4168	0.5548	1.8226	0.2500	0.0065	0.0324
2.1416	0.4168	0.5548	1.8226	0.2500	0.0065	0.0324
2.1516	0.4168	0.5548	1.8226	0.2500	0.0065	0.0324
2.1612	0.4140	0.5655	1.8232	0.2500	-0.0111	0.0302
2.1716	0.4140	0.5655	1.8232	0.2500	-0.0111	0.0302
2.1816	0.4140	0.5655	1.8232	0.2500	-0.0111	0.0302
2.1915	0.4140	0.5655	1.8232	0.2500	-0.0111	0.0302
2.2013	0.4140	0.5655	1.8232	0.2500	-0.0111	0.0302
2.2111	0.4110	0.5773	1.8224	0.2500	-0.0335	0.0272
2.2216	0.4110	0.5773	1.8224	0.2500	-0.0335	0.0272
2.2314	0.4110	0.5773	1.8224	0.2500	-0.0335	0.0272
2.2412	0.4110	0.5773	1.8224	0.2500	-0.0335	0.0272
2.2512	0.4110	0.5773	1.8224	0.2500	-0.0335	0.0272
2.2617	0.4083	0.5877	1.8199	0.2500	-0.0523	0.0244
2.2716	0.4083	0.5877	1.8199	0.2500	-0.0523	0.0244
2.2812	0.4083	0.5877	1.8199	0.2500	-0.0523	0.0244
2.2920	0.4083	0.5877	1.8199	0.2500	-0.0523	0.0244
2.3020	0.4057	0.5979	1.8162	0.2500	-0.0601	0.0229
2.3125	0.4057	0.5982	1.8161	0.2500	-0.0599	0.0229
2.3224	0.4057	0.5982	1.8161	0.2500	-0.0599	0.0229
2.3319	0.4057	0.5982	1.8161	0.2500	-0.0599	0.0229
2.3438	0.4057	0.5982	1.8161	0.2500	-0.0599	0.0229
2.3519	0.4031	0.6083	1.8115	0.2500	-0.0731	0.0206
2.3613	0.4031	0.6083	1.8115	0.2500	-0.0731	0.0206
2.3715	0.4031	0.6083	1.8115	0.2500	-0.0731	0.0206
2.3816	0.4031	0.6083	1.8115	0.2500	-0.0731	0.0206
2.3913	0.4031	0.6083	1.8115	0.2500	-0.0731	0.0206
2.4013	0.4005	0.6193	1.8056	0.2500	-0.0756	0.0194
2.4112	0.4005	0.6193	1.8056	0.2500	-0.0756	0.0194
2.4210	0.4005	0.6193	1.8056	0.2500	-0.0756	0.0194
2.4314	0.4005	0.6193	1.8056	0.2500	-0.0756	0.0194
2.4414	0.3980	0.6300	1.7996	0.2500	-0.0843	0.0174
2.4512	0.3980	0.6300	1.7996	0.2500	-0.0843	0.0174
2.4634	0.3980	0.6300	1.7996	0.2500	-0.0843	0.0174
2.4712	0.3980	0.6300	1.7996	0.2500	-0.0843	0.0174
2.4820	0.3955	0.6405	1.7930	0.2500	-0.0841	0.0165
2.4918	0.3955	0.6407	1.7929	0.2500	-0.0838	0.0165
2.5011	0.3955	0.6407	1.7929	0.2500	-0.0838	0.0165
2.5125	0.3955	0.6407	1.7929	0.2500	-0.0838	0.0165
2.5217	0.3955	0.6407	1.7929	0.2500	-0.0838	0.0165
2.5313	0.3931	0.6514	1.7861	0.2500	-0.0892	0.0148
2.5412	0.3931	0.6514	1.7861	0.2500	-0.0892	0.0148
2.5512	0.3931	0.6514	1.7861	0.2500	-0.0892	0.0148
2.5621	0.3931	0.6514	1.7861	0.2500	-0.0892	0.0148
2.5714	0.3910	0.6612	1.7797	0.2500	-0.0880	0.0139
2.5814	0.3910	0.6612	1.7797	0.2500	-0.0880	0.0139
2.5922	0.3910	0.6612	1.7797	0.2500	-0.0880	0.0139
2.6014	0.3910	0.6612	1.7797	0.2500	-0.0880	0.0139
2.6112	0.3910	0.6612	1.7797	0.2500	-0.0880	0.0139
2.6211	0.3887	0.6722	1.7724	0.2500	-0.0903	0.0124
2.6313	0.3887	0.6722	1.7724	0.2500	-0.0903	0.0124
2.6420	0.3887	0.6722	1.7724	0.2500	-0.0903	0.0124
2.6512	0.3887	0.6722	1.7724	0.2500	-0.0903	0.0124
2.6613	0.3887	0.6722	1.7724	0.2500	-0.0903	0.0124
2.6714	0.3864	0.6838	1.7647	0.2500	-0.0903	0.0111
2.6814	0.3864	0.6838	1.7647	0.2500	-0.0903	0.0111
2.6919	0.3864	0.6838	1.7647	0.2500	-0.0903	0.0111
2.7012	0.3864	0.6838	1.7647	0.2500	-0.0903	0.0111
2.7115	0.3844	0.6943	1.7576	0.2500	-0.0855	0.0106
2.7245	0.3843	0.6946	1.7574	0.2500	-0.0851	0.0107
2.7312	0.3843	0.6946	1.7574	0.2500	-0.0851	0.0107
2.7416	0.3843	0.6946	1.7574	0.2500	-0.0851	0.0107
2.7512	0.3843	0.6946	1.7574	0.2500	-0.0851	0.0107
2.7613	0.3823	0.7056	1.7504	0.2500	-0.0845	0.0095
2.7711	0.3823	0.7056	1.7504	0.2500	-0.0845	0.0095
2.7815	0.3823	0.7056	1.7504	0.2500	-0.0845	0.0095
2.7916	0.3823	0.7056	1.7504	0.2500	-0.0845	0.0095
2.8012	0.3804	0.7162	1.7437	0.2500	-0.0792	0.0090
2.8110	0.3804	0.7162	1.7437	0.2500	-0.0792	0.0090
2.8211	0.3804	0.7162	1.7437	0.2500	-0.0792	0.0090
2.8323	0.3804	0.7162	1.7437	0.2500	-0.0792	0.0090
2.8417	0.3786	0.7268	1.7375	0.2500	-0.0779	0.0080
2.8513	0.3785	0.7270	1.7373	0.2500	-0.0776	0.0080
2.8620	0.3785	0.7270	1.7373	0.2500	-0.0776	0.0080
2.8708	0.3785	0.7270	1.7373	0.2500	-0.0776	0.0080
2.8813	0.3785	0.7270	1.7373	0.2500	-0.0776	0.0080
2.8918	0.3770	0.7362	1.7321	0.2500	-0.0738	0.0075
2.9025	0.3770	0.7362	1.7321	0.2500	-0.0738	0.0075
2.9112	0.3770	0.7362	1.7321	0.2500	-0.0738	0.0075
2.9215	0.3770	0.7362	1.7321	0.2500	-0.0738	0.0075
2.9313	0.3753	0.7470	1.7261	0.2500	-0.0679	0.0072
2.9415	0.3753	0.7470	1.7261	0.2500	-0.0679	0.0072
2.9513	0.3753	0.7470	1.7261	0.2500	-0.0679	0.0072
2.9617	0.3753	0.7470	1.7261	0.2500	-0.0679	0.0072
2.9715	0.3753	0.7470	1.7261	0.2500	-0.0679	0.0072
2.9816	0.3736	0.7579	1.7206	0.2500	-0.0653	0.0063
2.9912	0.3736	0.7579	1.7206	0.2500	-0.0653	0.0063
3.0027	0.3736	0.7579	1.7206	0.2500	-0.0653	0.0063
3.0114	0.3736	0.7579	1.7206	0.2500	-0.0653	0.0063
3.0216	0.3720	0.7688	1.7153	0.2500	-0.0598	0.0060
3.0312	0.3720	0.7688	1.7153	0.2500	-0.0598	0.0060
3.0412	0.3720	0.7688	1.7153	0.2500	-0.0598	0.0060
3.0511	0.3720	0.7688	1.7153	0.2500	-0.0598	0.0060
3.0618	0.3705	0.7789	1.7108	0.2500	-0.0568	0.0057
3.0717	0.3704	0.7802	1.7102	0.2500	-0.0593	0.0053
3.0812	0.3704	0.7802	1.7102	0.2500	-0.0593	0.0053
3.0915	0.3704	0.7802	1.7102	0.2500	-0.0593	0.0053
3.1011	0.3704	0.7802	1.7102	0.2500	-0.0593	0.0053
3.1118	0.3690	0.7901	1.7059	0.2500	-0.0582	0.0050
3.1213	0.3690	0.7901	1.7059	0.2500	-0.0582	0.0050
3.1328	0.3690	0.7901	1.7059	0.2500	-0.0582	0.0050
3.1411	0.3690	0.7901	1.7059	0.2500	-0.0582	0.0050
3.1526	0.3679	0.7985	1.7023	0.2500	-0.0596	0.0046
3.1631	0.3678	0.7990	1.7021	0.2500	-0.0591	0.0046
3.1712	0.3678	0.7990	1.7021	0.2500	-0.0591	0.0046
3.1818	0.3678	0.7990	1.7021	0.2500	-0.0591	0.0046
3.1912	0.3678	0.7990	1.7021	0.2500	-0.0591	0.0046
3.2016	0.3664	0.8097	1.6974	0.2500	-0.0595	0.0044
3.2113	0.3664	0.8101	1.6972	0.2500	-0.0590	0.0044
3.2214	0.3664	0.8101	1.6972	0.2500	-0.0590	0.0044
3.2310	0.3664	0.8101	1.6972	0.2500	-0.0590	0.0044
3.2412	0.3664	0.8101	1.6972	0.2500	-0.0590	0.0044
3.2519	0.3649	0.8216	1.6923	0.2500	-0.0661	0.0038
3.2625	0.3649	0.8216	1.6923	0.2500	-0.0661	0.0038
3.2715	0.3649	0.8216	1.6923	0.2500	-0.0661	0.0038
3.2817	0.3649	0.8216	1.6923	0.2500	-0.0661	0.0038
3.2915	0.3649	0.8216	1.6923	0.2500	-0.0661	0.0038
3.3013	0.3637	0.8315	1.6875	0.2500	-0.0693	0.0036
3.3113	0.3637	0.8315	1.6875	0.2500	-0.0693	0.0036
3.3221	0.3637	0.8315	1.6875	0.2500	-0.0693	0.0036
3.3313	0.3637	0.8315	1.6875	0.2500	-0.0693	0.0036
3.3416	0.3625	0.8427	1.6818	0.2500	-0.0721	0.0034
3.3513	0.3625	0.8427	1.6818	0.2500	-0.0721	0.0034
3.3613	0.3625	0.8427	1.6818	0.2500	-0.0721	0.0034
3.3709	0.3625	0.8427	1.6818	0.2500	-0.0721	0.0034
3.3823	0.3613	0.8536	1.6760	0.2500	-0.0663	0.0034
3.3913	0.3613	0.8539	1.6759	0.2500	-0.0845	0.0028
3.4014	0.3613	0.8539	1.6759	0.2500	-0.0845	0.0028
3.4119	0.3613	0.8539	1.6759	0.2500	-0.0845	0.0028
3.4211	0.3613	0.8539	1.6759	0.2500	-0.0845	0.0028
3.4312	0.3603	0.8628	1.6706	0.2500	-0.0920	0.0025
3.4412	0.3603	0.8628	1.6706	0.2500	-0.0920	0.0025
3.4514	0.3603	0.8628	1.6706	0.2500	-0.0920	0.0025
3.4612	0.3603	0.8628	1.6706	0.2500	-0.0920	0.0025
3.4712	0.3593	0.8730	1.6638	0.2500	-0.0980	0.0024
3.4812	0.3593	0.8730	1.6638	0.2500	-0.0980	0.0024
3.4914	0.3593	0.8730	1.6638	0.2500	-0.0980	0.0024
3.5015	0.3593	0.8730	1.6638	0.2500	-0.0980	0.0024
3.5156	0.3583	0.8842	1.6558	0.2500	-0.1031	0.0024
3.5219	0.3583	0.8847	1.6554	0.2500	-0.1023	0.0025
3.5327	0.3583	0.8847	1.6554	0.2500	-0.1023	0.0025
3.5456	0.3583	0.8847	1.6554	0.2500	-0.1023	0.0025
3.5511	0.3583	0.8847	1.6554	0.2500	-0.1023	0.0025
3.5616	0.3575	0.8942	1.6483	0.2500	-0.1117	0.0022
3.5713	0.3575	0.8942	1.6483	0.2500	-0.1239	0.0017
3.5817	0.3575	0.8942	1.6483	0.2500	-0.1239	0.0017
3.5912	0.3575	0.8942	1.6483	0.2500	-0.1239	0.0017
3.6078	0.3575	0.8942	1.6483	0.2500	-0.1239	0.0017
3.6116	0.3568	0.9044	1.6392	0.2500	-0.1317	0.0017
3.6211	0.3568	0.9044	1.6392	0.2500	-0.1317	0.0017
3.6323	0.3568	0.9044	1.6392	0.2500	-0.1317	0.0017
3.6468	0.3568	0.9044	1.6392	0.2500	-0.1317	0.0017
3.6512	0.3568	0.9044	1.6392	0.2500	-0.1317	0.0017
3.6613	0.3562	0.9136	1.6303	0.2500	-0.1419	0.0015
3.6723	0.3562	0.9136	1.6303	0.2500	-0.1419	0.0015
3.6813	0.3562	0.9136	1.6303	0.2500	-0.1419	0.0015
3.6923	0.3562	0.9136	1.6303	0.2500	-0.1419	0.0015
3.7018	0.3556	0.9246	1.6189	0.2500	-0.1495	0.0016
3.7118	0.3556	0.9246	1.6189	0.2500	-0.1492	0.0017
3.7214	0.3556	0.9246	1.6189	0.2500	-0.1492	0.0017
3.7364	0.3556	0.9246	1.6189	0.2500	-0.1492	0.0017
3.7412	0.3556	0.9246	1.6189	0.2500	-0.1492	0.0017
3.7509	0.3552	0.9344	1.6082	0.2500	-0.1778	0.0008
3.7622	0.3552	0.9344	1.6082	0.2500	-0.1778	0.0008
3.7714	0.3552	0.9344	1.6082	0.2500	-0.1778	0.0008
3.7810	0.3552	0.9344	1.6082	0.2500	-0.1778	0.0008
3.7931	0.3549	0.9449	1.5947	0.2500	-0.1865	0.0010
3.8054	0.3549	0.9449	1.5947	0.2500	-0.1865	0.0010
3.8118	0.3549	0.9449	1.5947	0.2500	-0.1865	0.0010
3.8213	0.3549	0.9449	1.5947	0.2500	-0.1865	0.0010
3.8321	0.3549	0.9449	1.5947	0.2500	-0.1865	0.0010
3.8412	0.3547	0.9534	1.5830	0.2500	-0.2016	0.0009
3.8518	0.3547	0.9534	1.5830	0.2500	-0.2016	0.0009
3.8615	0.3547	0.9534	1.5830	0.2500	-0.2016	0.0009
3.8713	0.3547	0.9534	1.5830	0.2500	-0.2016	0.0009
3.8812	0.3546	0.9636	1.5679	0.2500	-0.2121	0.0010
3.8912	0.3546	0.9636	1.5679	0.2500	-0.2121	0.0010
3.9054	0.3546	0.9636	1.5679	0.2500	-0.2121	0.0010
3.9113	0.3546	0.9636	1.5679	0.2500	-0.2121	0.0010
3.9214	0.3547	0.9731	1.5531	0.2500	-0.2253	0.0011
3.9321	0.3548	0.9736	1.5523	0.2500	-0.2463	0.0001
3.9412	0.3548	0.9736	1.5523	0.2500	-0.2463	0.0001
3.9524	0.3548	0.9736	1.5523	0.2500	-0.2463	0.0001
3.9622	0.3548	0.9736	1.5523	0.2500	-0.2463	0.0001
3.9712	0.3550	0.9841	1.5334	0.2500	-0.2528	0.0006
3.9814	0.3550	0.9841	1.5334	0.2500	-0.2528	0.0006
3.9909	0.3550	0.9841	1.5334	0.2500	-0.2528	0.0006
4.0012	0.3550	0.9841	1.5334	0.2500	-0.2528	0.0006
4.0112	0.3556	0.9951	1.5127	0.2500	-0.2803	-0.0000
4.0225	0.3556	0.9951	1.5127	0.2500	-0.2803	-0.0000
4.0312	0.3556	0.9951	1.5127	0.2500	-0.2803	-0.0000
4.0413	0.3556	0.9951	1.5127	0.2500	-0.2803	-0.0000
4.0515	0.3556	0.9951	1.5127	0.2500	-0.2803	-0.0000
4.0612	0.3563	1.0056	1.4907	0.2500	-0.2826	0.0006
4.0737	0.3563	1.0056	1.4907	0.2500	-0.2826	0.0006
4.0815	0.3563	1.0056	1.4907	0.2500	-0.2826	0.0006
4.0932	0.3563	1.0056	1.4907	0.2500	-0.2826	0.0006
4.1013	0.3570	1.0140	1.4727	0.2500	-0.2943	0.0005
4.1129	0.3570	1.0140	1.4727	0.2500	-0.2943	0.0005
4.1219	0.3570	1.0140	1.4727	0.2500	-0.2943	0.0005
4.1313	0.3570	1.0140	1.4727	0.2500	-0.2943	0.0005
4.1424	0.3582	1.0242	1.4501	0.2500	-0.3228	-0.0003
4.1569	0.3582	1.0242	1.4501	0.2500	-0.3228	-0.0003
4.1612	0.3582	1.0242	1.4501	0.2500	-0.3228	-0.0003
4.1720	0.3582	1.0242	1.4501	0.2500	-0.3228	-0.0003
4.1864	0.3582	1.0242	1.4501	0.2500	-0.3228	-0.0003
4.1912	0.3594	1.0336	1.4270	0.2500	-0.3260	0.0002
4.2012	0.3594	1.0336	1.4270	0.2500	-0.3260	0.0002
4.2123	0.3594	1.0336	1.4270	0.2500	-0.3260	0.0002
4.2240	0.3594	1.0336	1.4270	0.2500	-0.3260	0.0002
4.2313	0.3594	1.0336	1.4270	0.2500	-0.3260	0.0002
4.2449	0.3610	1.0440	1.4011	0.2500	-0.3510	-0.0004
4.2553	0.3610	1.0440	1.4011	0.2500	-0.3510	-0.0004
4.2612	0.3610	1.0440	1.4011	0.2500	-0.3510	-0.0004
4.2713	0.3610	1.0440	1.4011	0.2500	-0.3510	-0.0004
4.2818	0.3625	1.0519	1.3802	0.2500	-0.3613	-0.0004
4.2916	0.3625	1.0519	1.3802	0.2500	-0.3613	-0.0004
4.3019	0.3625	1.0519	1.3802	0.2500	-0.3613	-0.0004
4.3117	0.3625	1.0519	1.3802	0.2500	-0.3613	-0.0004
4.3213	0.3625	1.0519	1.3802	0.2500	-0.3613	-0.0004
4.3323	0.3647	1.0626	1.3499	0.2500	-0.3807	-0.0007
4.3411	0.3647	1.0626	1.3499	0.2500	-0.3807	-0.0007
4.3525	0.3647	1.0626	1.3499	0.2500	-0.3807	-0.0007
4.3613	0.3647	1.0626	1.3499	0.2500	-0.3807	-0.0007
4.3716	0.3647	1.0626	1.3499	0.2500	-0.3807	-0.0007
4.3818	0.3667	1.0709	1.3253	0.2500	-0.3854	-0.0004
4.3913	0.3667	1.0709	1.3253	0.2500	-0.3854	-0.0004
4.4055	0.3667	1.0709	1.3253	0.2500	-0.3854	-0.0004
4.4121	0.3667	1.0709	1.3253	0.2500	-0.3854	-0.0004
4.4211	0.3692	1.0803	1.2965	0.2500	-0.4116	-0.0011
4.4336	0.3692	1.0803	1.2965	0.2500	-0.4116	-0.0011
4.4421	0.3692	1.0803	1.2965	0.2500	-0.4116	-0.0011
4.4512	0.3692	1.0803	1.2965	0.2500	-0.4116	-0.0011
4.4615	0.3692	1.0803	1.2965	0.2500	-0.4116	-0.0011
4.4752	0.3725	1.0913	1.2600	0.2500	-0.4239	-0.0009
4.4814	0.3725	1.0913	1.2600	0.2500	-0.4239	-0.0009
4.4913	0.3725	1.0913	1.2600	0.2500	-0.4239	-0.0009
4.5013	0.3725	1.0913	1.2600	0.2500	-0.4239	-0.0009
4.5113	0.3752	1.0994	1.2322	0.2500	-0.4260	-0.0004
4.5212	0.3752	1.0994	1.2322	0.2500	-0.4260	-0.0004
4.5319	0.3752	1.0994	1.2322	0.2500	-0.4260	-0.0004
4.5417	0.3752	1.0994	1.2322	0.2500	-0.4260	-0.0004
4.5512	0.3752	1.0994	1.2322	0.2500	-0.4260	-0.0004
4.5618	0.3788	1.1090	1.1982	0.2500	-0.4475	-0.0008
4.5713	0.3788	1.1090	1.1982	0.2500	-0.4475	-0.0008
4.5812	0.3788	1.1090	1.1982	0.2500	-0.4475	-0.0008
4.5911	0.3788	1.1090	1.1982	0.2500	-0.4475	-0.0008
4.6018	0.3829	1.1192	1.1601	0.2500	-0.4627	-0.0007
4.6113	0.3829	1.1192	1.1601	0.2500	-0.4627	-0.0007
4.6215	0.3829	1.1192	1.1601	0.2500	-0.4627	-0.0007
4.6313	0.3829	1.1192	1.1601	0.2500	-0.4627	-0.0007
4.6426	0.3874	1.1290	1.1210	0.2500	-0.4785	-0.0007
4.6510	0.3874	1.1290	1.1210	0.2500	-0.4785	-0.0007
4.6610	0.3874	1.1290	1.1210	0.2500	-0.4785	-0.0007
4.6715	0.3874	1.1290	1.1210	0.2500	-0.4785	-0.0007
4.6814	0.3874	1.1290	1.1210	0.2500	-0.4785	-0.0007
4.6927	0.3929	1.1396	1.0756	0.2500	-0.4846	-0.0001
4.7012	0.3930	1.1399	1.0747	0.2500	-0.4816	0.0001
4.7117	0.3930	1.1399	1.0747	0.2500	-0.4816	0.0001
4.7217	0.3930	1.1399	1.0747	0.2500	-0.4816	0.0001
4.7316	0.3930	1.1399	1.0747	0.2500	-0.4816	0.0001
4.7414	0.3984	1.1494	1.0327	0.2500	-0.4964	0.0002
4.7520	0.3987	1.1499	1.0308	0.2500	-0.4924	0.0005
4.7614	0.3987	1.1499	1.0308	0.2500	-0.4924	0.0005
4.7713	0.3987	1.1499	1.0308	0.2500	-0.4924	0.0005
4.7815	0.3987	1.1499	1.0308	0.2500	-0.4924	0.0005
4.7913	0.4039	1.1581	0.9925	0.2500	-0.5177	-0.0001
4.8011	0.4039	1.1581	0.9925	0.2500	-0.5177	-0.0001
4.8109	0.4039	1.1581	0.9925	0.2500	-0.5177	-0.0001
4.8279	0.4039	1.1581	0.9925	0.2500	-0.5177	-0.0001
4.8311	0.4092	1.1660	0.9533	0.2500	-0.5435	-0.0008
4.8422	0.4092	1.1660	0.9533	0.2500	-0.5435	-0.0008
4.8511	0.4092	1.1660	0.9533	0.2500	-0.5435	-0.0008
4.8616	0.4092	1.1660	0.9533	0.2500	-0.5435	-0.0008
4.8714	0.4092	1.1660	0.9533	0.2500	-0.5435	-0.0008
4.8817	0.4150	1.1738	0.9122	0.2500	-0.5682	-0.0014
4.8918	0.4150	1.1738	0.9122	0.2500	-0.5682	-0.0014
4.9028	0.4150	1.1738	0.9122	0.2500	-0.5682	-0.0014
4.9113	0.4150	1.1738	0.9122	0.2500	-0.5682	-0.0014
4.9218	0.4224	1.1829	0.8627	0.2500	-0.5753	-0.0011
4.9314	0.4224	1.1829	0.8627	0.2500	-0.5753	-0.0011
4.9416	0.4224	1.1829	0.8627	0.2500	-0.5753	-0.0011
4.9510	0.4224	1.1829	0.8627	0.2500	-0.5753	-0.0011
4.9612	0.4224	1.1829	0.8627	0.2500	-0.5753	-0.0011
4.9715	0.4299	1.1913	0.8153	0.2500	-0.5798	-0.0012
4.9811	0.4299	1.1913	0.8153	0.2500	-0.5798	-0.0012
4.9911	0.4299	1.1913	0.8153	0.2500	-0.5798	-0.0012
5.0016	0.4299	1.1913	0.8153	0.2500	-0.5798	-0.0012
5.0120	0.4369	1.1984	0.7731	0.2500	-0.5873	-0.0021
5.0236	0.4369	1.1984	0.7731	0.2500	-0.5873	-0.0021
5.0318	0.4369	1.1984	0.7731	0.2500	-0.5873	-0.0021
5.0412	0.4369	1.1984	0.7731	0.2500	-0.5873	-0.0021
5.0511	0.4369	1.1984	0.7731	0.2500	-0.5873	-0.0021
5.0612	0.4424	1.2036	0.7415	0.2500	-0.5804	-0.0023
5.0716	0.4424	1.2036	0.7415	0.2500	-0.5804	-0.0023
5.0817	0.4424	1.2036	0.7415	0.2500	-0.5804	-0.0023
5.0914	0.4424	1.2036	0.7415	0.2500	-0.5804	-0.0023
5.1012	0.4497	1.2100	0.7004	0.2500	-0.5758	-0.0034
5.1112	0.4501	1.2104	0.6983	0.2500	-0.5714	-0.0031
5.1213	0.4501	1.2104	0.6983	0.2500	-0.5714	-0.0031
5.1312	0.4501	1.2104	0.6983	0.2500	-0.5714	-0.0031
5.1416	0.4501	1.2104	0.6983	0.2500	-0.5714	-0.0031
5.1513	0.4577	1.2165	0.6572	0.2500	-0.5575	-0.0040
5.1615	0.4577	1.2165	0.6572	0.2500	-0.5575	-0.0040
5.1713	0.4577	1.2165	0.6572	0.2500	-0.5575	-0.0040
5.1814	0.4577	1.2165	0.6572	0.2500	-0.5575	-0.0040
5.1917	0.4665	1.2230	0.6109	0.2500	-0.5228	-0.0038
5.2013	0.4665	1.2230	0.6109	0.2500	-0.5228	-0.0038
5.2117	0.4665	1.2230	0.6109	0.2500	-0.5228	-0.0038
5.2232	0.4665	1.2230	0.6109	0.2500	-0.5228	-0.0038
5.2317	0.4665	1.2230	0.6109	0.2500	-0.5228	-0.0038
5.2412	0.4757	1.2291	0.5646	0.2500	-0.4775	-0.0033
5.2514	0.4757	1.2291	0.5646	0.2500	-0.4775	-0.0033
5.2613	0.4757	1.2291	0.5646	0.2500	-0.4775	-0.0033
5.2714	0.4757	1.2291	0.5646	0.2500	-0.4775	-0.0033
5.2829	0.4860	1.2353	0.5184	0.2500	-0.4212	-0.0023
5.2935	0.4860	1.2353	0.5184	0.2500	-0.4212	-0.0023
5.3012	0.4860	1.2353	0.5184	0.2500	-0.4212	-0.0023
5.3116	0.4860	1.2353	0.5184	0.2500	-0.4212	-0.0023
5.3220	0.4860	1.2353	0.5184	0.2500	-0.4212	-0.0023
5.3316	0.4956	1.2406	0.4823	0.2500	-0.3744	-0.0021
5.3412	0.4956	1.2406	0.4823	0.2500	-0.3744	-0.0021
5.3511	0.4956	1.2406	0.4823	0.2500	-0.3744	-0.0021
5.3636	0.4956	1.2406	0.4823	0.2500	-0.3744	-0.0021
5.3801	0.5041	1.2448	0.4545	0.2500	-0.3286	-0.0012
5.3811	0.5041	1.2448	0.4545	0.2500	-0.3286	-0.0012
5.3936	0.5041	1.2448	0.4545	0.2500	-0.3286	-0.0012
5.4011	0.5041	1.2448	0.4545	0.2500	-0.3286	-0.0012
5.4112	0.5041	1.2448	0.4545	0.2500	-0.3286	-0.0012
5.4226	0.5134	1.2492	0.4289	0.2500	-0.2822	-0.0002
5.4312	0.5136	1.2493	0.4283	0.2500	-0.2825	-0.0013
5.4412	0.5136	1.2493	0.4283	0.2500	-0.2825	-0.0013
5.4511	0.5136	1.2493	0.4283	0.2500	-0.2825	-0.0013
5.4614	0.5136	1.2493	0.4283	0.2500	-0.2825	-0.0013
5.4711	0.5243	1.2541	0.4034	0.2500	-0.2292	-0.0001
5.4811	0.5255	1.2546	0.4010	0.2500	-0.2213	-0.0007
5.4912	0.5255	1.2546	0.4010	0.2500	-0.2213	-0.0007
5.5015	0.5255	1.2546	0.4010	0.2500	-0.2213	-0.0007
5.5112	0.5255	1.2546	0.4010	0.2500	-0.2213	-0.0007
5.5212	0.5359	1.2589	0.3824	0.2500	-0.1724	0.0002
5.5312	0.5359	1.2589	0.3824	0.2500	-0.1724	0.0002
5.5412	0.5359	1.2589	0.3824	0.2500	-0.1724	0.0002
5.5517	0.5359	1.2589	0.3824	0.2500	-0.1724	0.0002
5.5646	0.5454	1.2626	0.3691	0.2500	-0.1186	0.0001
5.5714	0.5454	1.2626	0.3691	0.2500	-0.1186	0.0001
5.5812	0.5454	1.2626	0.3691	0.2500	-0.1186	0.0001
5.5919	0.5454	1.2626	0.3691	0.2500	-0.1186	0.0001
5.6014	0.5454	1.2626	0.3691	0.2500	-0.1186	0.0001
5.6117	0.5559	1.2666	0.3593	0.2500	-0.0734	0.0006
5.6223	0.5559	1.2666	0.3593	0.2500	-0.0734	0.0006
5.6312	0.5559	1.2666	0.3593	0.2500	-0.0734	0.0006
5.6416	0.5559	1.2666	0.3593	0.2500	-0.0734	0.0006
5.6513	0.5559	1.2666	0.3593	0.2500	-0.0734	0.0006
5.6633	0.5646	1.2699	0.3542	0.2500	-0.0147	0.0007
5.6722	0.5646	1.2699	0.3542	0.2500	-0.0147	0.0007
5.6820	0.5646	1.2699	0.3542	0.2500	-0.0147	0.0007
5.6964	0.5646	1.2699	0.3542	0.2500	-0.0147	0.0007
5.7015	0.5730	1.2730	0.3524	0.2500	0.0247	0.0009
5.7113	0.5730	1.2730	0.3524	0.2500	0.0247	0.0009
5.7212	0.5730	1.2730	0.3524	0.2500	0.0247	0.0009
5.7314	0.5730	1.2730	0.3524	0.2500	0.0247	0.0009
5.7413	0.5730	1.2730	0.3524	0.2500	0.0247	0.0009
5.7512	0.5836	1.2769	0.3540	0.2500	0.0580	0.0010
5.7615	0.5836	1.2769	0.3540	0.2500	0.0580	0.0010
5.7715	0.5836	1.2769	0.3540	0.2500	0.0580	0.0010
5.7814	0.5836	1.2769	0.3540	0.2500	0.0580	0.0010
5.7913	0.5939	1.2807	0.3583	0.2500	0.1062	0.0013
5.8018	0.5939	1.2807	0.3583	0.2500	0.1062	0.0013
5.8112	0.5939	1.2807	0.3583	0.2500	0.1062	0.0013
5.8214	0.5939	1.2807	0.3583	0.2500	0.1062	0.0013
5.8314	0.5939	1.2807	0.3583	0.2500	0.1062	0.0013
5.8419	0.6051	1.2850	0.3675	0.2500	0.1460	0.0016
5.8517	0.6051	1.2850	0.3675	0.2500	0.1460	0.0016
5.8613	0.6051	1.2850	0.3675	0.2500	0.1460	0.0016
5.8715	0.6051	1.2850	0.3675	0.2500	0.1460	0.0016
5.8831	0.6156	1.2891	0.3792	0.2500	0.1626	0.0013
5.8913	0.6156	1.2891	0.3792	0.2500	0.1615	0.0012
5.9012	0.6156	1.2891	0.3792	0.2500	0.1615	0.0012
5.9115	0.6156	1.2891	0.3792	0.2500	0.1615	0.0012
5.9226	0.6156	1.2891	0.3792	0.2500	0.1615	0.0012
5.9315	0.6256	1.2931	0.3920	0.2500	0.1953	0.0016
5.9445	0.6256	1.2931	0.3920	0.2500	0.1953	0.0016
5.9514	0.6256	1.2931	0.3920	0.2500	0.1953	0.0016
5.9614	0.6256	1.2931	0.3920	0.2500	0.1953	0.0016
5.9721	0.6341	1.2967	0.4050	0.2500	0.2088	0.0015
5.9813	0.6341	1.2967	0.4050	0.2500	0.2088	0.0015
5.9912	0.6341	1.2967	0.4050	0.2500	0.2088	0.0015
6.0011	0.6341	1.2967	0.4050	0.2500	0.2088	0.0015
6.0114	0.6341	1.2967	0.4050	0.2500	0.2088	0.0015
6.0213	0.6442	1.3011	0.4219	0.2500	0.2141	0.0010
6.0313	0.6442	1.3011	0.4219	0.2500	0.2141	0.0010
6.0414	0.6442	1.3011	0.4219	0.2500	0.2141	0.0010
6.0514	0.6442	1.3011	0.4219	0.2500	0.2141	0.0010
6.0616	0.6546	1.3059	0.4401	0.2500	0.2371	0.0013
6.0714	0.6546	1.3059	0.4401	0.2500	0.2371	0.0013
6.0812	0.6546	1.3059	0.4401	0.2500	0.2371	0.0013
6.0912	0.6546	1.3059	0.4401	0.2500	0.2371	0.0013
6.1014	0.6546	1.3059	0.4401	0.2500	0.2371	0.0013
6.1117	0.6652	1.3110	0.4607	0.2500	0.2547	0.0016
6.1213	0.6652	1.3110	0.4607	0.2500	0.2547	0.0016
6.1323	0.6652	1.3110	0.4607	0.2500	0.2547	0.0016
6.1413	0.6652	1.3110	0.4607	0.2500	0.2547	0.0016
6.1516	0.6743	1.3157	0.4800	0.2500	0.2545	0.0011
6.1620	0.6743	1.3157	0.4800	0.2500	0.2545	0.0011
6.1717	0.6743	1.3157	0.4800	0.2500	0.2545	0.0011
6.1813	0.6743	1.3157	0.4800	0.2500	0.2545	0.0011
6.1916	0.6743	1.3157	0.4800	0.2500	0.2545	0.0011
6.2013	0.6838	1.3207	0.5005	0.2500	0.2716	0.0017
6.2115	0.6838	1.3207	0.5005	0.2500	0.2716	0.0017
6.2218	0.6838	1.3207	0.5005	0.2500	0.2716	0.0017
6.2312	0.6838	1.3207	0.5005	0.2500	0.2716	0.0017
6.2422	0.6934	1.3261	0.5227	0.2500	0.2645	0.0009
6.2514	0.6936	1.3262	0.5232	0.2500	0.2634	0.0008
6.2623	0.6936	1.3262	0.5232	0.2500	0.2634	0.0008
6.2711	0.6936	1.3262	0.5232	0.2500	0.2634	0.0008
6.2815	0.6936	1.3262	0.5232	0.2500	0.2634	0.0008
6.2913	0.7027	1.3316	0.5439	0.2500	0.2785	0.0015
6.3015	0.7027	1.3316	0.5439	0.2500	0.2785	0.0015
6.3114	0.7027	1.3316	0.5439	0.2500	0.2785	0.0015
6.3215	0.7027	1.3316	0.5439	0.2500	0.2785	0.0015
6.3320	0.7118	1.3372	0.5661	0.2500	0.2702	0.0008
6.3412	0.7118	1.3372	0.5661	0.2500	0.2702	0.0008
6.3515	0.7118	1.3372	0.5661	0.2500	0.2702	0.0008
6.3613	0.7118	1.3372	0.5661	0.2500	0.2702	0.0008
6.3714	0.7118	1.3372	0.5661	0.2500	0.2702	0.0008
6.3812	0.7208	1.3431	0.5879	0.2500	0.2625	0.0002
6.3914	0.7208	1.3431	0.5879	0.2500	0.2625	0.0002
6.4013	0.7208	1.3431	0.5879	0.2500	0.2625	0.0002
6.4114	0.7208	1.3431	0.5879	0.2500	0.2625	0.0002
6.4217	0.7208	1.3431	0.5879	0.2500	0.2625	0.0002
6.4312	0.7295	1.3490	0.6086	0.2500	0.2754	0.0009
6.4416	0.7295	1.3490	0.6086	0.2500	0.2754	0.0009
6.4524	0.7295	1.3490	0.6086	0.2500	0.2754	0.0009
6.4616	0.7295	1.3490	0.6086	0.2500	0.2754	0.0009
6.4722	0.7393	1.3560	0.6331	0.2500	0.2790	0.0011
6.4818	0.7395	1.3561	0.6336	0.2500	0.2780	0.0010
6.4913	0.7395	1.3561	0.6336	0.2500	0.2780	0.0010
6.5021	0.7395	1.3561	0.6336	0.2500	0.2780	0.0010
6.5115	0.7395	1.3561	0.6336	0.2500	0.2780	0.0010
6.5211	0.7484	1.3629	0.6571	0.2500	0.2649	0.0002
6.5314	0.7484	1.3629	0.6571	0.2500	0.2649	0.0002
6.5417	0.7484	1.3629	0.6571	0.2500	0.2649	0.0002
6.5511	0.7484	1.3629	0.6571	0.2500	0.2649	0.0002
6.5617	0.7484	1.3629	0.6571	0.2500	0.2649	0.0002
6.5717	0.7569	1.3696	0.6785	0.2500	0.2734	0.0008
6.5814	0.7569	1.3696	0.6785	0.2500	0.2734	0.0008
6.5911	0.7569	1.3696	0.6785	0.2500	0.2734	0.0008
6.6009	0.7569	1.3696	0.6785	0.2500	0.2734	0.0008
6.6117	0.7652	1.3764	0.7003	0.2500	0.2626	0.0001
6.6220	0.7652	1.3764	0.7003	0.2500	0.2626	0.0001
6.6314	0.7652	1.3764	0.7003	0.2500	0.2626	0.0001
6.6421	0.7652	1.3764	0.7003	0.2500	0.2626	0.0001
6.6512	0.7652	1.3764	0.7003	0.2500	0.2626	0.0001
6.6613	0.7741	1.3841	0.7235	0.2500	0.2657	0.0004
6.6711	0.7741	1.3841	0.7235	0.2500	0.2657	0.0004
6.6812	0.7741	1.3841	0.7235	0.2500	0.2657	0.0004
6.6913	0.7741	1.3841	0.7235	0.2500	0.2657	0.0004
6.7019	0.7830	1.3921	0.7473	0.2500	0.2666	0.0005
6.7114	0.7830	1.3921	0.7473	0.2500	0.2666	0.0005
6.7212	0.7830	1.3921	0.7473	0.2500	0.2666	0.0005
6.7315	0.7830	1.3921	0.7473	0.2500	0.2666	0.0005
6.7412	0.7830	1.3921	0.7473	0.2500	0.2666	0.0005
6.7512	0.7911	1.3998	0.7697	0.2500	0.2696	0.0008
6.7619	0.7911	1.3998	0.7697	0.2500	0.2696	0.0008
6.7720	0.7911	1.3998	0.7697	0.2500	0.2696	0.0008
6.7815	0.7911	1.3998	0.7697	0.2500	0.2696	0.0008
6.7913	0.7977	1.4063	0.7883	0.2500	0.2634	0.0004
