t	x(t)	y(t)	theta(t)	v(t)	gamma(t)	efa
0.0000	0.0000	0.0000	0.0000	0.0000	0.0000	0.0000
0.1000	0.0000	0.0000	0.0000	0.1003	-0.2243	-0.0300
0.2000	0.0100	0.0000	-0.0167	0.1355	-0.2241	-0.0300
0.3000	0.0236	-0.0002	-0.0374	0.1669	-0.2063	-0.0300
0.4000	0.0403	-0.0008	-0.0601	0.1893	-0.1840	-0.0300
0.5000	0.0591	-0.0020	-0.0822	0.2059	-0.1592	-0.0301
0.6000	0.0797	-0.0037	-0.1026	0.2182	-0.1343	-0.0302
0.7000	0.1014	-0.0059	-0.1203	0.2272	-0.1108	-0.0302
0.8000	0.1239	-0.0086	-0.1351	0.2339	-0.0893	-0.0301
0.9000	0.1471	-0.0118	-0.1471	0.2388	-0.0701	-0.0301
1.0000	0.1707	-0.0153	-0.1564	0.2425	-0.0532	-0.0299
1.1000	0.1947	-0.0191	-0.1631	0.2452	-0.0380	-0.0299
1.2000	0.2189	-0.0230	-0.1676	0.2471	-0.0250	-0.0297
1.3000	0.2432	-0.0272	-0.1700	0.2486	-0.0134	-0.0296
1.4000	0.2677	-0.0314	-0.1706	0.2497	-0.0032	-0.0294
1.5000	0.2924	-0.0356	-0.1694	0.2505	0.0063	-0.0293
1.6000	0.3170	-0.0398	-0.1667	0.2510	0.0149	-0.0291
1.7000	0.3418	-0.0440	-0.1626	0.2515	0.0227	-0.0289
1.8000	0.3666	-0.0481	-0.1569	0.2518	0.0305	-0.0287
1.9000	0.3915	-0.0520	-0.1500	0.2520	0.0379	-0.0285
2.0000	0.4164	-0.0558	-0.1417	0.2522	0.0450	-0.0282
2.1000	0.4414	-0.0593	-0.1320	0.2523	0.0526	-0.0280
2.2000	0.4664	-0.0627	-0.1209	0.2524	0.0602	-0.0277
2.3000	0.4914	-0.0657	-0.1082	0.2525	0.0686	-0.0273
2.4000	0.5165	-0.0684	-0.0940	0.2525	0.0771	-0.0270
2.5000	0.5417	-0.0708	-0.0782	0.2525	0.0858	-0.0267
2.6000	0.5668	-0.0728	-0.0605	0.2525	0.0958	-0.0263
2.7000	0.5921	-0.0743	-0.0406	0.2526	0.1073	-0.0259
2.8000	0.6173	-0.0753	-0.0183	0.2526	0.1205	-0.0253
2.9000	0.6425	-0.0758	0.0066	0.2526	0.1342	-0.0248
3.0000	0.6678	-0.0756	0.0345	0.2526	0.1500	-0.0242
3.1000	0.6930	-0.0747	0.0655	0.2526	0.1665	-0.0236
3.2000	0.7182	-0.0731	0.1004	0.2526	0.1872	-0.0228
3.3000	0.7434	-0.0706	0.1394	0.2526	0.2085	-0.0221
3.4000	0.7684	-0.0671	0.1834	0.2525	0.2345	-0.0210
3.5000	0.7932	-0.0624	0.2326	0.2525	0.2606	-0.0201
3.6000	0.8178	-0.0566	0.2874	0.2525	0.2888	-0.0189
3.7000	0.8420	-0.0495	0.3481	0.2525	0.3185	-0.0177
3.8000	0.8657	-0.0409	0.4146	0.2525	0.3460	-0.0164
3.9000	0.8888	-0.0307	0.4861	0.2525	0.3701	-0.0153
4.0000	0.9112	-0.0189	0.5603	0.2525	0.3830	-0.0144
4.1000	0.9326	-0.0055	0.6353	0.2525	0.3862	-0.0134
4.2000	0.9529	0.0095	0.7088	0.2525	0.3795	-0.0126
4.3000	0.9721	0.0260	0.7794	0.2525	0.3658	-0.0120
4.4000	0.9900	0.0437	0.8461	0.2525	0.3473	-0.0114
4.5000	1.0068	0.0626	0.9081	0.2525	0.3245	-0.0112
4.6000	1.0223	0.0825	0.9655	0.2525	0.3020	-0.0107
4.7000	1.0366	0.1033	1.0183	0.2524	0.2790	-0.0103
4.8000	1.0499	0.1248	1.0665	0.2524	0.2561	-0.0100
4.9000	1.0621	0.1469	1.1104	0.2524	0.2338	-0.0098
5.0000	1.0733	0.1695	1.1503	0.2524	0.2134	-0.0095
5.1000	1.0836	0.1925	1.1865	0.2524	0.1938	-0.0093
5.2000	1.0931	0.2159	1.2191	0.2524	0.1753	-0.0091
5.3000	1.1018	0.2396	1.2486	0.2524	0.1586	-0.0090
5.4000	1.1098	0.2635	1.2752	0.2524	0.1434	-0.0087
5.5000	1.1171	0.2877	1.2991	0.2524	0.1291	-0.0086
5.6000	1.1239	0.3120	1.3206	0.2524	0.1162	-0.0085
5.7000	1.1301	0.3365	1.3399	0.2524	0.1041	-0.0084
5.8000	1.1359	0.3610	1.3572	0.2524	0.0935	-0.0082
5.9000	1.1413	0.3857	1.3726	0.2523	0.0835	-0.0081
6.0000	1.1462	0.4104	1.3863	0.2523	0.0744	-0.0080
6.1000	1.1509	0.4352	1.3984	0.2523	0.0658	-0.0080
6.2000	1.1552	0.4601	1.4092	0.2523	0.0581	-0.0079
6.3000	1.1592	0.4850	1.4186	0.2523	0.0510	-0.0078
6.4000	1.1631	0.5099	1.4267	0.2523	0.0442	-0.0078
6.5000	1.1667	0.5349	1.4337	0.2523	0.0379	-0.0078
6.6000	1.1701	0.5599	1.4396	0.2523	0.0320	-0.0078
6.7000	1.1734	0.5849	1.4445	0.2523	0.0265	-0.0077
6.8000	1.1766	0.6099	1.4484	0.2523	0.0212	-0.0077
6.9000	1.1797	0.6350	1.4513	0.2523	0.0161	-0.0077
7.0000	1.1827	0.6600	1.4534	0.2523	0.0112	-0.0077
7.1000	1.1857	0.6851	1.4546	0.2523	0.0065	-0.0077
7.2000	1.1886	0.7101	1.4549	0.2522	0.0018	-0.0078
7.3000	1.1915	0.7352	1.4544	0.2522	-0.0030	-0.0078
7.4000	1.1944	0.7602	1.4530	0.2522	-0.0075	-0.0078
7.5000	1.1974	0.7853	1.4508	0.2522	-0.0120	-0.0079
7.6000	1.2004	0.8103	1.4477	0.2522	-0.0168	-0.0080
7.7000	1.2035	0.8354	1.4438	0.2522	-0.0213	-0.0080
7.8000	1.2067	0.8604	1.4389	0.2522	-0.0264	-0.0081
7.9000	1.2100	0.8854	1.4331	0.2522	-0.0315	-0.0082
8.0000	1.2135	0.9104	1.4263	0.2522	-0.0368	-0.0084
8.1000	1.2171	0.9353	1.4186	0.2522	-0.0422	-0.0085
8.2000	1.2209	0.9602	1.4096	0.2522	-0.0485	-0.0087
8.3000	1.2250	0.9851	1.3995	0.2522	-0.0550	-0.0088
8.4000	1.2293	1.0100	1.3881	0.2522	-0.0617	-0.0090
8.5000	1.2339	1.0348	1.3754	0.2522	-0.0688	-0.0092
8.6000	1.2388	1.0595	1.3614	0.2521	-0.0762	-0.0094
8.7000	1.2440	1.0842	1.3457	0.2521	-0.0850	-0.0097
8.8000	1.2496	1.1088	1.3281	0.2521	-0.0954	-0.0100
8.9000	1.2557	1.1332	1.3087	0.2521	-0.1049	-0.0103
9.0000	1.2622	1.1576	1.2872	0.2521	-0.1164	-0.0106
9.1000	1.2693	1.1818	1.2632	0.2521	-0.1298	-0.0111
9.2000	1.2769	1.2058	1.2366	0.2521	-0.1437	-0.0115
9.3000	1.2852	1.2296	1.2072	0.2521	-0.1583	-0.0119
9.4000	1.2941	1.2532	1.1746	0.2521	-0.1754	-0.0124
9.5000	1.3039	1.2764	1.1386	0.2521	-0.1930	-0.0129
9.6000	1.3144	1.2993	1.0988	0.2521	-0.2131	-0.0136
9.7000	1.3259	1.3218	1.0551	0.2521	-0.2334	-0.0142
9.8000	1.3383	1.3437	1.0073	0.2521	-0.2537	-0.0148
9.9000	1.3518	1.3650	0.9552	0.2521	-0.2760	-0.0157
10.0000	1.3663	1.3856	0.8994	0.2520	-0.2946	-0.0162
10.1000	1.3820	1.4053	0.8396	0.2520	-0.3144	-0.0171
10.2000	1.3989	1.4241	0.7767	0.2520	-0.3292	-0.0177
10.3000	1.4168	1.4418	0.7114	0.2520	-0.3413	-0.0185
10.4000	1.4359	1.4582	0.6449	0.2520	-0.3468	-0.0193
10.5000	1.4561	1.4734	0.5792	0.2520	-0.3432	-0.0199
10.6000	1.4772	1.4872	0.5151	0.2520	-0.3353	-0.0206
10.7000	1.4991	1.4996	0.4536	0.2520	-0.3226	-0.0211
10.8000	1.5217	1.5106	0.3949	0.2520	-0.3086	-0.0218
10.9000	1.5450	1.5203	0.3392	0.2520	-0.2940	-0.0225
11.0000	1.5688	1.5287	0.2871	0.2520	-0.2762	-0.0228
11.1000	1.5929	1.5358	0.2380	0.2520	-0.2611	-0.0234
11.2000	1.6174	1.5418	0.1919	0.2520	-0.2454	-0.0238
11.3000	1.6421	1.5466	0.1487	0.2520	-0.2309	-0.0242
11.4000	1.6671	1.5503	0.1080	0.2520	-0.2177	-0.0247
11.5000	1.6921	1.5530	0.0698	0.2519	-0.2045	-0.0249
11.6000	1.7172	1.5548	0.0340	0.2519	-0.1928	-0.0252
11.7000	1.7424	1.5556	-0.0002	0.2519	-0.1834	-0.0257
11.8000	1.7676	1.5556	-0.0325	0.2519	-0.1740	-0.0259
11.9000	1.7928	1.5548	-0.0633	0.2519	-0.1658	-0.0262
12.0000	1.8179	1.5532	-0.0927	0.2519	-0.1586	-0.0264
12.1000	1.8430	1.5509	-0.1209	0.2519	-0.1525	-0.0266
12.2000	1.8680	1.5478	-0.1482	0.2519	-0.1474	-0.0269
12.3000	1.8929	1.5441	-0.1749	0.2519	-0.1442	-0.0272
12.4000	1.9177	1.5397	-0.2010	0.2519	-0.1407	-0.0274
12.5000	1.9424	1.5347	-0.2267	0.2519	-0.1391	-0.0276
12.6000	1.9670	1.5291	-0.2522	0.2519	-0.1379	-0.0279
12.7000	1.9914	1.5228	-0.2778	0.2519	-0.1380	-0.0283
12.8000	2.0156	1.5159	-0.3031	0.2519	-0.1371	-0.0284
12.9000	2.0396	1.5083	-0.3286	0.2519	-0.1375	-0.0288
13.0000	2.0635	1.5002	-0.3539	0.2518	-0.1367	-0.0289
13.1000	2.0871	1.4915	-0.3792	0.2518	-0.1371	-0.0292
13.2000	2.1105	1.4822	-0.4046	0.2518	-0.1372	-0.0294
13.3000	2.1336	1.4723	-0.4302	0.2518	-0.1382	-0.0298
13.4000	2.1565	1.4617	-0.4557	0.2518	-0.1378	-0.0300
13.5000	2.1791	1.4507	-0.4811	0.2518	-0.1373	-0.0302
13.6000	2.2015	1.4390	-0.5065	0.2518	-0.1376	-0.0306
13.7000	2.2235	1.4268	-0.5318	0.2518	-0.1365	-0.0307
13.8000	2.2452	1.4140	-0.5570	0.2518	-0.1362	-0.0310
13.9000	2.2665	1.4007	-0.5819	0.2518	-0.1347	-0.0312
14.0000	2.2876	1.3869	-0.6066	0.2518	-0.1340	-0.0315
14.1000	2.3083	1.3725	-0.6310	0.2518	-0.1320	-0.0317
14.2000	2.3286	1.3577	-0.6552	0.2518	-0.1309	-0.0319
14.3000	2.3486	1.3423	-0.6792	0.2518	-0.1294	-0.0322
14.4000	2.3682	1.3265	-0.7026	0.2518	-0.1269	-0.0324
14.5000	2.3874	1.3102	-0.7257	0.2518	-0.1252	-0.0326
14.6000	2.4062	1.2935	-0.7483	0.2518	-0.1224	-0.0328
14.7000	2.4246	1.2764	-0.7704	0.2517	-0.1196	-0.0329
14.8000	2.4427	1.2589	-0.7921	0.2517	-0.1176	-0.0332
14.9000	2.4604	1.2410	-0.8133	0.2517	-0.1146	-0.0334
15.0000	2.4777	1.2227	-0.8339	0.2517	-0.1117	-0.0335
15.1000	2.4946	1.2040	-0.8540	0.2517	-0.1088	-0.0337
15.2000	2.5111	1.1850	-0.8735	0.2517	-0.1058	-0.0338
15.3000	2.5273	1.1658	-0.8925	0.2517	-0.1029	-0.0340
15.4000	2.5431	1.1462	-0.9109	0.2517	-0.1000	-0.0342
15.5000	2.5585	1.1263	-0.9287	0.2517	-0.0965	-0.0342
15.6000	2.5736	1.1061	-0.9460	0.2517	-0.0938	-0.0344
15.7000	2.5883	1.0857	-0.9626	0.2517	-0.0904	-0.0345
15.8000	2.6027	1.0650	-0.9787	0.2517	-0.0872	-0.0345
15.9000	2.6168	1.0442	-0.9943	0.2517	-0.0847	-0.0347
16.0000	2.6305	1.0231	-1.0093	0.2517	-0.0817	-0.0348
16.1000	2.6439	1.0018	-1.0238	0.2517	-0.0787	-0.0349
16.2000	2.6570	0.9803	-1.0378	0.2517	-0.0759	-0.0350
16.3000	2.6698	0.9586	-1.0512	0.2517	-0.0731	-0.0351
16.4000	2.6823	0.9367	-1.0641	0.2516	-0.0700	-0.0351
16.5000	2.6945	0.9147	-1.0765	0.2516	-0.0675	-0.0352
16.6000	2.7064	0.8926	-1.0884	0.2516	-0.0646	-0.0352
16.7000	2.7181	0.8703	-1.0999	0.2516	-0.0623	-0.0353
16.8000	2.7295	0.8479	-1.1108	0.2516	-0.0597	-0.0353
16.9000	2.7407	0.8253	-1.1213	0.2516	-0.0571	-0.0353
17.0000	2.7516	0.8027	-1.1315	0.2516	-0.0551	-0.0354
17.1000	2.7623	0.7799	-1.1412	0.2516	-0.0527	-0.0355
17.2000	2.7728	0.7570	-1.1504	0.2516	-0.0504	-0.0355
17.3000	2.7830	0.7340	-1.1593	0.2516	-0.0482	-0.0355
17.4000	2.7931	0.7110	-1.1677	0.2516	-0.0458	-0.0355
17.5000	2.8030	0.6878	-1.1757	0.2516	-0.0438	-0.0355
17.6000	2.8127	0.6646	-1.1834	0.2516	-0.0419	-0.0355
17.7000	2.8222	0.6413	-1.1908	0.2516	-0.0400	-0.0355
17.8000	2.8315	0.6180	-1.1978	0.2516	-0.0379	-0.0355
17.9000	2.8407	0.5945	-1.2044	0.2516	-0.0362	-0.0355
18.0000	2.8497	0.5711	-1.2107	0.2516	-0.0343	-0.0355
18.1000	2.8585	0.5475	-1.2167	0.2516	-0.0326	-0.0355
18.2000	2.8673	0.5239	-1.2224	0.2516	-0.0308	-0.0355
18.3000	2.8759	0.5003	-1.2277	0.2515	-0.0291	-0.0355
18.4000	2.8843	0.4766	-1.2328	0.2515	-0.0276	-0.0355
18.5000	2.8927	0.4528	-1.2375	0.2515	-0.0259	-0.0354
18.6000	2.9009	0.4291	-1.2420	0.2515	-0.0243	-0.0354
18.7000	2.9090	0.4053	-1.2462	0.2515	-0.0228	-0.0353
18.8000	2.9170	0.3814	-1.2501	0.2515	-0.0213	-0.0353
18.9000	2.9250	0.3576	-1.2537	0.2515	-0.0198	-0.0353
19.0000	2.9328	0.3337	-1.2571	0.2515	-0.0184	-0.0352
19.1000	2.9406	0.3097	-1.2602	0.2515	-0.0170	-0.0352
19.2000	2.9482	0.2858	-1.2631	0.2515	-0.0156	-0.0351
19.3000	2.9559	0.2618	-1.2657	0.2515	-0.0142	-0.0351
19.4000	2.9634	0.2378	-1.2680	0.2515	-0.0129	-0.0350
19.5000	2.9709	0.2138	-1.2702	0.2515	-0.0115	-0.0350
19.6000	2.9784	0.1898	-1.2720	0.2515	-0.0102	-0.0349
19.7000	2.9858	0.1658	-1.2737	0.2515	-0.0089	-0.0349
19.8000	2.9931	0.1417	-1.2751	0.2515	-0.0076	-0.0348
19.9000	3.0005	0.1177	-1.2762	0.2515	-0.0063	-0.0347
